3 0.8767684288905435 0.30930669922473825 0.08116157855547279 0.2702739696027332
3 0.8581533879374534 0.6854379735885417 0.1392405063291139 0.48499162323157097
3 0.7494415487714073 0.7027054772020496 0.13328369322412503 0.5015083658184046
4 0.6530156366344007 0.7950490834829835 0.11317944899478816 0.36787290307038656
3 0.5636634400595681 0.6576598156015941 0.10573343261355184 0.504511409925102
3 0.4683544303797471 0.650152205334851 0.09977661950856298 0.5015083658184039
1 0.366344005956813 0.5855867570408653 0.10275502606105735 0.49249923349831365
1 0.2691734921816829 0.5758268636940995 0.11392405063291167 0.48799466733826735
1 0.17795979151154118 0.5503009887871753 0.11764705882352855 0.4819885791248741
1 0.10201042442293323 0.5375380513337125 0.11317944899478694 0.4804870570715253
