3 0.8771407297096054 0.3100574602514125 0.07743857036485469 0.2657694034426876
3 0.857781087118392 0.6824349294818448 0.14296351451973177 0.4849916232315712
3 0.7531645569620253 0.7064592823354212 0.1243484735666418 0.5090159760851469
3 0.564780342516754 0.6621643817616395 0.10647803425167512 0.5135205422451921
3 0.4683544303797472 0.6531552494415476 0.10126582278480978 0.5015083658184039
4 0.6526433358153387 0.7965506055363315 0.11541325390915846 0.36787290307038645
1 0.36597170513775146 0.5840852349875172 0.1005212211466866 0.4955022776050111
1 0.2665673864482509 0.5397903344137354 0.1072226358897993 0.4159216087775391
1 0.17647497146789515 0.5570136431176526 0.1131706825295853 0.48640475546573714
1 0.10154525386313429 0.5400637904168282 0.11479028697571536 0.4867008613599953
