1 0.9029057406094974 0.6128239542588995 0.12331679659815653 0.4664769924702268
3 0.8284904323175064 0.6424295528111211 0.11693834160170025 0.4759988655082197
3 0.7442661655050749 0.6753327309074711 0.13012876786160288 0.49737919213537496
3 0.5671464536934487 0.6864808852139547 0.10503858059416915 0.5025244941229847
4 0.651985307250277 0.7572287875435564 0.10461332318285665 0.35416828681363954
3 0.4663604472124103 0.6270526472570797 0.10010559462294233 0.49635013173784515
1 0.3893830510011957 0.49250171395565645 0.09776667886072132 0.4603330178245937
1 0.3017579342262622 0.4770865272229432 0.11116394166507093 0.46475084108695763
1 0.19229754759685047 0.45248617229983223 0.11340193369537266 0.44346544639595936
1 0.09487494064164137 0.4435208733820283 0.12113388662832492 0.4442450376062001
