3 0.8872364971626134 0.43801720879020023 0.10227554571855635 0.29368414554510136
3 0.8379301713179677 0.7701382911946025 0.1772170571716769 0.45972341761079494
3 0.729304481194543 0.7568911579344415 0.17270187048534003 0.486217684131117
4 0.6266168983691297 0.8209182913960525 0.1418803445734549 0.35816341720789446
3 0.5498081572840336 0.6767761676266407 0.1457806153111908 0.5328963256073647
3 0.45643808356662596 0.6374821380054341 0.13965927583205717 0.5279417543855431
1 0.3611543990821204 0.5396789127995577 0.14185509406781016 0.5200540855706961
1 0.26613395098399834 0.49754096036831236 0.15249864164107996 0.519349129129628
1 0.17828501919106854 0.4418487319700346 0.15567584018767722 0.5146720203239479
1 0.10443864813635284 0.4038499810686618 0.15114661068574198 0.5116964457951362
