3 0.4657761448053628 0.627702248364801 0.10049663786288643 0.4954063026715303
3 0.5675343421371895 0.6865562400149292 0.10529516231257352 0.5057087269167999
4 0.6524340317991544 0.7570714303497021 0.10380893588211615 0.3548948179388275
3 0.7458813761450809 0.6700531295730768 0.11948745758618062 0.509962505522664
3 0.829376805326048 0.642997968995516 0.11609527328829294 0.4764091217302344
1 0.903253938926423 0.6133172496775885 0.12374990669191632 0.46741006553558867
1 0.3889642126572011 0.49828395018715127 0.09805522128608801 0.4691721647102044
1 0.3012768373493912 0.4795028892131013 0.11035605549760519 0.47129832255632065
1 0.19190592615363722 0.4568616350991715 0.11335272128162235 0.4510297994085387
1 0.09570152741917609 0.44563951038304894 0.12217114827668019 0.44569847786378913
