3 0.8763961280714818 0.3101067878876319 0.07892777364110193 0.27487719103521746
3 0.8582912074252091 0.6843248663101584 0.14088008618546433 0.48963903743315473
3 0.7501450236181322 0.7027072192513367 0.13010690312422302 0.49966577540106916
4 0.654843788845612 0.7962901069518715 0.1118753625590454 0.365975935828877
3 0.5653434987983756 0.6592580213903745 0.10358829866578267 0.503008021390374
3 0.5682439711610177 0.9099264705882351 0.003314825557305223 0.0050133689839572115
3 0.4683848512472035 0.6500668449197863 0.10193088588712973 0.5046791443850265
1 0.363139139802768 0.5848930481283421 0.1052457114444354 0.4946524064171119
1 0.26452307947294207 0.5773729946524061 0.11519018811634951 0.4996657754010696
1 0.1837242065136318 0.5598262032085554 0.11270406894837129 0.49131016042780695
