3 0.11729376704052277 0.3657397173156418 0.09080539931640047 0.28158614973713525
3 0.14958561352857555 0.738088338426841 0.1565631612144483 0.5043409668819783
3 0.25863283757479427 0.7391751822092736 0.15122529710165894 0.5199288729398298
4 0.3581674295334597 0.8125609001513906 0.12629841277417375 0.3748781996972188
3 0.4422631579772637 0.6666805040578793 0.12385934768882173 0.5188350621473654
3 0.5370397064293184 0.6450485229862625 0.11780908945663754 0.5149561161943643
1 0.6364171135998392 0.5655188846876791 0.12045062173920917 0.5064134380880987
1 0.7329679187107043 0.5413644641204043 0.13142495897794604 0.503578673205877
1 0.8230026694343968 0.5023708625726189 0.1349186727479198 0.4981414011144278
1 0.8982802772747904 0.4783709543014434 0.13040837884760448 0.49598091672701794
