1 0.8984251162737044 0.542403468701786 0.11226889804501905 0.4826464273443344
1 0.8237506292058483 0.559254281216296 0.11690730299718266 0.4863886345133964
1 0.7314510033414445 0.5779792925599325 0.11226945619967565 0.4938702349927985
1 0.6345125539088847 0.5845461169039738 0.10021036613541445 0.4994797001394714
3 0.5343305606351745 0.6556504917937205 0.09650034916958217 0.5107027574256094
3 0.4378559330926769 0.6622172223424712 0.10763198150527287 0.5088343739045107
4 0.3441704696175435 0.7941159088606624 0.11133576574410847 0.3722787978771873
3 0.24769123729913023 0.7080862263095816 0.12804060979684273 0.5181916739376913
3 0.13961971363135192 0.6875310999234792 0.13824338901732253 0.492004852921005
3 0.12429507912989596 0.31527790816067136 0.08164669954294501 0.28248233379086135
