3 0.12323157110945646 0.30930669922473825 0.08116157855547286 0.2702739696027332
3 0.14184661206254653 0.6854379735885417 0.1392405063291139 0.48499162323157097
3 0.25055845122859266 0.7027054772020496 0.13328369322412506 0.5015083658184046
4 0.34698436336559935 0.7950490834829835 0.11317944899478821 0.36787290307038656
3 0.4363365599404318 0.6576598156015941 0.10573343261355184 0.504511409925102
3 0.5316455696202529 0.650152205334851 0.09977661950856304 0.5015083658184039
1 0.633655994043187 0.5855867570408653 0.10275502606105735 0.49249923349831365
1 0.7308265078183172 0.5758268636940995 0.11392405063291167 0.48799466733826735
1 0.8220402084884588 0.5503009887871753 0.11764705882352855 0.4819885791248741
1 0.8979895755770668 0.5375380513337125 0.11317944899478694 0.4804870570715253
