1 0.10157699443413659 0.5424840390701735 0.11224489795918369 0.4826237313107064
1 0.17625231910946126 0.5593197506275237 0.11688311688311706 0.4863650005456728
1 0.26855287569573305 0.5780260968023573 0.11224489795918369 0.4938475390156063
1 0.36549165120593846 0.5845733179635493 0.10018552875695719 0.4994594428680568
3 0.46567717996289426 0.6556574334279168 0.09647495361781089 0.5106832505729568
3 0.5621521335807053 0.6622046545891088 0.10760667903525034 0.5088126159554738
4 0.6558441558441559 0.7940843951216854 0.1113172541743972 0.37225628887918916
3 0.7523191094619668 0.708035202717451 0.1280148423005566 0.5181657890428903
3 0.8603896103896104 0.6874582219251344 0.1382189239332099 0.49197690439812375
3 0.8756957328385899 0.3152019330459453 0.08163265306122447 0.28246582723998626
