1 0.09323983945428196 0.506220761935736 0.15234874663803094 0.4948514336043318
3 0.16511438185750268 0.5550873483427481 0.1466384226901209 0.5026199825083479
3 0.2465019759304075 0.6097955117197763 0.16109548913007243 0.5272774381020204
3 0.42139913891788333 0.667291329366986 0.1365500856997729 0.5258001952308547
4 0.332718655360325 0.7151931229006008 0.126562289003472 0.3785919915175383
3 0.5251614850299196 0.6347945792494212 0.13126085086320055 0.5183847804887449
1 0.6101613334260464 0.521570086068813 0.12661937412528856 0.4820601597195809
1 0.6980365192438411 0.5292618283587651 0.1401877627342879 0.48995335397903317
1 0.808153866944879 0.5335717775614865 0.1410342521987602 0.46943548806276825
1 0.9053274696144814 0.5502276356300329 0.14875083143146983 0.4722358451438521
