1 0.10590694214493368 0.6255353868466752 0.1364482025645981 0.503485936805774
1 0.18104540832615668 0.6266714327184671 0.14125374646985311 0.5081765547446679
1 0.27381031985699095 0.6259839302845169 0.13702513119219628 0.514649285546743
1 0.37056345973731636 0.6122332983559453 0.12531918616291782 0.5177102555182769
3 0.47386320328023424 0.6619932705036153 0.12220552730033862 0.5280980029057223
3 0.5701550197242864 0.6483395887442345 0.13318113499960493 0.5285642488427986
4 0.6701212652255516 0.7599250022741547 0.129852424187338 0.39351910718119454
3 0.7616534204919183 0.6541736934017759 0.15396014005191416 0.5421328469046527
3 0.868084078659413 0.6111181646219579 0.16276308885217383 0.5182179368979143
3 0.8641729525743883 0.23766774246318623 0.09571229524513059 0.29800750642524876
