3 0.8827062329594773 0.3657397173156418 0.09080539931640041 0.28158614973713525
3 0.8504143864714244 0.738088338426841 0.15656316121444824 0.5043409668819783
3 0.7413671624252057 0.7391751822092736 0.151225297101659 0.5199288729398297
4 0.6418325704665403 0.8125609001513906 0.12629841277417375 0.3748781996972188
3 0.5577368420227363 0.6666805040578793 0.12385934768882173 0.5188350621473654
3 0.4629602935706816 0.6450485229862625 0.11780908945663748 0.5149561161943643
1 0.3635828864001608 0.5655188846876791 0.12045062173920917 0.5064134380880987
1 0.2670320812892956 0.5413644641204043 0.13142495897794604 0.5035786732058769
1 0.17699733056560324 0.5023708625726189 0.1349186727479198 0.49814140111442784
1 0.10171972272520957 0.4783709543014434 0.13040837884760448 0.49598091672701794
