1 0.8984230055658634 0.5424840390701735 0.11224489795918369 0.48262373131070635
1 0.8237476808905387 0.5593197506275237 0.11688311688311703 0.4863650005456727
1 0.731447124304267 0.5780260968023573 0.11224489795918369 0.4938475390156063
1 0.6345083487940615 0.5845733179635493 0.10018552875695719 0.4994594428680569
3 0.5343228200371057 0.6556574334279168 0.09647495361781089 0.5106832505729568
3 0.43784786641929474 0.6622046545891088 0.10760667903525034 0.5088126159554738
4 0.3441558441558441 0.7940843951216854 0.11131725417439708 0.37225628887918916
3 0.24768089053803316 0.708035202717451 0.12801484230055657 0.5181657890428905
3 0.13961038961038963 0.6874582219251344 0.13821892393320978 0.4919769043981238
3 0.12430426716141003 0.3152019330459453 0.08163265306122444 0.28246582723998626
