3 0.12473906163631555 0.1772479563307923 0.08024445568516111 0.33678646829540154
3 0.14314601061589016 0.6357493857493832 0.1432302637121913 0.5999180999180994
3 0.2530963012890723 0.6582719082719082 0.1322773611930238 0.6122031122031119
4 0.3499873620355548 0.7729320229320228 0.11374168000674018 0.44840294840294836
3 0.440980706040947 0.6050368550368552 0.10531637037661123 0.6162981162981158
3 0.43803184767040193 0.9121621621621618 0.003370123852051654 0.00614250614250611
3 0.5395568287134549 0.593775593775594 0.10363130845058521 0.6183456183456181
1 0.6465582610160923 0.5139230139230136 0.10700143230263726 0.6060606060606056
1 0.746819445614627 0.5047092547092543 0.11711180385879083 0.6122031122031122
1 0.8289662145083836 0.48321048321048227 0.11458421096975291 0.6019656019656013
