3 0.13893879423647879 0.21356272790217068 0.09588970041018802 0.29314878170342684
3 0.13289781224844507 0.5893601541242847 0.17109198436014544 0.5222607995763437
3 0.2389575939497894 0.6357852325689775 0.16105212010259878 0.5293944747058801
4 0.32745857520557714 0.7534305457896684 0.13440175423562828 0.39207329661928325
3 0.42499376220265683 0.6408841673826084 0.13497040742293243 0.5257944529268164
3 0.40604539951834984 0.8886922812843026 0.003608445879723643 0.005835563768390339
3 0.5217278610708957 0.6570502329802755 0.1334340550944283 0.5270194103087806
1 0.6302689289965666 0.6198642840339027 0.1360781667732639 0.517941112718997
1 0.7285393801933104 0.6381195836625333 0.14626061494517473 0.5255052297853852
1 0.8097850896970566 0.6417868220640113 0.14325962286288874 0.5165715437663166
