1 0.9067601605457181 0.506220761935736 0.15234874663803089 0.49485143360433176
3 0.8348856181424973 0.5550873483427481 0.14663842269012095 0.5026199825083479
3 0.7534980240695925 0.6097955117197763 0.16109548913007243 0.5272774381020204
3 0.5786008610821167 0.667291329366986 0.1365500856997729 0.5258001952308549
4 0.667281344639675 0.7151931229006008 0.126562289003472 0.3785919915175383
3 0.47483851497008045 0.6347945792494212 0.1312608508632005 0.5183847804887449
1 0.3898386665739536 0.521570086068813 0.12661937412528856 0.4820601597195808
1 0.3019634807561588 0.5292618283587651 0.1401877627342879 0.4899533539790331
1 0.191846133055121 0.5335717775614865 0.1410342521987602 0.46943548806276825
1 0.0946725303855186 0.5502276356300329 0.14875083143146983 0.47223584514385214
