3 0.11276350283738656 0.43801720879020023 0.10227554571855613 0.2936841455451013
3 0.1620698286820323 0.7701382911946025 0.1772170571716769 0.45972341761079494
3 0.27069551880545695 0.7568911579344415 0.17270187048534003 0.486217684131117
4 0.3733831016308703 0.8209182913960527 0.14188034457345483 0.3581634172078946
3 0.4501918427159663 0.6767761676266408 0.1457806153111908 0.5328963256073648
3 0.543561916433374 0.6374821380054341 0.13965927583205712 0.5279417543855431
1 0.6388456009178796 0.5396789127995577 0.14185509406781016 0.5200540855706961
1 0.7338660490160016 0.49754096036831236 0.15249864164107996 0.519349129129628
1 0.8217149808089315 0.4418487319700346 0.15567584018767722 0.5146720203239479
1 0.8955613518636472 0.4038499810686618 0.15114661068574198 0.5116964457951362
