3 0.8752609383636845 0.1772479563307923 0.08024445568516114 0.33678646829540154
3 0.8568539893841098 0.6357493857493832 0.14323026371219127 0.5999180999180993
3 0.7469036987109277 0.6582719082719082 0.1322773611930238 0.6122031122031117
4 0.6500126379644452 0.7729320229320228 0.11374168000674012 0.44840294840294836
3 0.559019293959053 0.6050368550368552 0.10531637037661123 0.6162981162981158
3 0.5619681523295981 0.9121621621621618 0.0033701238520515986 0.00614250614250611
3 0.4604431712865451 0.593775593775594 0.1036313084505851 0.6183456183456182
1 0.3534417389839077 0.5139230139230136 0.10700143230263726 0.6060606060606057
1 0.253180554385373 0.5047092547092543 0.11711180385879083 0.6122031122031122
1 0.17103378549161646 0.48321048321048227 0.11458421096975291 0.6019656019656013
