3 0.12258206107062747 0.31854139093521244 0.0804355700722924 0.27662649406633577
3 0.1427451987994707 0.6923312790440719 0.14356590798997532 0.49276147191201364
3 0.2509858821122298 0.7082924283904076 0.13284856568542047 0.5025465125467521
4 0.34679623782612523 0.7997369235162879 0.11388244903239397 0.3684569234430458
3 0.4355369257679398 0.6607104576931814 0.10634998656813088 0.5052951251932056
3 0.4340160670421561 0.9114283782053956 0.003342210148888858 0.005087238730639876
3 0.5324390238389449 0.6493501277039586 0.10470187207770731 0.50692905606746
1 0.6373196017042251 0.5818251783965631 0.10796131612412041 0.49697711393563226
1 0.7358882067328716 0.5720987792815946 0.11793276916913475 0.502212709552574
1 0.8165855440765258 0.5527449687235828 0.1154008219150453 0.49380197524106184
