3 0.5286722667702253 0.6400637165929486 0.12159601339231896 0.5704678033975621
3 0.42293094520865876 0.6879084494269683 0.1268778450401532 0.5828059090633206
4 0.3338675029328858 0.7517212577179613 0.1194469421160147 0.41424278484208255
3 0.24229991562465822 0.6382345573636388 0.1414704294517684 0.5900403028908341
3 0.15849397128938883 0.593408634938712 0.1367053333617489 0.5520014757969068
1 0.08456750387173204 0.5473383870093878 0.1441325399512891 0.5433004161319641
1 0.6118272565524626 0.5090997982506821 0.11808463376189304 0.5407636105284996
1 0.70169337244133 0.5035089009007936 0.13067114318003958 0.5452921627964042
1 0.8137510108395323 0.4974104224950957 0.1329214240050569 0.5231984481278265
1 0.9119774324227568 0.5017477043193755 0.1416755336863793 0.5187944084254086
