0.0 0.9609375 0.03671874850988388 0.01874995231628418 0.07343749701976776
0.0 0.940625011920929 0.03671874850988388 0.02499997615814209 0.07343749701976776
0.0 0.9242187738418579 0.03593749925494194 0.026562511920928955 0.07187499850988388
0.0 0.89453125 0.03750000149011612 0.02968752384185791 0.07500000298023224
0.0 0.875 0.03828125074505806 0.03125 0.07656250149011612
0.0 0.8374999761581421 0.03750000149011612 0.034375011920928955 0.07500000298023224
0.0 0.813281238079071 0.0390625 0.03281247615814209 0.078125
0.0 0.770312488079071 0.03984374925494194 0.03750002384185791 0.07968749850988388
0.0 0.741406261920929 0.04062499850988388 0.0390625 0.08124999701976776
0.0 0.6875 0.04062499850988388 0.04062497615814209 0.08124999701976776
0.0 0.65234375 0.04218750074505806 0.04531252384185791 0.08437500149011612
0.0 0.5914062261581421 0.04218750074505806 0.042187511920928955 0.08437500149011612
0.0 0.5531250238418579 0.046875 0.042187511920928955 0.0859375
0.0 0.49140626192092896 0.05000000447034836 0.046875 0.08124999701976776
0.0 0.4515625238418579 0.05000000447034836 0.04062497615814209 0.08124999701976776
0.0 0.40312498807907104 0.05312500149011612 0.04375004768371582 0.09062500298023224
0.0 0.3648437261581421 0.0546875 0.04062497615814209 0.09062500298023224
0.0 0.328125 0.05703125149011612 0.0390625 0.08749999105930328
0.0 0.29374998807907104 0.06093750149011612 0.04062497615814209 0.0859375
0.0 0.26171875 0.06875000149011612 0.03593754768371582 0.0859375
0.0 0.2289062738418579 0.07343749701976776 0.03281247615814209 0.08437499403953552
0.0 0.2015625238418579 0.08281250298023224 0.03281247615814209 0.0859375
0.0 0.1703125238418579 0.08437500149011612 0.03281247615814209 0.08906249701976776
0.0 0.9609375 0.12343750149011612 0.02499997615814209 0.09531249105930328
0.0 0.944531261920929 0.13593749701976776 0.0234375 0.08437499403953552
0.0 0.9281250238418579 0.13437500596046448 0.0234375 0.09531250596046448
0.0 0.9117187261581421 0.13437500596046448 0.021874964237213135 0.09375
0.0 0.8929687738418579 0.13515624403953552 0.028124988079071045 0.09531250596046448
0.0 0.87109375 0.12656250596046448 0.02968752384185791 0.09843749552965164
0.0 0.84765625 0.12656250596046448 0.02812504768371582 0.09218749403953552
0.0 0.813281238079071 0.12734374403953552 0.03750002384185791 0.09843749552965164
0.0 0.7843749523162842 0.13203124701976776 0.035937488079071045 0.09375
0.0 0.7406250238418579 0.13437500596046448 0.0390625 0.09531250596046448
0.0 0.70703125 0.13828125596046448 0.04062497615814209 0.09687500447034836
0.0 0.6507812738418579 0.13828125596046448 0.043749988079071045 0.09218749403953552
0.0 0.614062488079071 0.14687499403953552 0.04374992847442627 0.09218749403953552
0.0 0.55078125 0.14765624701976776 0.04218745231628418 0.09843751043081284
0.0 0.5109375715255737 0.15000000596046448 0.042187511920928955 0.09531250596046448
0.0 0.44999998807907104 0.15312500298023224 0.04375004768371582 0.09843751043081284
0.0 0.4085937738418579 0.15546874701976776 0.04062497615814209 0.09375
0.0 0.37187498807907104 0.1640625 0.04062497615814209 0.09531250596046448
0.0 0.3343750238418579 0.16562500596046448 0.04375004768371582 0.1015625
0.0 0.2953125238418579 0.17578125 0.04375004768371582 0.1015625
0.0 0.26171875 0.171875 0.04062497615814209 0.09531250596046448
0.0 0.9585937261581421 0.3226562440395355 0.045312464237213135 0.10624998807907104
0.0 0.9078124761581421 0.3226562440395355 0.051562488079071045 0.1015625
0.0 0.8460937738418579 0.3203125 0.0625 0.10468751192092896
0.0 0.770312488079071 0.3265624940395355 0.07187497615814209 0.109375
0.0 0.6820312738418579 0.328125 0.08125001192092896 0.10624998807907104
0.0 0.6000000238418579 0.3296875059604645 0.09062498807907104 0.11250001192092896
0.0 0.5078125 0.3335937559604645 0.09218752384185791 0.10781252384185791
0.0 0.39921873807907104 0.34062498807907104 0.09218752384185791 0.10781252384185791
0.0 0.30390626192092896 0.3570312559604645 0.0859375 0.11562502384185791
0.0 0.22187501192092896 0.35624998807907104 0.08281254768371582 0.11250001192092896
0.0 0.969531238079071 0.43359375 0.0390625 0.10000002384185791
0.0 0.921875 0.4320312440395355 0.05312502384185791 0.10468751192092896
0.0 0.862500011920929 0.43281251192092896 0.06093752384185791 0.10312497615814209
0.0 0.7882812023162842 0.43359375 0.07499998807907104 0.10624998807907104
0.0 0.6968750357627869 0.43437498807907104 0.08749997615814209 0.11562502384185791
0.0 0.5960937738418579 0.4359374940395355 0.09375 0.109375
0.0 0.4859374761581421 0.4375 0.09062504768371582 0.109375
0.0 0.37968748807907104 0.44921875 0.09687495231628418 0.11249998211860657
0.0 0.2835937738418579 0.45781248807907104 0.0859375 0.11093747615814209
0.0 0.20234376192092896 0.4546875059604645 0.07343745231628418 0.13124996423721313
0.0 0.98046875 0.5249999761581421 0.02968752384185791 0.09062501788139343
0.0 0.953125 0.5289062261581421 0.04531252384185791 0.08906248211860657
0.0 0.9140625 0.53125 0.04843747615814209 0.09062501788139343
0.0 0.8671875 0.530468761920929 0.05781245231628418 0.10000002384185791
0.0 0.811718761920929 0.5367187261581421 0.0703125 0.10312497615814209
0.0 0.746874988079071 0.5406249761581421 0.07656252384185791 0.10312497615814209
0.0 0.6781250238418579 0.546093761920929 0.078125 0.10468748211860657
0.0 0.6000000238418579 0.5453125238418579 0.09062498807907104 0.10000002384185791
0.0 0.5171874761581421 0.550000011920929 0.08906251192092896 0.10000002384185791
0.0 0.4375 0.5570312738418579 0.08749997615814209 0.10625004768371582
0.0 0.35859376192092896 0.5648437738418579 0.08749997615814209 0.10312497615814209
0.0 0.2835937738418579 0.5679687261581421 0.08281254768371582 0.11249995231628418
0.0 0.2124999761581421 0.5703125 0.07500004768371582 0.10781252384185791
0.0 0.9765625 0.6156250238418579 0.0390625 0.0859375
0.0 0.9429687261581421 0.625781238079071 0.048437535762786865 0.08906245231628418
0.0 0.901562511920929 0.6273437738418579 0.05312502384185791 0.09062504768371582
0.0 0.8531249761581421 0.6328125 0.060937464237213135 0.08906245231628418
0.0 0.797656238079071 0.637499988079071 0.06406247615814209 0.08749997615814209
0.0 0.735156238079071 0.643750011920929 0.07499992847442627 0.09687495231628418
0.0 0.6617187261581421 0.647656261920929 0.08125001192092896 0.09687495231628418
0.0 0.5859375 0.6539062261581421 0.08437502384185791 0.10625004768371582
0.0 0.507031261920929 0.66015625 0.0859375 0.10000002384185791
0.0 0.4296875 0.6617187261581421 0.08281254768371582 0.09843754768371582
0.0 0.35546875 0.660937488079071 0.08124995231628418 0.09687495231628418
0.0 0.28437501192092896 0.660937488079071 0.08281254768371582 0.1015625
0.0 0.22187501192092896 0.664843738079071 0.07343745231628418 0.1015625
0.0 0.975781261920929 0.7046874761581421 0.04531252384185791 0.08749997615814209
0.0 0.944531261920929 0.7085937261581421 0.04843747615814209 0.07968747615814209
0.0 0.905468761920929 0.7109375 0.0546875 0.08906245231628418
0.0 0.8585937023162842 0.717968761920929 0.06562501192092896 0.0859375
0.0 0.803906261920929 0.7210937738418579 0.06875002384185791 0.0859375
0.0 0.7445312142372131 0.729687511920929 0.06875002384185791 0.09062504768371582
0.0 0.6781250238418579 0.733593761920929 0.07343751192092896 0.09218752384185791
0.0 0.60546875 0.7437499761581421 0.07968747615814209 0.09218752384185791
0.0 0.528124988079071 0.749218761920929 0.078125 0.09062504768371582
0.0 0.4515625238418579 0.746874988079071 0.08281254768371582 0.09218752384185791
0.0 0.3773437738418579 0.7515624761581421 0.07656252384185791 0.10312497615814209
0.0 0.30859375 0.746874988079071 0.08124995231628418 0.10000002384185791
0.0 0.2398437261581421 0.749218761920929 0.07500004768371582 0.09531247615814209
0.0 0.9898437261581421 0.7945312261581421 0.020312488079071045 0.09531247615814209
0.0 0.9703124761581421 0.80078125 0.043749988079071045 0.09531247615814209
0.0 0.9398437738418579 0.8046875 0.046875 0.09687495231628418
0.0 0.8984375 0.805468738079071 0.05312502384185791 0.09843754768371582
0.0 0.8539062738418579 0.811718761920929 0.053124964237213135 0.09687495231628418
0.0 0.8031250238418579 0.815625011920929 0.06562501192092896 0.10000002384185791
0.0 0.7445312738418579 0.819531261920929 0.0703125 0.09375
0.0 0.6781250238418579 0.824999988079071 0.07343751192092896 0.09375
0.0 0.610156238079071 0.8335937261581421 0.07656252384185791 0.0859375
0.0 0.53515625 0.8343750238418579 0.07968747615814209 0.08906245231628418
0.0 0.4624999761581421 0.8359375 0.078125 0.09375
0.0 0.32499998807907104 0.8421875238418579 0.07656252384185791 0.09687495231628418
0.0 0.2578125 0.840624988079071 0.06562495231628418 0.09843754768371582
0.0 0.39375001192092896 0.83984375 0.08124995231628418 0.09375
