0.0 0.051562488079071045 0.953906238079071 0.02187502384185791 0.08906245231628418
0.0 0.06015622615814209 0.9554687738418579 0.0390625 0.08906245231628418
0.0 0.08984375 0.9546874761581421 0.04218745231628418 0.09062504768371582
0.0 0.10859376192092896 0.953906238079071 0.04375004768371582 0.09218752384185791
0.0 0.1460937261581421 0.9554687738418579 0.04531252384185791 0.08906245231628418
0.0 0.17109376192092896 0.953906238079071 0.04531252384185791 0.09218752384185791
0.0 0.21406251192092896 0.953125 0.04999995231628418 0.09062504768371582
0.0 0.24296873807907104 0.953125 0.05156254768371582 0.09218752384185791
0.0 0.29765623807907104 0.953906238079071 0.05156254768371582 0.09218752384185791
0.0 0.33203125 0.952343761920929 0.05781245231628418 0.09062504768371582
0.0 0.3929687738418579 0.9546874761581421 0.0546875 0.09062504768371582
0.0 0.4312499761581421 0.9507812261581421 0.0546875 0.09218752384185791
0.0 0.49296873807907104 0.949999988079071 0.0546875 0.08749997615814209
0.0 0.5335937738418579 0.9515625238418579 0.051562488079071045 0.0859375
0.0 0.58203125 0.94921875 0.05624997615814209 0.09375
0.0 0.620312511920929 0.9468749761581421 0.0546875 0.09062504768371582
0.0 0.65625 0.9453125 0.04999995231628418 0.0859375
0.0 0.690625011920929 0.9429687261581421 0.05000007152557373 0.08437502384185791
0.0 0.7242187261581421 0.9375 0.046875 0.0859375
0.0 0.7570312023162842 0.9351562261581421 0.043749988079071045 0.08437502384185791
0.0 0.7835937738418579 0.9273437261581421 0.045312464237213135 0.08906245231628418
0.0 0.815625011920929 0.92578125 0.04531252384185791 0.09062504768371582
0.0 0.038281261920928955 0.858593761920929 0.015625 0.09531247615814209
0.0 0.04453122615814209 0.848437488079071 0.02968752384185791 0.08437502384185791
0.0 0.059374988079071045 0.8500000238418579 0.03593754768371582 0.09687495231628418
0.0 0.07578122615814209 0.850781261920929 0.03437495231628418 0.09687495231628418
0.0 0.09453123807907104 0.850781261920929 0.04062497615814209 0.09843754768371582
0.0 0.11640626192092896 0.8609374761581421 0.04218745231628418 0.1015625
0.0 0.13984376192092896 0.8609374761581421 0.04062497615814209 0.09531247615814209
0.0 0.1742187738418579 0.8609374761581421 0.04999995231628418 0.10312497615814209
0.0 0.203125 0.8570312261581421 0.04843747615814209 0.09687495231628418
0.0 0.24687498807907104 0.856249988079071 0.05156254768371582 0.10000002384185791
0.0 0.28046876192092896 0.8539062738418579 0.05312502384185791 0.10312497615814209
0.0 0.3359375 0.85546875 0.05624997615814209 0.09843754768371582
0.0 0.37421876192092896 0.8492187261581421 0.05781245231628418 0.09843754768371582
0.0 0.4359375238418579 0.850781261920929 0.05624997615814209 0.10468745231628418
0.0 0.47734373807907104 0.8500000238418579 0.0546875 0.1015625
0.0 0.538281261920929 0.848437488079071 0.05937492847442627 0.10468745231628418
0.0 0.5796875357627869 0.84765625 0.05312502384185791 0.09843754768371582
0.0 0.6156250238418579 0.840624988079071 0.0546875 0.1015625
0.0 0.6539062857627869 0.83984375 0.05624997615814209 0.10781252384185791
0.0 0.6937499642372131 0.8304687738418579 0.05624997615814209 0.10781252384185791
0.0 0.727343738079071 0.8359375 0.05312502384185791 0.1015625
0.0 0.03750002384185791 0.660937488079071 0.05781245231628418 0.11249995231628418
0.0 0.08671873807907104 0.6625000238418579 0.06562495231628418 0.10781252384185791
0.0 0.1484375 0.66796875 0.078125 0.11249995231628418
0.0 0.2242187261581421 0.6640625 0.08749997615814209 0.11874997615814209
0.0 0.3125 0.6656249761581421 0.09687495231628418 0.1171875
0.0 0.39453125 0.6664062738418579 0.10468745231628418 0.12343752384185791
0.0 0.4867187738418579 0.6656249761581421 0.10781252384185791 0.12031245231628418
0.0 0.594531238079071 0.6617187261581421 0.10781252384185791 0.12031245231628418
0.0 0.690625011920929 0.6499999761581421 0.1015625 0.1265624761581421
0.0 0.772656261920929 0.653124988079071 0.09531247615814209 0.12343752384185791
0.0 0.028124988079071045 0.5492187738418579 0.05312502384185791 0.10468748211860657
0.0 0.07578122615814209 0.5531250238418579 0.06875002384185791 0.11093747615814209
0.0 0.1351562738418579 0.5546875 0.07500004768371582 0.11093747615814209
0.0 0.21015626192092896 0.5562499761581421 0.09062504768371582 0.1171875
0.0 0.30078125 0.55859375 0.10312497615814209 0.1265624761581421
0.0 0.40156251192092896 0.5609375238418579 0.10781252384185791 0.12187504768371582
0.0 0.5125000476837158 0.563281238079071 0.10468751192092896 0.12031245231628418
0.0 0.617968738079071 0.555468738079071 0.11093747615814209 0.125
0.0 0.71484375 0.550000011920929 0.1015625 0.12187501788139343
0.0 0.796093761920929 0.5562499761581421 0.09375 0.1421874761581421
0.0 0.02109372615814209 0.4585937261581421 0.04218745231628418 0.09218749403953552
0.0 0.04843747615814209 0.4554687738418579 0.05781245231628418 0.09531250596046448
0.0 0.08749997615814209 0.45390623807907104 0.06093752384185791 0.09531247615814209
0.0 0.1343749761581421 0.45703125 0.07187497615814209 0.10781252384185791
0.0 0.1890624761581421 0.45234376192092896 0.08437502384185791 0.11249998211860657
0.0 0.25468748807907104 0.4515624940395355 0.09062504768371582 0.11406248807907104
0.0 0.32343751192092896 0.44765621423721313 0.09218752384185791 0.11562499403953552
0.0 0.40156251192092896 0.4507812559604645 0.10468745231628418 0.11250001192092896
0.0 0.484375 0.44999998807907104 0.1015625 0.11093747615814209
0.0 0.5648437142372131 0.4453125 0.10312497615814209 0.1171875
0.0 0.643750011920929 0.4398437440395355 0.1015625 0.11406248807907104
0.0 0.71875 0.43984371423721313 0.09687495231628418 0.12343749403953552
0.0 0.7898437976837158 0.4398437440395355 0.08906251192092896 0.11874997615814209
0.0 0.028124988079071045 0.3671875 0.05156254768371582 0.09218752384185791
0.0 0.061718761920928955 0.359375 0.06093752384185791 0.09531247615814209
0.0 0.10234373807907104 0.35859376192092896 0.06562495231628418 0.09531247615814209
0.0 0.15156251192092896 0.35546875 0.07343745231628418 0.09531247615814209
0.0 0.20703125 0.3515625 0.07656252384185791 0.09531247615814209
0.0 0.27031248807907104 0.34765625 0.08749997615814209 0.10781252384185791
0.0 0.34296876192092896 0.34687501192092896 0.09375 0.10781252384185791
0.0 0.41874998807907104 0.34296876192092896 0.09843754768371582 0.11562502384185791
0.0 0.49921873211860657 0.33984375 0.09843748807907104 0.11093747615814209
0.0 0.5757812857627869 0.3414062559604645 0.09531247615814209 0.10781252384185791
0.0 0.6499999761581421 0.34453123807907104 0.09375 0.10781252384185791
0.0 0.7210937738418579 0.34687501192092896 0.09687501192092896 0.11093747615814209
0.0 0.7835937738418579 0.3453125059604645 0.08750003576278687 0.11250001192092896
0.0 0.032031238079071045 0.2789062559604645 0.05781245231628418 0.09218750894069672
0.0 0.06328123807907104 0.27656251192092896 0.05781245231628418 0.0859375
0.0 0.10234373807907104 0.2750000059604645 0.06718754768371582 0.09531249105930328
0.0 0.14921873807907104 0.26875001192092896 0.07500004768371582 0.09218750894069672
0.0 0.20390623807907104 0.26875001192092896 0.078125 0.09218750894069672
0.0 0.2632812261581421 0.26171875 0.08281254768371582 0.10000000894069672
0.0 0.3304687738418579 0.2601562440395355 0.0859375 0.1015625
0.0 0.40312498807907104 0.2523437440395355 0.09218752384185791 0.1015625
0.0 0.48124995827674866 0.25078123807907104 0.09062498807907104 0.1015625
0.0 0.5570312142372131 0.2554687559604645 0.09531247615814209 0.1015625
0.0 0.632031261920929 0.25312501192092896 0.09062492847442627 0.11406248807907104
0.0 0.69921875 0.2601562440395355 0.09531247615814209 0.11093749105930328
0.0 0.768750011920929 0.2601562440395355 0.0859375 0.10468751192092896
0.0 0.018750011920928955 0.18671874701976776 0.03750002384185791 0.09843751788139343
0.0 0.039843738079071045 0.18281249701976776 0.05781245231628418 0.1015625
0.0 0.07109373807907104 0.1796875 0.05937504768371582 0.10312500596046448
0.0 0.11250001192092896 0.18125000596046448 0.06406247615814209 0.10312500596046448
0.0 0.15625 0.17656250298023224 0.06562495231628418 0.1015625
0.0 0.20781248807907104 0.17421874403953552 0.07968747615814209 0.10781249403953552
0.0 0.26640623807907104 0.171875 0.08281254768371582 0.10312500596046448
0.0 0.3335937261581421 0.16953125596046448 0.0859375 0.10468750447034836
0.0 0.40156251192092896 0.16249999403953552 0.08749997615814209 0.09531250596046448
0.0 0.4765625 0.16484375298023224 0.09218752384185791 0.09843751043081284
0.0 0.5492187738418579 0.16562500596046448 0.08906251192092896 0.10468750447034836
0.0 0.686718761920929 0.1640625 0.08906257152557373 0.10781249403953552
0.0 0.753125011920929 0.16875000298023224 0.078125 0.10625001043081284
0.0 0.6187499761581421 0.1640625 0.09375 0.10468750447034836
