0.0 0.989062488079071 0.10000000149011612 0.02187502384185791 0.02812500298023224
0.0 0.98828125 0.12031249701976776 0.0234375 0.03437500447034836
0.0 0.987500011920929 0.13671875 0.02499997615814209 0.03593749552965164
0.0 0.984375 0.16562500596046448 0.03125 0.04062500596046448
0.0 0.9820312261581421 0.18437500298023224 0.035937488079071045 0.04062500596046448
0.0 0.981249988079071 0.22187499701976776 0.03750002384185791 0.043749988079071045
0.0 0.9781249761581421 0.24453124403953552 0.043749988079071045 0.042187511920928955
0.0 0.9742187261581421 0.2874999940395355 0.051562488079071045 0.046875
0.0 0.971875011920929 0.31640625 0.05624997615814209 0.04843747615814209
0.0 0.96875 0.37031251192092896 0.0625 0.050000011920928955
0.0 0.964062511920929 0.4039062559604645 0.07187497615814209 0.0546875
0.0 0.9609375 0.46406251192092896 0.078125 0.05312502384185791
0.0 0.956250011920929 0.5023437738418579 0.08749997615814209 0.05156251788139343
0.0 0.946093738079071 0.563281238079071 0.0859375 0.0546875
0.0 0.940625011920929 0.6031249761581421 0.08437502384185791 0.04999995231628418
0.0 0.9320312738418579 0.6507812738418579 0.09375 0.0546875
0.0 0.925000011920929 0.688281238079071 0.09375 0.05156254768371582
0.0 0.9187500476837158 0.7242187261581421 0.09062498807907104 0.04843747615814209
0.0 0.9109375476837158 0.7578125 0.08906251192092896 0.04999995231628418
0.0 0.8984375 0.7890625 0.08906245231628418 0.04531252384185791
0.0 0.889843761920929 0.821093738079071 0.0859375 0.04218745231628418
0.0 0.8773437738418579 0.84765625 0.08750003576278687 0.04218745231628418
0.0 0.8718750476837158 0.878125011920929 0.09062498807907104 0.04218745231628418
0.0 0.9296875 0.08828125149011612 0.09531247615814209 0.03593750298023224
0.0 0.9156249761581421 0.10312499850988388 0.08437496423721313 0.032812491059303284
0.0 0.9156249761581421 0.11953125149011612 0.09531253576278687 0.03437499701976776
0.0 0.913281261920929 0.13593749701976776 0.09531247615814209 0.03281250596046448
0.0 0.91015625 0.15390625596046448 0.09687495231628418 0.0390625
0.0 0.9164062738418579 0.17734375596046448 0.09999996423721313 0.042187511920928955
0.0 0.913281261920929 0.20078125596046448 0.09375 0.0390625
0.0 0.9078124761581421 0.234375 0.1015625 0.048437491059303284
0.0 0.8999999761581421 0.26249998807907104 0.09687501192092896 0.046875
0.0 0.8921874761581421 0.30546873807907104 0.09843748807907104 0.050000011920928955
0.0 0.883593738079071 0.3382812440395355 0.10000002384185791 0.051562488079071045
0.0 0.8773437738418579 0.39453125 0.09531253576278687 0.0546875
0.0 0.8648437261581421 0.43046873807907104 0.09531253576278687 0.0546875
0.0 0.856249988079071 0.4921875 0.1015625 0.05312502384185791
0.0 0.8492187261581421 0.532031238079071 0.09843748807907104 0.05312502384185791
0.0 0.8382812738418579 0.5921875238418579 0.1015625 0.0546875
0.0 0.8312499523162842 0.6328125 0.09687501192092896 0.05156254768371582
0.0 0.8179687261581421 0.66796875 0.09843748807907104 0.05156254768371582
0.0 0.8117187023162842 0.7046874761581421 0.10468751192092896 0.05624997615814209
0.0 0.796875 0.742968738079071 0.10468745231628418 0.05624997615814209
0.0 0.7960937023162842 0.776562511920929 0.09843748807907104 0.05156254768371582
0.0 0.7320312261581421 0.06640625 0.109375 0.05781249701976776
0.0 0.725781261920929 0.1171875 0.10624992847442627 0.06406250596046448
0.0 0.7210937738418579 0.17890624701976776 0.109375 0.07500001788139343
0.0 0.7054687142372131 0.25312501192092896 0.11562502384185791 0.08437500894069672
0.0 0.6929687261581421 0.34062498807907104 0.11562496423721313 0.09375
0.0 0.6812499761581421 0.421875 0.12031251192092896 0.1015625
0.0 0.6656249761581421 0.512499988079071 0.1171875 0.10468748211860657
0.0 0.645312488079071 0.6195312738418579 0.1171875 0.10468745231628418
0.0 0.617968738079071 0.711718738079071 0.12343752384185791 0.09843754768371582
0.0 0.608593761920929 0.793749988079071 0.12031257152557373 0.09375
0.0 0.6226562857627869 0.04140625149011612 0.10312497615814209 0.05156250298023224
0.0 0.6195312142372131 0.08984375 0.10781252384185791 0.06562499701976776
0.0 0.6109375357627869 0.1484375 0.10781252384185791 0.07343750447034836
0.0 0.6015625 0.22187499701976776 0.11406254768371582 0.08750000596046448
0.0 0.589062511920929 0.3125 0.12343752384185791 0.10000002384185791
0.0 0.574999988079071 0.4124999940395355 0.11874997615814209 0.10624998807907104
0.0 0.5601562857627869 0.5218750238418579 0.11874997615814209 0.10312497615814209
0.0 0.5359374284744263 0.625 0.12187498807907104 0.10781252384185791
0.0 0.514843761920929 0.7203124761581421 0.11874997615814209 0.09843754768371582
0.0 0.5085936784744263 0.80078125 0.13749998807907104 0.08906245231628418
0.0 0.5335937738418579 0.02031249925494194 0.09218746423721313 0.04062499850988388
0.0 0.526562511920929 0.046875 0.09375 0.0546875
0.0 0.51953125 0.08515624701976776 0.09531247615814209 0.05781249701976776
0.0 0.5140625238418579 0.13203124701976776 0.10468751192092896 0.06874999403953552
0.0 0.5015624761581421 0.18593749403953552 0.109375 0.08125001192092896
0.0 0.4898437261581421 0.25 0.11093747615814209 0.08749999105930328
0.0 0.47578129172325134 0.31718748807907104 0.11250001192092896 0.09062498807907104
0.0 0.4671875238418579 0.39531248807907104 0.109375 0.1015625
0.0 0.45234376192092896 0.4765625 0.10781252384185791 0.10000002384185791
0.0 0.4351562261581421 0.555468738079071 0.11406254768371582 0.09843754768371582
0.0 0.41874998807907104 0.6328125 0.11093747615814209 0.09843754768371582
0.0 0.40625 0.706250011920929 0.12031245231628418 0.09375
0.0 0.39453125 0.776562511920929 0.11562502384185791 0.08749997615814209
0.0 0.4429687261581421 0.01875000074505806 0.08906245231628418 0.03750000149011612
0.0 0.4296875 0.04453124850988388 0.09375 0.05781249701976776
0.0 0.42265623807907104 0.0859375 0.09531247615814209 0.0625
0.0 0.4117187261581421 0.1328125 0.09375 0.0703125
0.0 0.39921873807907104 0.18828125298023224 0.09375 0.07343748211860657
0.0 0.38593751192092896 0.24921876192092896 0.10468745231628418 0.0859375149011612
0.0 0.3726562261581421 0.32109373807907104 0.10625004768371582 0.09218752384185791
0.0 0.3570312261581421 0.39531248807907104 0.11406254768371582 0.09687501192092896
0.0 0.3421875238418579 0.47343748807907104 0.10781252384185791 0.09687498211860657
0.0 0.33125001192092896 0.550000011920929 0.10625004768371582 0.09375
0.0 0.3226562738418579 0.624218761920929 0.10625004768371582 0.09218752384185791
0.0 0.3140624761581421 0.6937500238418579 0.109375 0.09375
0.0 0.3023437261581421 0.7562500238418579 0.109375 0.08437502384185791
0.0 0.35546875 0.014843749813735485 0.09218752384185791 0.02968749962747097
0.0 0.34765625 0.03359375149011612 0.08437502384185791 0.05624999850988388
0.0 0.33984375 0.07187499850988388 0.09375 0.06406249105930328
0.0 0.32734376192092896 0.1171875 0.09218752384185791 0.07499999552965164
0.0 0.3179687261581421 0.17109374701976776 0.09218752384185791 0.078125
0.0 0.30156248807907104 0.22968751192092896 0.09687495231628418 0.0781250149011612
0.0 0.28984373807907104 0.2945312559604645 0.10000002384185791 0.08281248807907104
0.0 0.27031248807907104 0.3656249940395355 0.10000002384185791 0.08906251192092896
0.0 0.2562500238418579 0.44218748807907104 0.09843754768371582 0.08749997615814209
0.0 0.24921876192092896 0.5179687738418579 0.10000002384185791 0.09218752384185791
0.0 0.2359374761581421 0.5914062261581421 0.11093747615814209 0.08749997615814209
0.0 0.23124998807907104 0.659375011920929 0.109375 0.09218752384185791
0.0 0.2210937738418579 0.727343738079071 0.10312497615814209 0.0859375
0.0 0.25859373807907104 0.01171875 0.09843754768371582 0.0234375
0.0 0.25078123807907104 0.02734375 0.1015625 0.0546875
0.0 0.24531251192092896 0.06718750298023224 0.1015625 0.06406250596046448
0.0 0.23359376192092896 0.11015625298023224 0.10000002384185791 0.06406250596046448
0.0 0.22343748807907104 0.16093750298023224 0.10625004768371582 0.07656249403953552
0.0 0.2124999761581421 0.21875 0.10000002384185791 0.07968749105930328
0.0 0.19921875 0.2835937440395355 0.1015625 0.08281248807907104
0.0 0.1820312738418579 0.3499999940395355 0.09375 0.0859375
0.0 0.17265623807907104 0.4242187440395355 0.09687495231628418 0.08906251192092896
0.0 0.1617187261581421 0.49609375 0.1015625 0.08749997615814209
0.0 0.1390625238418579 0.632031261920929 0.10468745231628418 0.08749997615814209
0.0 0.1328125 0.698437511920929 0.10468745231628418 0.07656252384185791
0.0 0.1499999761581421 0.5640624761581421 0.10312497615814209 0.09062504768371582
