0.0 0.061718761920928955 0.964062511920929 0.08749997615814209 0.01874995231628418
0.0 0.059374988079071045 0.9554687738418579 0.08906245231628418 0.03593754768371582
0.0 0.057812511920928955 0.926562488079071 0.09375 0.0390625
0.0 0.06015622615814209 0.907031238079071 0.09062504768371582 0.04062497615814209
0.0 0.055468738079071045 0.8695312738418579 0.09062504768371582 0.04218745231628418
0.0 0.05703127384185791 0.8453124761581421 0.09062504768371582 0.04218745231628418
0.0 0.05703127384185791 0.801562488079071 0.09062504768371582 0.046875
0.0 0.05624997615814209 0.772656261920929 0.09062504768371582 0.04843747615814209
0.0 0.05234372615814209 0.71875 0.09062504768371582 0.04843747615814209
0.0 0.053906261920928955 0.68359375 0.08906245231628418 0.0546875
0.0 0.046875 0.6234375238418579 0.09375 0.05156254768371582
0.0 0.051562488079071045 0.5843750238418579 0.09062504768371582 0.05156254768371582
0.0 0.05078125 0.522656261920929 0.0859375 0.05312502384185791
0.0 0.047656238079071045 0.4828124940395355 0.08437502384185791 0.050000011920928955
0.0 0.047656238079071045 0.43359375 0.09218752384185791 0.05312502384185791
0.0 0.04921877384185791 0.39531248807907104 0.08906245231628418 0.051562488079071045
0.0 0.04921877384185791 0.359375 0.08437502384185791 0.04843747615814209
0.0 0.05078125 0.32499998807907104 0.08281254768371582 0.046875
0.0 0.0546875 0.2914062440395355 0.0859375 0.04531252384185791
0.0 0.05624997615814209 0.25859373807907104 0.08281254768371582 0.042187511920928955
0.0 0.06328123807907104 0.23124998807907104 0.08749997615814209 0.04218749701976776
0.0 0.06328123807907104 0.19921875 0.08906245231628418 0.042187511920928955
0.0 0.1578124761581421 0.9742187261581421 0.09531247615814209 0.01250004768371582
0.0 0.16718751192092896 0.9671875238418579 0.08437502384185791 0.02812504768371582
0.0 0.1656249761581421 0.953125 0.09687495231628418 0.03281247615814209
0.0 0.1640625 0.9359375238418579 0.09687495231628418 0.03125
0.0 0.1640625 0.917187511920929 0.09687495231628418 0.03750002384185791
0.0 0.15312498807907104 0.8960937261581421 0.10000002384185791 0.0390625
0.0 0.15234375 0.8726562261581421 0.09375 0.03750002384185791
0.0 0.1507812738418579 0.8382812738418579 0.10312497615814209 0.04531252384185791
0.0 0.15312498807907104 0.809374988079071 0.09687495231628418 0.04531252384185791
0.0 0.15234375 0.765625 0.10000002384185791 0.04843747615814209
0.0 0.1539062261581421 0.7320312261581421 0.1015625 0.04999995231628418
0.0 0.1499999761581421 0.67578125 0.09687495231628418 0.05312502384185791
0.0 0.15546876192092896 0.6382812261581421 0.09687495231628418 0.0546875
0.0 0.15156251192092896 0.5757812261581421 0.10312497615814209 0.05156254768371582
0.0 0.15156251192092896 0.53515625 0.10000002384185791 0.05156254768371582
0.0 0.1499999761581421 0.4742187261581421 0.10312497615814209 0.05468747019767761
0.0 0.1499999761581421 0.43281251192092896 0.09687495231628418 0.050000011920928955
0.0 0.15546876192092896 0.3960937559604645 0.10000002384185791 0.051562488079071045
0.0 0.15546876192092896 0.35859376192092896 0.10625004768371582 0.05312502384185791
0.0 0.1625000238418579 0.3179687559604645 0.10625004768371582 0.05312502384185791
0.0 0.15625 0.28515625 0.10000002384185791 0.050000011920928955
0.0 0.35546875 0.967968761920929 0.11093747615814209 0.0546875
0.0 0.3515625 0.918749988079071 0.10625004768371582 0.0625
0.0 0.34453123807907104 0.8570312261581421 0.11093747615814209 0.07500004768371582
0.0 0.3453124761581421 0.78125 0.11562502384185791 0.08437502384185791
0.0 0.34062498807907104 0.6929687261581421 0.11562502384185791 0.09375
0.0 0.3374999761581421 0.6117187738418579 0.12031245231628418 0.1015625
0.0 0.33515626192092896 0.518750011920929 0.1171875 0.10468748211860657
0.0 0.3343750238418579 0.41093748807907104 0.1171875 0.10468751192092896
0.0 0.34375 0.3140625059604645 0.12343752384185791 0.09687501192092896
0.0 0.3374999761581421 0.23281249403953552 0.12187504768371582 0.09218750894069672
0.0 0.4671875238418579 0.973437488079071 0.10468745231628418 0.04843747615814209
0.0 0.46171873807907104 0.92578125 0.10781252384185791 0.06562495231628418
0.0 0.45781248807907104 0.866406261920929 0.109375 0.07187497615814209
0.0 0.45390620827674866 0.792187511920929 0.11406248807907104 0.08749997615814209
0.0 0.44843751192092896 0.7007812261581421 0.12343752384185791 0.09843754768371582
0.0 0.4429687261581421 0.6000000238418579 0.11874997615814209 0.10468745231628418
0.0 0.43671876192092896 0.4898437261581421 0.1171875 0.10156247019767761
0.0 0.44062498211860657 0.38359373807907104 0.12187498807907104 0.10781252384185791
0.0 0.4429687261581421 0.2867187559604645 0.11874997615814209 0.09843748807907104
0.0 0.43359375 0.20624999701976776 0.1390625238418579 0.08906248211860657
0.0 0.55859375 0.977343738079071 0.09062504768371582 0.0390625
0.0 0.5601562261581421 0.949999988079071 0.09375 0.0546875
0.0 0.5609375238418579 0.910937488079071 0.09375 0.05781245231628418
0.0 0.5562499761581421 0.864062488079071 0.10624998807907104 0.06718754768371582
0.0 0.55859375 0.80859375 0.109375 0.08124995231628418
0.0 0.5570312142372131 0.7437499761581421 0.11093747615814209 0.08749997615814209
0.0 0.55859375 0.675000011920929 0.11249995231628418 0.08906245231628418
0.0 0.5531250238418579 0.596875011920929 0.109375 0.10000002384185791
0.0 0.55078125 0.5140625238418579 0.10781252384185791 0.09843751788139343
0.0 0.5523437261581421 0.43281251192092896 0.11406248807907104 0.10000002384185791
0.0 0.5546875 0.3539062440395355 0.11093747615814209 0.09843748807907104
0.0 0.5523437261581421 0.2796874940395355 0.12187498807907104 0.09375
0.0 0.550000011920929 0.20859375596046448 0.11562502384185791 0.0859375
0.0 0.649218738079071 0.9671875238418579 0.09062492847442627 0.04843747615814209
0.0 0.65625 0.932812511920929 0.09375 0.05781245231628418
0.0 0.6546875238418579 0.8921874761581421 0.09375 0.0625
0.0 0.657031238079071 0.842968761920929 0.09375 0.0703125
0.0 0.6585937738418579 0.7875000238418579 0.09375 0.07343745231628418
0.0 0.66015625 0.7242187261581421 0.10468745231628418 0.08437502384185791
0.0 0.6585937738418579 0.651562511920929 0.10624998807907104 0.09062504768371582
0.0 0.66015625 0.5757812261581421 0.11406254768371582 0.09531247615814209
0.0 0.66015625 0.49531251192092896 0.10781252384185791 0.09531247615814209
0.0 0.65625 0.41874998807907104 0.10625004768371582 0.09218752384185791
0.0 0.6499999761581421 0.34453123807907104 0.10624998807907104 0.09062498807907104
0.0 0.645312488079071 0.2734375 0.109375 0.09218750894069672
0.0 0.64453125 0.2109375 0.109375 0.08437500894069672
0.0 0.737500011920929 0.960156261920929 0.09062492847442627 0.0546875
0.0 0.73828125 0.928906261920929 0.08437502384185791 0.05624997615814209
0.0 0.739062488079071 0.889843761920929 0.09218752384185791 0.06406247615814209
0.0 0.742968738079071 0.842968761920929 0.09062492847442627 0.07187497615814209
0.0 0.741406261920929 0.7875000238418579 0.09062492847442627 0.07500004768371582
0.0 0.74609375 0.7281249761581421 0.09687495231628418 0.07968747615814209
0.0 0.745312511920929 0.660937488079071 0.09843742847442627 0.08281254768371582
0.0 0.750781238079071 0.5882812738418579 0.10000002384185791 0.08906245231628418
0.0 0.75 0.5101562738418579 0.09843754768371582 0.08749997615814209
0.0 0.742968738079071 0.43437498807907104 0.10000002384185791 0.09218752384185791
0.0 0.7421875 0.359375 0.11093747615814209 0.08749997615814209
0.0 0.7328125238418579 0.29218751192092896 0.109375 0.09062498807907104
0.0 0.729687511920929 0.22343750298023224 0.1015625 0.08281251788139343
0.0 0.8289062976837158 0.971875011920929 0.09687501192092896 0.03750002384185791
0.0 0.832812488079071 0.948437511920929 0.10000002384185791 0.0546875
0.0 0.835156261920929 0.917187511920929 0.1015625 0.05624997615814209
0.0 0.83203125 0.8765624761581421 0.1015625 0.06093752384185791
0.0 0.835156261920929 0.83203125 0.10000002384185791 0.0625
0.0 0.8359375 0.780468761920929 0.10625004768371582 0.07500004768371582
0.0 0.8359375 0.721875011920929 0.10000002384185791 0.07968747615814209
0.0 0.8359375 0.6546875238418579 0.1015625 0.08281254768371582
0.0 0.840624988079071 0.586718738079071 0.09218752384185791 0.08437502384185791
0.0 0.8359375 0.51171875 0.09687495231628418 0.08906248211860657
0.0 0.83203125 0.4390625059604645 0.1015625 0.0859375
0.0 0.8296874761581421 0.30156248807907104 0.10468751192092896 0.0859375
0.0 0.8226562738418579 0.23515625298023224 0.10468751192092896 0.07500001788139343
0.0 0.83203125 0.3695312440395355 0.10312497615814209 0.09062498807907104
