0 0.0953125 0.99375 0.0875 0.0125
0 0.0921875 0.98515625 0.0875 0.0296875
0 0.08828125 0.95625 0.0921875 0.0328125
0 0.08984375 0.93671875 0.0890625 0.034375
0 0.08203125 0.9 0.0890625 0.0359375
0 0.08203125 0.875 0.0890625 0.0359375
0 0.07890625 0.83203125 0.0875 0.040625
0 0.0765625 0.803125 0.0875 0.0421875
0 0.06875 0.74921875 0.0875 0.0421875
0 0.06796875 0.7140625 0.0859375 0.0484375
0 0.05625 0.6546875 0.090625 0.0453125
0 0.05859375 0.615625 0.0875 0.0453125
0 0.053125 0.55390625 0.0828125 0.046875
0 0.04765625 0.5140625 0.08125 0.04375
0 0.04453125 0.465625 0.0890625 0.046875
0 0.04296875 0.42734375 0.0859375 0.0453125
0 0.040625 0.39140625 0.08125 0.0421875
0 0.03984375 0.35703125 0.0796875 0.0421875
0 0.04140625 0.32265625 0.0828125 0.0390625
0 0.040625 0.28984375 0.08125 0.0359375
0 0.0453125 0.2625 0.0859375 0.0359375
0 0.04375 0.23046875 0.0875 0.0359375
0 0.19140625 0.996875 0.0953125 0.00625
0 0.20078125 0.9890625 0.0828125 0.021875
0 0.19765625 0.975 0.0953125 0.0265625
0 0.1953125 0.95859375 0.0953125 0.025
0 0.19375 0.93984375 0.0953125 0.03125
0 0.18125 0.91953125 0.0984375 0.0328125
0 0.17890625 0.89609375 0.0921875 0.03125
0 0.175 0.86171875 0.1 0.0390625
0 0.17578125 0.8328125 0.09375 0.0390625
0 0.171875 0.7890625 0.096875 0.0421875
0 0.17109375 0.75546875 0.0984375 0.04375
0 0.16328125 0.7 0.09375 0.046875
0 0.165625 0.66171875 0.09375 0.0484375
0 0.1578125 0.6 0.1 0.0453125
0 0.1546875 0.559375 0.096875 0.0453125
0 0.14921875 0.4984375 0.1 0.0484375
0 0.14609375 0.45703125 0.09375 0.04375
0 0.14921875 0.4203125 0.096875 0.0453125
0 0.14609375 0.3828125 0.103125 0.0453125
0 0.15078125 0.3421875 0.103125 0.0453125
0 0.1421875 0.309375 0.096875 0.04375
0 0.38828125 0.9765625 0.1078125 0.046875
0 0.38125 0.928125 0.103125 0.0546875
0 0.36953125 0.8671875 0.10625 0.0671875
0 0.365625 0.79140625 0.1109375 0.0765625
0 0.3546875 0.70390625 0.109375 0.0859375
0 0.3453125 0.62265625 0.1140625 0.09375
0 0.33671875 0.53046875 0.1109375 0.096875
0 0.32890625 0.42265625 0.1109375 0.096875
0 0.33125 0.32578125 0.1171875 0.0890625
0 0.31953125 0.24453125 0.115625 0.084375
0 0.5 0.97421875 0.1015625 0.0421875
0 0.49140625 0.92734375 0.1046875 0.0578125
0 0.48359375 0.86875 0.1046875 0.0640625
0 0.47421875 0.79453125 0.109375 0.0796875
0 0.4625 0.70390625 0.1171875 0.090625
0 0.45 0.60390625 0.1125 0.096875
0 0.4359375 0.49453125 0.1109375 0.09375
0 0.4328125 0.38828125 0.115625 0.1
0 0.428125 0.29140625 0.1125 0.090625
0 0.41328125 0.21171875 0.134375 0.0796875
0 0.59140625 0.971875 0.0890625 0.0328125
0 0.59140625 0.94453125 0.090625 0.0484375
0 0.5890625 0.90546875 0.090625 0.0515625
0 0.58125 0.859375 0.1015625 0.0609375
0 0.5796875 0.80390625 0.1046875 0.0734375
0 0.57421875 0.7390625 0.10625 0.0796875
0 0.5703125 0.6703125 0.1078125 0.08125
0 0.559375 0.59296875 0.103125 0.09375
0 0.5515625 0.51015625 0.1015625 0.0921875
0 0.54765625 0.4296875 0.1078125 0.0921875
0 0.54453125 0.35078125 0.1046875 0.090625
0 0.53671875 0.2765625 0.115625 0.0859375
0 0.5296875 0.20546875 0.1109375 0.078125
0 0.68125 0.95546875 0.0875 0.0421875
0 0.6859375 0.92109375 0.090625 0.0515625
0 0.68203125 0.88046875 0.090625 0.05625
0 0.68046875 0.83125 0.0890625 0.0640625
0 0.678125 0.77578125 0.0890625 0.0671875
0 0.67578125 0.7125 0.1 0.078125
0 0.66875 0.63984375 0.1 0.084375
0 0.66484375 0.5640625 0.1078125 0.0875
0 0.659375 0.484375 0.1015625 0.0890625
0 0.65 0.4078125 0.1 0.0859375
0 0.6390625 0.334375 0.1 0.084375
0 0.62890625 0.2640625 0.103125 0.0859375
0 0.62421875 0.2015625 0.1046875 0.0765625
0 0.76875 0.9421875 0.0875 0.0484375
0 0.76796875 0.9109375 0.08125 0.05
0 0.765625 0.871875 0.0890625 0.0578125
0 0.76640625 0.825 0.0859375 0.065625
0 0.7609375 0.7703125 0.0859375 0.06875
0 0.76171875 0.71015625 0.0921875 0.0734375
0 0.75625 0.64375 0.09375 0.0765625
0 0.75625 0.5703125 0.09375 0.0828125
0 0.75 0.49296875 0.09375 0.08125
0 0.7375 0.41796875 0.09375 0.0859375
0 0.73203125 0.34296875 0.10625 0.0796875
0 0.71796875 0.2765625 0.103125 0.084375
0 0.71015625 0.2078125 0.096875 0.0765625
0 0.8609375 0.94765625 0.0953125 0.03125
0 0.86328125 0.92421875 0.096875 0.0484375
0 0.86328125 0.89296875 0.0984375 0.05
0 0.8578125 0.85234375 0.0984375 0.0546875
0 0.8578125 0.8078125 0.096875 0.05625
0 0.8546875 0.75625 0.1015625 0.06875
0 0.85078125 0.69765625 0.0953125 0.0734375
0 0.84609375 0.63125 0.096875 0.0765625
0 0.84609375 0.5625 0.0875 0.078125
0 0.8359375 0.48828125 0.090625 0.0828125
0 0.82734375 0.41640625 0.096875 0.0796875
0 0.81484375 0.27890625 0.1 0.0796875
0 0.803125 0.21328125 0.1 0.06875
0 0.821875 0.346875 0.096875 0.084375