0 0.9484375 0.95390625 0.021875 0.0890625
0 0.93984375 0.95546875 0.0390625 0.0890625
0 0.91015625 0.9546875 0.0421875 0.090625
0 0.89140625 0.95390625 0.04375 0.0921875
0 0.85390625 0.95546875 0.0453125 0.0890625
0 0.82890625 0.95390625 0.0453125 0.0921875
0 0.7859375 0.953125 0.05 0.090625
0 0.75703125 0.953125 0.0515625 0.0921875
0 0.70234375 0.95390625 0.0515625 0.0921875
0 0.66796875 0.95234375 0.0578125 0.090625
0 0.60703125 0.9546875 0.0546875 0.090625
0 0.56875 0.95078125 0.0546875 0.0921875
0 0.50703125 0.95 0.0546875 0.0875
0 0.46640625 0.9515625 0.0515625 0.0859375
0 0.41796875 0.94921875 0.05625 0.09375
0 0.3796875 0.946875 0.0546875 0.090625
0 0.34375 0.9453125 0.05 0.0859375
0 0.309375 0.94296875 0.05 0.084375
0 0.27578125 0.9375 0.046875 0.0859375
0 0.24296875 0.93515625 0.04375 0.084375
0 0.21640625 0.92734375 0.0453125 0.0890625
0 0.184375 0.92578125 0.0453125 0.090625
0 0.96171875 0.85859375 0.015625 0.0953125
0 0.95546875 0.8484375 0.0296875 0.084375
0 0.940625 0.85 0.0359375 0.096875
0 0.92421875 0.85078125 0.034375 0.096875
0 0.90546875 0.85078125 0.040625 0.0984375
0 0.88359375 0.8609375 0.0421875 0.1015625
0 0.86015625 0.8609375 0.040625 0.0953125
0 0.82578125 0.8609375 0.05 0.103125
0 0.796875 0.85703125 0.0484375 0.096875
0 0.753125 0.85625 0.0515625 0.1
0 0.71953125 0.85390625 0.053125 0.103125
0 0.6640625 0.85546875 0.05625 0.0984375
0 0.62578125 0.84921875 0.0578125 0.0984375
0 0.5640625 0.85078125 0.05625 0.1046875
0 0.52265625 0.85 0.0546875 0.1015625
0 0.46171875 0.8484375 0.059375 0.1046875
0 0.4203125 0.84765625 0.053125 0.0984375
0 0.384375 0.840625 0.0546875 0.1015625
0 0.34609375 0.83984375 0.05625 0.1078125
0 0.30625 0.83046875 0.05625 0.1078125
0 0.27265625 0.8359375 0.053125 0.1015625
0 0.9625 0.6609375 0.0578125 0.1125
0 0.91328125 0.6625 0.065625 0.1078125
0 0.8515625 0.66796875 0.078125 0.1125
0 0.77578125 0.6640625 0.0875 0.11875
0 0.6875 0.665625 0.096875 0.1171875
0 0.60546875 0.66640625 0.1046875 0.1234375
0 0.51328125 0.665625 0.1078125 0.1203125
0 0.40546875 0.66171875 0.1078125 0.1203125
0 0.309375 0.65 0.1015625 0.1265625
0 0.22734375 0.653125 0.0953125 0.1234375
0 0.971875 0.54921875 0.053125 0.1046875
0 0.92421875 0.553125 0.06875 0.1109375
0 0.86484375 0.5546875 0.075 0.1109375
0 0.78984375 0.55625 0.090625 0.1171875
0 0.69921875 0.55859375 0.103125 0.1265625
0 0.5984375 0.5609375 0.1078125 0.121875
0 0.4875 0.56328125 0.1046875 0.1203125
0 0.38203125 0.55546875 0.1109375 0.125
0 0.28515625 0.55 0.1015625 0.121875
0 0.20390625 0.55625 0.09375 0.1421875
0 0.97890625 0.45859375 0.0421875 0.0921875
0 0.9515625 0.45546875 0.0578125 0.0953125
0 0.9125 0.45390625 0.0609375 0.0953125
0 0.865625 0.45703125 0.071875 0.1078125
0 0.8109375 0.45234375 0.084375 0.1125
0 0.7453125 0.4515625 0.090625 0.1140625
0 0.6765625 0.44765625 0.0921875 0.115625
0 0.5984375 0.45078125 0.1046875 0.1125
0 0.515625 0.45 0.1015625 0.1109375
0 0.43515625 0.4453125 0.103125 0.1171875
0 0.35625 0.43984375 0.1015625 0.1140625
0 0.28125 0.43984375 0.096875 0.1234375
0 0.21015625 0.43984375 0.0890625 0.11875
0 0.971875 0.3671875 0.0515625 0.0921875
0 0.93828125 0.359375 0.0609375 0.0953125
0 0.89765625 0.35859375 0.065625 0.0953125
0 0.8484375 0.35546875 0.0734375 0.0953125
0 0.79296875 0.3515625 0.0765625 0.0953125
0 0.7296875 0.34765625 0.0875 0.1078125
0 0.65703125 0.346875 0.09375 0.1078125
0 0.58125 0.34296875 0.0984375 0.115625
0 0.50078125 0.33984375 0.0984375 0.1109375
0 0.42421875 0.34140625 0.0953125 0.1078125
0 0.35 0.34453125 0.09375 0.1078125
0 0.27890625 0.346875 0.096875 0.1109375
0 0.21640625 0.3453125 0.0875 0.1125
0 0.96796875 0.27890625 0.0578125 0.0921875
0 0.93671875 0.2765625 0.0578125 0.0859375
0 0.89765625 0.275 0.0671875 0.0953125
0 0.85078125 0.26875 0.075 0.0921875
0 0.79609375 0.26875 0.078125 0.0921875
0 0.73671875 0.26171875 0.0828125 0.1
0 0.66953125 0.26015625 0.0859375 0.1015625
0 0.596875 0.25234375 0.0921875 0.1015625
0 0.51875 0.25078125 0.090625 0.1015625
0 0.44296875 0.25546875 0.0953125 0.1015625
0 0.36796875 0.253125 0.090625 0.1140625
0 0.30078125 0.26015625 0.0953125 0.1109375
0 0.23125 0.26015625 0.0859375 0.1046875
0 0.98125 0.18671875 0.0375 0.0984375
0 0.96015625 0.1828125 0.0578125 0.1015625
0 0.92890625 0.1796875 0.059375 0.103125
0 0.8875 0.18125 0.0640625 0.103125
0 0.84375 0.1765625 0.065625 0.1015625
0 0.7921875 0.17421875 0.0796875 0.1078125
0 0.73359375 0.171875 0.0828125 0.103125
0 0.66640625 0.16953125 0.0859375 0.1046875
0 0.5984375 0.1625 0.0875 0.0953125
0 0.5234375 0.16484375 0.0921875 0.0984375
0 0.45078125 0.165625 0.0890625 0.1046875
0 0.31328125 0.1640625 0.0890625 0.1078125
0 0.246875 0.16875 0.078125 0.10625
0 0.38125 0.1640625 0.09375 0.1046875