0 0.93828125 0.9640625 0.0875 0.01875
0 0.940625 0.95546875 0.0890625 0.0359375
0 0.9421875 0.9265625 0.09375 0.0390625
0 0.93984375 0.90703125 0.090625 0.040625
0 0.94453125 0.86953125 0.090625 0.0421875
0 0.94296875 0.8453125 0.090625 0.0421875
0 0.94296875 0.8015625 0.090625 0.046875
0 0.94375 0.77265625 0.090625 0.0484375
0 0.94765625 0.71875 0.090625 0.0484375
0 0.94609375 0.68359375 0.0890625 0.0546875
0 0.953125 0.6234375 0.09375 0.0515625
0 0.9484375 0.584375 0.090625 0.0515625
0 0.94921875 0.52265625 0.0859375 0.053125
0 0.95234375 0.4828125 0.084375 0.05
0 0.95234375 0.43359375 0.0921875 0.053125
0 0.95078125 0.3953125 0.0890625 0.0515625
0 0.95078125 0.359375 0.084375 0.0484375
0 0.94921875 0.325 0.0828125 0.046875
0 0.9453125 0.29140625 0.0859375 0.0453125
0 0.94375 0.25859375 0.0828125 0.0421875
0 0.93671875 0.23125 0.0875 0.0421875
0 0.93671875 0.19921875 0.0890625 0.0421875
0 0.8421875 0.97421875 0.0953125 0.0125
0 0.8328125 0.9671875 0.084375 0.028125
0 0.834375 0.953125 0.096875 0.0328125
0 0.8359375 0.9359375 0.096875 0.03125
0 0.8359375 0.9171875 0.096875 0.0375
0 0.846875 0.89609375 0.1 0.0390625
0 0.84765625 0.87265625 0.09375 0.0375
0 0.84921875 0.83828125 0.103125 0.0453125
0 0.846875 0.809375 0.096875 0.0453125
0 0.84765625 0.765625 0.1 0.0484375
0 0.84609375 0.73203125 0.1015625 0.05
0 0.85 0.67578125 0.096875 0.053125
0 0.84453125 0.63828125 0.096875 0.0546875
0 0.8484375 0.57578125 0.103125 0.0515625
0 0.8484375 0.53515625 0.1 0.0515625
0 0.85 0.47421875 0.103125 0.0546875
0 0.85 0.4328125 0.096875 0.05
0 0.84453125 0.39609375 0.1 0.0515625
0 0.84453125 0.35859375 0.10625 0.053125
0 0.8375 0.31796875 0.10625 0.053125
0 0.84375 0.28515625 0.1 0.05
0 0.64453125 0.96796875 0.1109375 0.0546875
0 0.6484375 0.91875 0.10625 0.0625
0 0.65546875 0.85703125 0.1109375 0.075
0 0.6546875 0.78125 0.115625 0.084375
0 0.659375 0.69296875 0.115625 0.09375
0 0.6625 0.61171875 0.1203125 0.1015625
0 0.66484375 0.51875 0.1171875 0.1046875
0 0.665625 0.4109375 0.1171875 0.1046875
0 0.65625 0.3140625 0.1234375 0.096875
0 0.6625 0.2328125 0.121875 0.0921875
0 0.5328125 0.9734375 0.1046875 0.0484375
0 0.53828125 0.92578125 0.1078125 0.065625
0 0.5421875 0.86640625 0.109375 0.071875
0 0.54609375 0.7921875 0.1140625 0.0875
0 0.5515625 0.70078125 0.1234375 0.0984375
0 0.55703125 0.6 0.11875 0.1046875
0 0.56328125 0.48984375 0.1171875 0.1015625
0 0.559375 0.38359375 0.121875 0.1078125
0 0.55703125 0.28671875 0.11875 0.0984375
0 0.56640625 0.20625 0.1390625 0.0890625
0 0.44140625 0.97734375 0.090625 0.0390625
0 0.43984375 0.95 0.09375 0.0546875
0 0.4390625 0.9109375 0.09375 0.0578125
0 0.44375 0.8640625 0.10625 0.0671875
0 0.44140625 0.80859375 0.109375 0.08125
0 0.44296875 0.74375 0.1109375 0.0875
0 0.44140625 0.675 0.1125 0.0890625
0 0.446875 0.596875 0.109375 0.1
0 0.44921875 0.5140625 0.1078125 0.0984375
0 0.44765625 0.4328125 0.1140625 0.1
0 0.4453125 0.35390625 0.1109375 0.0984375
0 0.44765625 0.2796875 0.121875 0.09375
0 0.45 0.20859375 0.115625 0.0859375
0 0.35078125 0.9671875 0.090625 0.0484375
0 0.34375 0.9328125 0.09375 0.0578125
0 0.3453125 0.8921875 0.09375 0.0625
0 0.34296875 0.84296875 0.09375 0.0703125
0 0.34140625 0.7875 0.09375 0.0734375
0 0.33984375 0.72421875 0.1046875 0.084375
0 0.34140625 0.6515625 0.10625 0.090625
0 0.33984375 0.57578125 0.1140625 0.0953125
0 0.33984375 0.4953125 0.1078125 0.0953125
0 0.34375 0.41875 0.10625 0.0921875
0 0.35 0.34453125 0.10625 0.090625
0 0.3546875 0.2734375 0.109375 0.0921875
0 0.35546875 0.2109375 0.109375 0.084375
0 0.2625 0.96015625 0.090625 0.0546875
0 0.26171875 0.92890625 0.084375 0.05625
0 0.2609375 0.88984375 0.0921875 0.0640625
0 0.25703125 0.84296875 0.090625 0.071875
0 0.25859375 0.7875 0.090625 0.075
0 0.25390625 0.728125 0.096875 0.0796875
0 0.2546875 0.6609375 0.0984375 0.0828125
0 0.24921875 0.58828125 0.1 0.0890625
0 0.25 0.51015625 0.0984375 0.0875
0 0.25703125 0.434375 0.1 0.0921875
0 0.2578125 0.359375 0.1109375 0.0875
0 0.2671875 0.2921875 0.109375 0.090625
0 0.2703125 0.2234375 0.1015625 0.0828125
0 0.17109375 0.971875 0.096875 0.0375
0 0.1671875 0.9484375 0.1 0.0546875
0 0.16484375 0.9171875 0.1015625 0.05625
0 0.16796875 0.8765625 0.1015625 0.0609375
0 0.16484375 0.83203125 0.1 0.0625
0 0.1640625 0.78046875 0.10625 0.075
0 0.1640625 0.721875 0.1 0.0796875
0 0.1640625 0.6546875 0.1015625 0.0828125
0 0.159375 0.58671875 0.0921875 0.084375
0 0.1640625 0.51171875 0.096875 0.0890625
0 0.16796875 0.4390625 0.1015625 0.0859375
0 0.1703125 0.3015625 0.1046875 0.0859375
0 0.17734375 0.23515625 0.1046875 0.075
0 0.16796875 0.36953125 0.103125 0.090625