0.0 0.9186010360717773 0.9811116456985474 0.024478018283843994 0.03777670860290527
0.0 0.898719072341919 0.9806971549987793 0.03187042474746704 0.038605690002441406
0.0 0.8821464776992798 0.9806831479072571 0.03341829776763916 0.03863370418548584
0.0 0.853298008441925 0.9784069657325745 0.03704798221588135 0.043186068534851074
0.0 0.8343773484230042 0.9762712717056274 0.03739464282989502 0.04745745658874512
0.0 0.796588659286499 0.9759228825569153 0.04049032926559448 0.048154234886169434
0.0 0.7729176878929138 0.9729397296905518 0.039823174476623535 0.054120540618896484
0.0 0.7296853065490723 0.9699824452400208 0.04414623975753784 0.060035109519958496
0.0 0.7010504007339478 0.968146562576294 0.04558730125427246 0.06370687484741211
0.0 0.6472231149673462 0.9661763906478882 0.04625439643859863 0.06764721870422363
0.0 0.61271733045578 0.9626456499099731 0.050791144371032715 0.07470870018005371
0.0 0.5522714853286743 0.9603550434112549 0.049217045307159424 0.07928991317749023
0.0 0.514323353767395 0.9561370611190796 0.04857611656188965 0.08772587776184082
0.0 0.4531841278076172 0.9478042125701904 0.05191171169281006 0.08459997177124023
0.0 0.4135008454322815 0.9439049363136292 0.04716134071350098 0.08318531513214111
0.0 0.36551809310913086 0.9372829794883728 0.05076479911804199 0.09279263019561768
0.0 0.3275962471961975 0.9320494532585144 0.04854989051818848 0.09324610233306885
0.0 0.2912222743034363 0.9270296096801758 0.04580080509185791 0.08983004093170166
0.0 0.25749045610427856 0.9200083613395691 0.04636120796203613 0.08838903903961182
0.0 0.2258405089378357 0.9093311429023743 0.04238486289978027 0.08708107471466064
0.0 0.19376325607299805 0.9017496705055237 0.03995621204376221 0.08598685264587402
0.0 0.16697043180465698 0.8901655077934265 0.039396047592163086 0.08742785453796387
0.0 0.13601380586624146 0.8858932852745056 0.04049026966094971 0.08985638618469238
0.0 0.9271209239959717 0.9138405323028564 0.032831668853759766 0.09487271308898926
0.0 0.9123640060424805 0.9007627964019775 0.029788613319396973 0.08382439613342285
0.0 0.8957914113998413 0.9008416533470154 0.03128385543823242 0.09465920925140381
0.0 0.8794323801994324 0.8993726372718811 0.029842853546142578 0.09521949291229248
0.0 0.8608584403991699 0.8968092799186707 0.03592735528945923 0.09529995918273926
0.0 0.8378002643585205 0.9038796424865723 0.03800922632217407 0.09938311576843262
0.0 0.8144760727882385 0.9014493227005005 0.035500168800354004 0.09220433235168457
0.0 0.7803170084953308 0.8975237607955933 0.044974446296691895 0.10034441947937012
0.0 0.7521094083786011 0.8904762864112854 0.0434529185295105 0.09482026100158691
0.0 0.7087701559066772 0.8844951391220093 0.04609513282775879 0.09746241569519043
0.0 0.6758122444152832 0.8775807619094849 0.04863041639328003 0.09933066368103027
0.0 0.6196631789207458 0.872986376285553 0.05020451545715332 0.09423363208770752
0.0 0.5833697319030762 0.8616684079170227 0.051752328872680664 0.09444725513458252
0.0 0.5211361646652222 0.8554456233978271 0.05039185285568237 0.10109210014343262
0.0 0.480892539024353 0.8498916625976562 0.04996466636657715 0.09799647331237793
0.0 0.42052721977233887 0.8415608406066895 0.052713632583618164 0.10141253471374512
0.0 0.37950968742370605 0.835900068283081 0.048096418380737305 0.09546113014221191
0.0 0.34409695863723755 0.8239150047302246 0.049190640449523926 0.09788966178894043
0.0 0.30694907903671265 0.8187883496284485 0.05159294605255127 0.10429465770721436
0.0 0.2685474753379822 0.8056020736694336 0.05159294605255127 0.1042945384979248
0.0 0.23452144861221313 0.8064268231391907 0.048310041427612305 0.09700894355773926
0.0 0.9418669939041138 0.7155572772026062 0.05455559492111206 0.10925841331481934
0.0 0.8912421464920044 0.7109366655349731 0.06010603904724121 0.1054694652557373
0.0 0.8292484283447266 0.7086902856826782 0.07115447521209717 0.1085125207901001
0.0 0.7544991374015808 0.6960083842277527 0.08108222484588623 0.11443781852722168
0.0 0.6666195392608643 0.6870349645614624 0.08994197845458984 0.11262369155883789
0.0 0.5850380659103394 0.6781420111656189 0.09754806756973267 0.11822855472564697
0.0 0.49360930919647217 0.6663128137588501 0.10000300407409668 0.11401224136352539
0.0 0.38624876737594604 0.6499189734458923 0.1007767915725708 0.11411893367767334
0.0 0.2925525903701782 0.6259469985961914 0.09410572052001953 0.12079012393951416
0.0 0.21065068244934082 0.6193758845329285 0.09002256393432617 0.11870825290679932
0.0 0.9625576734542847 0.6056351661682129 0.046735942363739014 0.10210597515106201
0.0 0.9147080183029175 0.6037634611129761 0.06186753511428833 0.10723090171813965
0.0 0.8555701375007629 0.5979679226875305 0.06861913204193115 0.1066443920135498
0.0 0.781620979309082 0.5909169912338257 0.08375072479248047 0.11176931858062744
0.0 0.6905389428138733 0.5822902917861938 0.09565365314483643 0.12100374698638916
0.0 0.5902767181396484 0.5716079473495483 0.10176444053649902 0.11577367782592773
0.0 0.48051393032073975 0.5611917972564697 0.09866869449615479 0.11534643173217773
0.0 0.37611591815948486 0.5404748916625977 0.10451340675354004 0.11918973922729492
0.0 0.28068453073501587 0.5233613848686218 0.09501266479492188 0.11636030673980713
0.0 0.19990330934524536 0.5200994610786438 0.08484673500061035 0.13621413707733154
0.0 0.9804714322090149 0.5158347487449646 0.03683435916900635 0.09087017178535461
0.0 0.953704833984375 0.5097748041152954 0.05132514238357544 0.09135162830352783
0.0 0.9151158332824707 0.5036605596542358 0.05618220567703247 0.09354031085968018
0.0 0.868253767490387 0.5003478527069092 0.06509625911712646 0.10312142968177795
0.0 0.8137331008911133 0.4896690249443054 0.07790607213973999 0.10792604088783264
0.0 0.7494981288909912 0.48080408573150635 0.08564525842666626 0.10899409651756287
0.0 0.6817140579223633 0.46908342838287354 0.08663272857666016 0.11064866185188293
0.0 0.603681743144989 0.46304625272750854 0.09816098213195801 0.10616621375083923
0.0 0.5216467976570129 0.4517248868942261 0.09661316871643066 0.10595265030860901
0.0 0.4423607587814331 0.4376281499862671 0.09669363498687744 0.11203718185424805
0.0 0.3646225929260254 0.42374512553215027 0.09549260139465332 0.10883468389511108
0.0 0.2902200222015381 0.41426563262939453 0.09079647064208984 0.11881506443023682
0.0 0.21968698501586914 0.4053202271461487 0.08319032192230225 0.11321032047271729
0.0 0.9808037877082825 0.4248857796192169 0.03839242458343506 0.08750832080841064
0.0 0.9521375894546509 0.41255396604537964 0.0551946759223938 0.09188568592071533
0.0 0.9111201167106628 0.406893253326416 0.059064269065856934 0.09241968393325806
0.0 0.8634577989578247 0.39794954657554626 0.0665898323059082 0.09193992614746094
0.0 0.8080563545227051 0.3879377543926239 0.07024574279785156 0.09092611074447632
0.0 0.746570348739624 0.37629759311676025 0.08236223459243774 0.10170841217041016
0.0 0.6738224029541016 0.36625784635543823 0.08855360746383667 0.10256284475326538
0.0 0.5990731120109558 0.3535759150981903 0.09282410144805908 0.11150312423706055
0.0 0.5203474760055542 0.34113386273384094 0.09274357557296753 0.1054186224937439
0.0 0.44340944290161133 0.3328818082809448 0.08943426609039307 0.10344356298446655
0.0 0.3692467212677002 0.3273787498474121 0.0885535478591919 0.10256284475326538
0.0 0.2990603446960449 0.32163578271865845 0.08986151218414307 0.10653924942016602
0.0 0.23648005723953247 0.3122105598449707 0.08156204223632812 0.10691219568252563
0.0 0.9827219247817993 0.33668577671051025 0.03455621004104614 0.08980381488800049
0.0 0.9603633880615234 0.33009180426597595 0.05391305685043335 0.08259868621826172
0.0 0.9217744469642639 0.3239775598049164 0.06039845943450928 0.09108549356460571
0.0 0.8759803771972656 0.3129257261753082 0.07080602645874023 0.08948510885238647
0.0 0.8218063116073608 0.30544930696487427 0.0739017128944397 0.08991235494613647
0.0 0.7629625797271729 0.2918078303337097 0.07609039545059204 0.0947694182395935
0.0 0.6972866058349609 0.28195542097091675 0.08017361164093018 0.09685130417346954
0.0 0.6253930926322937 0.2657243013381958 0.08636486530303955 0.09770573675632477
0.0 0.5488823056221008 0.2543765902519226 0.08460342884063721 0.09594428539276123
0.0 0.4729580879211426 0.25020772218704224 0.08924698829650879 0.09658513963222504
0.0 0.3987691402435303 0.23918044567108154 0.08487129211425781 0.10888725519180298
0.0 0.3303704857826233 0.23762744665145874 0.0890876054763794 0.10643242299556732
0.0 0.26205235719680786 0.22977635264396667 0.0813746452331543 0.10005374252796173
0.0 0.9993176460266113 0.24795344471931458 0.0013647079467773438 0.0960739403963089
0.0 0.9839662909507751 0.2401057779788971 0.03206741809844971 0.09831686317920685
0.0 0.964213490486145 0.2336186021566391 0.05482172966003418 0.10018512606620789
0.0 0.9229824542999268 0.22950568795204163 0.06023913621902466 0.1009327620267868
0.0 0.8794033527374268 0.21954818069934845 0.06079941987991333 0.09949174523353577
0.0 0.8285385370254517 0.21095116436481476 0.07283538579940796 0.10418948531150818
0.0 0.770601749420166 0.20216679573059082 0.07729148864746094 0.09797191619873047
0.0 0.7050326466560364 0.1915404349565506 0.08038723468780518 0.09839913249015808
0.0 0.6376757621765137 0.1767241209745407 0.08241474628448486 0.09108719229698181
0.0 0.5637266635894775 0.16967320442199707 0.08593767881393433 0.09461009502410889
0.0 0.4914321303367615 0.16206197440624237 0.08425676822662354 0.0989331603050232
0.0 0.3543424606323242 0.14393122494220734 0.08324301242828369 0.10258913040161133
0.0 0.2878120541572571 0.14027012884616852 0.0733957290649414 0.10274848341941833
0.0 0.4225537180900574 0.15255624055862427 0.0881263017654419 0.0994671881198883
