0.0 0.06672298908233643 0.9635416865348816 0.09459459781646729 0.020833253860473633
0.0 0.06418919563293457 0.9539930820465088 0.0962836742401123 0.03993058204650879
0.0 0.0625 0.921875 0.10135138034820557 0.043402791023254395
0.0 0.06503373384475708 0.9001736044883728 0.09797298908233643 0.04513883590698242
0.0 0.059966206550598145 0.858506977558136 0.09797298908233643 0.046875
0.0 0.061655402183532715 0.8315972089767456 0.09797298908233643 0.046875
0.0 0.061655402183532715 0.7829861044883728 0.09797298908233643 0.052083373069763184
0.0 0.06081080436706543 0.7508680820465088 0.09797298908233643 0.05381941795349121
0.0 0.056587815284729004 0.6909722089767456 0.09797298908233643 0.05381941795349121
0.0 0.058277010917663574 0.6519097089767456 0.0962836742401123 0.06076383590698242
0.0 0.05067569017410278 0.585069477558136 0.10135138034820557 0.05729174613952637
0.0 0.05574321746826172 0.5416666865348816 0.09797298908233643 0.05729174613952637
0.0 0.054898619651794434 0.4730902910232544 0.09290540218353271 0.059027791023254395
0.0 0.05152022838592529 0.4288194477558136 0.09121620655059814 0.05555558204650879
0.0 0.05152022838592529 0.3741319477558136 0.099662184715271 0.059027791023254395
0.0 0.05320948362350464 0.3315972089767456 0.09628379344940186 0.057291626930236816
0.0 0.05320948362350464 0.2916666567325592 0.09121620655059814 0.05381941795349121
0.0 0.054898619651794434 0.2534722089767456 0.08952713012695312 0.0520833283662796
0.0 0.05912160873413086 0.2161458283662796 0.09290540218353271 0.05034723877906799
0.0 0.06081080436706543 0.1796874850988388 0.08952713012695312 0.04687502980232239
0.0 0.06841212511062622 0.1493055522441864 0.09459459781646729 0.046875
0.0 0.06841212511062622 0.1137152761220932 0.09628379344940186 0.04687502235174179
0.0 0.17060810327529907 0.9748263359069824 0.10304057598114014 0.013888955116271973
0.0 0.1807432770729065 0.9670138955116272 0.09121620655059814 0.03125
0.0 0.17905402183532715 0.9513888955116272 0.10472965240478516 0.03645825386047363
0.0 0.17736488580703735 0.9322916865348816 0.10472965240478516 0.034722208976745605
0.0 0.17736488580703735 0.9114583730697632 0.10472965240478516 0.04166674613952637
0.0 0.16554051637649536 0.8880208134651184 0.10810816287994385 0.043402791023254395
0.0 0.16469591856002808 0.8619791269302368 0.10135138034820557 0.04166674613952637
0.0 0.16300678253173828 0.8237847685813904 0.11148643493652344 0.050347208976745605
0.0 0.16554051637649536 0.7916666269302368 0.10472965240478516 0.050347208976745605
0.0 0.16469591856002808 0.7430555820465088 0.10810816287994385 0.05381941795349121
0.0 0.16638511419296265 0.7057291269302368 0.10979735851287842 0.05555546283721924
0.0 0.16216212511062622 0.6432291865348816 0.10472965240478516 0.059027791023254395
0.0 0.16807430982589722 0.6015625 0.10472965240478516 0.06076383590698242
0.0 0.16385138034820557 0.532118022441864 0.11148643493652344 0.05729174613952637
0.0 0.16385138034820557 0.4869791269302368 0.10810816287994385 0.05729171633720398
0.0 0.16216212511062622 0.4192708134651184 0.11148643493652344 0.06076383590698242
0.0 0.16216212511062622 0.3732638955116272 0.10472965240478516 0.05555558204650879
0.0 0.16807430982589722 0.3324652910232544 0.10810816287994385 0.057291626930236816
0.0 0.16807430982589722 0.2907986342906952 0.11486494541168213 0.059027791023254395
0.0 0.17567569017410278 0.2456597238779068 0.11486494541168213 0.05902782082557678
0.0 0.1689189076423645 0.2092013955116272 0.10810816287994385 0.05555558204650879
0.0 0.38429051637649536 0.967881977558136 0.11993241310119629 0.06076383590698242
0.0 0.3800675868988037 0.9131944179534912 0.11486494541168213 0.06944441795349121
0.0 0.37246620655059814 0.844618022441864 0.11993241310119629 0.08333337306976318
0.0 0.37331080436706543 0.7604166865348816 0.125 0.09375
0.0 0.3682432174682617 0.6623263359069824 0.125 0.10416662693023682
0.0 0.3648648262023926 0.5720486640930176 0.13006746768951416 0.1128472089767456
0.0 0.3623310923576355 0.46875 0.12668919563293457 0.11631941795349121
0.0 0.3614864945411682 0.3489583134651184 0.12668919563293457 0.11631947755813599
0.0 0.37162160873413086 0.2413194477558136 0.13344597816467285 0.1076388955116272
0.0 0.3648648262023926 0.1510416716337204 0.13175678253173828 0.102430559694767
0.0 0.5050675868988037 0.9735243320465088 0.11317563056945801 0.05295133590698242
0.0 0.4991554021835327 0.9210069179534912 0.11655402183532715 0.07291662693023682
0.0 0.4949324131011963 0.8550347089767456 0.11824321746826172 0.07986104488372803
0.0 0.49070942401885986 0.772569477558136 0.12331080436706543 0.0972222089767456
0.0 0.48479729890823364 0.6710069179534912 0.13344597816467285 0.109375
0.0 0.47888508439064026 0.5590277910232544 0.12837833166122437 0.11631941795349121
0.0 0.47212839126586914 0.4366319477558136 0.12668919563293457 0.1128472089767456
0.0 0.4763513207435608 0.3185763657093048 0.13175678253173828 0.11979168653488159
0.0 0.47888508439064026 0.2109375 0.12837833166122437 0.109375
0.0 0.4687500298023224 0.1215277761220932 0.15033787488937378 0.09895831346511841
0.0 0.6038851737976074 0.9782986044883728 0.09797292947769165 0.043402791023254395
0.0 0.605574369430542 0.9479166269302368 0.10135132074356079 0.06076383590698242
0.0 0.6064189076423645 0.9045138955116272 0.10135138034820557 0.06423604488372803
0.0 0.6013513803482056 0.852430522441864 0.11486482620239258 0.0746527910232544
0.0 0.6038851737976074 0.7907986044883728 0.11824321746826172 0.09027767181396484
0.0 0.6021959781646729 0.71875 0.11993241310119629 0.0972222089767456
0.0 0.6038851737976074 0.6423611044883728 0.12162160873413086 0.09895825386047363
0.0 0.5979729890823364 0.5555555820465088 0.11824321746826172 0.11111116409301758
0.0 0.5954391956329346 0.46354174613952637 0.11655402183532715 0.10937502980232239
0.0 0.5971283912658691 0.3732638955116272 0.12331080436706543 0.11111116409301758
0.0 0.599662184715271 0.285590261220932 0.11993241310119629 0.109375
0.0 0.5971283912658691 0.203125 0.13175678253173828 0.1041666716337204
0.0 0.5945945978164673 0.1241319477558136 0.125 0.0954861044883728
0.0 0.7018581032752991 0.9670138955116272 0.09797298908233643 0.05381941795349121
0.0 0.7094594240188599 0.928819477558136 0.10135132074356079 0.06423604488372803
0.0 0.7077702283859253 0.883680522441864 0.10135132074356079 0.06944441795349121
0.0 0.7103040218353271 0.8289930820465088 0.10135132074356079 0.078125
0.0 0.7119932174682617 0.7673611640930176 0.10135132074356079 0.0815972089767456
0.0 0.7136824131011963 0.6970486044883728 0.11317569017410278 0.09375
0.0 0.7119932174682617 0.616319477558136 0.11486488580703735 0.10069453716278076
0.0 0.7136824131011963 0.532118022441864 0.12331080436706543 0.105902761220932
0.0 0.7136824131011963 0.4427083432674408 0.11655408143997192 0.10590273141860962
0.0 0.7094594240188599 0.3576388657093048 0.11486488580703735 0.10243058204650879
0.0 0.7027027010917664 0.2751736044883728 0.11486482620239258 0.10069441795349121
0.0 0.6976351141929626 0.1961805671453476 0.11824321746826172 0.1024305522441864
0.0 0.6967905759811401 0.126736119389534 0.11824321746826172 0.09375
0.0 0.7972972989082336 0.9592013955116272 0.09797298908233643 0.06076383590698242
0.0 0.7981418967247009 0.9244791865348816 0.09121620655059814 0.0625
0.0 0.7989864945411682 0.8810763955116272 0.099662184715271 0.07118058204650879
0.0 0.8032094240188599 0.8289930820465088 0.09797292947769165 0.07986104488372803
0.0 0.8015202879905701 0.7673611640930176 0.09797298908233643 0.08333337306976318
0.0 0.806587815284729 0.7013888359069824 0.10472971200942993 0.08854162693023682
0.0 0.8057432174682617 0.6267361044883728 0.1064189076423645 0.09201395511627197
0.0 0.8116554021835327 0.546006977558136 0.1081080436706543 0.09895825386047363
0.0 0.8108108043670654 0.4592013955116272 0.10641884803771973 0.09722217917442322
0.0 0.8032094240188599 0.375 0.10810810327529907 0.10243058204650879
0.0 0.8023648262023926 0.2916666567325592 0.11993247270584106 0.0972222089767456
0.0 0.7922297716140747 0.2170138955116272 0.1182432770729065 0.10069441795349121
0.0 0.7888513803482056 0.140625 0.10979729890823364 0.0920139029622078
0.0 0.8961148262023926 0.9722222089767456 0.10472971200942993 0.04166674613952637
0.0 0.900337815284729 0.9461805820465088 0.10810810327529907 0.06076383590698242
0.0 0.9028716087341309 0.9114583730697632 0.10979729890823364 0.0625
0.0 0.8994932174682617 0.8663194179534912 0.10979729890823364 0.06770837306976318
0.0 0.9028716087341309 0.8168402910232544 0.10810810327529907 0.06944441795349121
0.0 0.9037162065505981 0.7595486044883728 0.11486488580703735 0.08333337306976318
0.0 0.9037162065505981 0.694444477558136 0.10810810327529907 0.08854162693023682
0.0 0.9037162065505981 0.6197916865348816 0.10979729890823364 0.09201395511627197
0.0 0.9087837934494019 0.5442708134651184 0.099662184715271 0.09375
0.0 0.9037162065505981 0.4609374701976776 0.10472971200942993 0.09895831346511841
0.0 0.8994932174682617 0.3802083432674408 0.10979729890823364 0.0954861044883728
0.0 0.8969594240188599 0.2274305522441864 0.11317569017410278 0.095486119389534
0.0 0.8893581032752991 0.1536458432674408 0.11317574977874756 0.0833333432674408
0.0 0.8994932174682617 0.3029513955116272 0.11148649454116821 0.10069441795349121
