0.0 0.10067081451416016 0.9882479906082153 0.0980609655380249 0.023504018783569336
0.0 0.09744268655776978 0.978908896446228 0.10106468200683594 0.042182207107543945
0.0 0.09356790781021118 0.9492494463920593 0.1064755916595459 0.049608469009399414
0.0 0.09470540285110474 0.9277212023735046 0.10313940048217773 0.051087021827697754
0.0 0.08673948049545288 0.8870629072189331 0.1032555103302002 0.05279552936553955
0.0 0.08666551113128662 0.8604666590690613 0.1032555103302002 0.05279552936553955
0.0 0.08341360092163086 0.8126296401023865 0.10360395908355713 0.05792093276977539
0.0 0.08040183782577515 0.7810804843902588 0.10372006893157959 0.05962944030761719
0.0 0.07207947969436646 0.7224257588386536 0.10372006893157959 0.05962944030761719
0.0 0.07119256258010864 0.6838703155517578 0.10245835781097412 0.06634831428527832
0.0 0.05895322561264038 0.6186116933822632 0.10740470886230469 0.06327629089355469
0.0 0.061228275299072266 0.575555145740509 0.10395240783691406 0.06304633617401123
0.0 0.05577760934829712 0.5081282258033752 0.09888982772827148 0.06440997123718262
0.0 0.04936361312866211 0.4647921919822693 0.0969313383102417 0.060878098011016846
0.0 0.04930126667022705 0.41097551584243774 0.0986025333404541 0.06486976146697998
0.0 0.04784953594207764 0.3690031170845032 0.09569907188415527 0.0629313588142395
0.0 0.04516118764877319 0.32970842719078064 0.09032237529754639 0.05916959047317505
0.0 0.044286131858825684 0.2920072078704834 0.08857226371765137 0.057346224784851074
0.0 0.04602944850921631 0.25498780608177185 0.09205889701843262 0.055867671966552734
0.0 0.044751882553100586 0.2189950793981552 0.08950376510620117 0.052220821380615234
0.0 0.04891425371170044 0.18857966363430023 0.09782850742340088 0.05256563425064087
0.0 0.048155367374420166 0.15355610847473145 0.09631073474884033 0.0526806116104126
0.0 0.20758706331253052 0.991830587387085 0.10622739791870117 0.016338825225830078
0.0 0.21742165088653564 0.9835717678070068 0.0953054428100586 0.03285646438598633
0.0 0.21465015411376953 0.9703620076179504 0.10946333408355713 0.043004512786865234
0.0 0.2116464376449585 0.9516838788986206 0.10934722423553467 0.04129600524902344
0.0 0.2102527618408203 0.9311822652816772 0.10981178283691406 0.048129916191101074
0.0 0.19660145044326782 0.908922553062439 0.11338043212890625 0.05006825923919678
0.0 0.19399625062942505 0.8833529949188232 0.10635948181152344 0.04790008068084717
0.0 0.1897149682044983 0.8458817601203918 0.11729729175567627 0.05713212490081787
0.0 0.19015562534332275 0.8141027092933655 0.11039245128631592 0.05667233467102051
0.0 0.18604058027267456 0.7663230895996094 0.11407721042633057 0.06031906604766846
0.0 0.18526971340179443 0.7294760942459106 0.11591958999633789 0.06214249134063721
0.0 0.17677319049835205 0.6682587265968323 0.11097323894500732 0.06521463394165039
0.0 0.1800275444984436 0.6268531680107117 0.11108934879302979 0.06692302227020264
0.0 0.17106640338897705 0.5588018894195557 0.11776185035705566 0.06396591663360596
0.0 0.168046772480011 0.5143818259239197 0.11430954933166504 0.06373608112335205
0.0 0.16179102659225464 0.4478665590286255 0.11799418926239014 0.0673828125
0.0 0.15871328115463257 0.4025922417640686 0.11074090003967285 0.06179767847061157
0.0 0.16202574968338013 0.3620409667491913 0.11430954933166504 0.06373602151870728
0.0 0.15923833847045898 0.32103776931762695 0.12133049964904785 0.06590431928634644
0.0 0.16398662328720093 0.27610036730766296 0.12133049964904785 0.06590431928634644
0.0 0.15464282035827637 0.24068236351013184 0.11419343948364258 0.06202755868434906
0.0 0.4254869818687439 0.9693237543106079 0.1266251802444458 0.06135249137878418
0.0 0.41751301288604736 0.9190970063209534 0.12202739715576172 0.07615506649017334
0.0 0.40515756607055664 0.8521298170089722 0.12813496589660645 0.09016776084899902
0.0 0.40038782358169556 0.7692117691040039 0.13401055335998535 0.10076332092285156
0.0 0.38864725828170776 0.6730282306671143 0.13470733165740967 0.11101412773132324
0.0 0.37915557622909546 0.5844179391860962 0.140466570854187 0.11990129947662354
0.0 0.36965590715408325 0.4829365909099579 0.1372464895248413 0.1230883002281189
0.0 0.3607791066169739 0.3651098906993866 0.1372464895248413 0.1230883002281189
0.0 0.36393558979034424 0.2584953010082245 0.1435706615447998 0.11500577628612518
0.0 0.350991427898407 0.17011485993862152 0.14149606227874756 0.1097654327750206
0.0 0.5493168830871582 0.9700276255607605 0.11925578117370605 0.059944748878479004
0.0 0.539732813835144 0.9186813235282898 0.12398582696914673 0.07968688011169434
0.0 0.5310039520263672 0.8540469408035278 0.12617653608322144 0.08663570880889893
0.0 0.5211718082427979 0.773182213306427 0.13251656293869019 0.10406529903411865
0.0 0.5083358883857727 0.673639178276062 0.14368677139282227 0.1167142391204834
0.0 0.4948031008243561 0.5638455152511597 0.1389726996421814 0.12320315837860107
0.0 0.4797104001045227 0.44385838508605957 0.1370142698287964 0.11967134475708008
0.0 0.4761282801628113 0.3273952901363373 0.14265739917755127 0.12685006856918335
0.0 0.47151684761047363 0.2212979793548584 0.13850808143615723 0.1163693517446518
0.0 0.455178439617157 0.13400165736675262 0.16025197505950928 0.10761287808418274
0.0 0.6505900025367737 0.9679339528083801 0.10302317142486572 0.04937863349914551
0.0 0.650283694267273 0.9379208087921143 0.10763692855834961 0.06669318675994873
0.0 0.648243248462677 0.895151674747467 0.10786926746368408 0.07011008262634277
0.0 0.639580488204956 0.8442425727844238 0.1223757266998291 0.08128046989440918
0.0 0.6380468010902405 0.7834196090698242 0.12687337398529053 0.0968865156173706
0.0 0.6315007209777832 0.7126331925392151 0.12906408309936523 0.1038353443145752
0.0 0.6281167268753052 0.6373457312583923 0.1309065818786621 0.10565876960754395
0.0 0.6162680387496948 0.5523247718811035 0.1282670497894287 0.11738821864128113
0.0 0.6075232028961182 0.4619484841823578 0.12642478942871094 0.11556476354598999
0.0 0.6032100915908813 0.37299326062202454 0.13344568014144897 0.11773306131362915
0.0 0.5999343395233154 0.2865432798862457 0.12987715005874634 0.11579461395740509
0.0 0.5918283462524414 0.20556356012821198 0.14161205291748047 0.11147388815879822
0.0 0.5839546918869019 0.12800076603889465 0.1341266632080078 0.10247176140546799
0.0 0.7499547004699707 0.9501619935035706 0.10371994972229004 0.05962932109832764
0.0 0.755167543888092 0.9120584726333618 0.10786926746368408 0.07011008262634277
0.0 0.7504216432571411 0.867753267288208 0.10821771621704102 0.07523548603057861
0.0 0.7493525147438049 0.8137641549110413 0.10879838466644287 0.0837777853012085
0.0 0.7469557523727417 0.7529987096786499 0.10903072357177734 0.08719468116760254
0.0 0.7439782619476318 0.6836907863616943 0.12192708253860474 0.09995865821838379
0.0 0.7368515133857727 0.6043621301651001 0.12411785125732422 0.10690748691558838
0.0 0.7329448461532593 0.5213865041732788 0.13309723138809204 0.11260759830474854
0.0 0.7269636392593384 0.43340054154396057 0.12619256973266602 0.11214780807495117
0.0 0.7169572114944458 0.34997302293777466 0.12423396110534668 0.10861599445343018
0.0 0.704535722732544 0.26928067207336426 0.12411785125732422 0.10690747201442719
0.0 0.6940727233886719 0.19189032912254333 0.12768638134002686 0.10884582996368408
0.0 0.6885640621185303 0.12360915541648865 0.12710565328598022 0.10030350089073181
0.0 0.8469624519348145 0.9359793663024902 0.10418462753295898 0.06646323204040527
0.0 0.8455027341842651 0.9017525315284729 0.0973958969116211 0.06771194934844971
0.0 0.843462347984314 0.8589833974838257 0.10660761594772339 0.0768289566040039
0.0 0.8442935943603516 0.8074420690536499 0.10546207427978516 0.08525633811950684
0.0 0.8384444117546082 0.7469064593315125 0.10569441318511963 0.08867335319519043
0.0 0.8392096757888794 0.6816398501396179 0.11294764280319214 0.09425854682922363
0.0 0.8333525657653809 0.6082332730293274 0.11490613222122192 0.09779047966003418
0.0 0.833993673324585 0.5283873677253723 0.1170969009399414 0.10473918914794922
0.0 0.8273235559463501 0.4430215060710907 0.11525458097457886 0.10291576385498047
0.0 0.8139227628707886 0.360678106546402 0.1173291802406311 0.10815614461898804
0.0 0.8074849843978882 0.27872923016548157 0.12906414270401 0.1038353443145752
0.0 0.7921336889266968 0.20595486462116241 0.1275702714920044 0.10713735222816467
0.0 0.7835711240768433 0.13101224601268768 0.11835861206054688 0.09802031517028809
0.0 0.9469552040100098 0.9420683979988098 0.10608965158462524 0.048129916191101074
0.0 0.9470593929290771 0.9161540269851685 0.1058812141418457 0.0671529769897461
0.0 0.9467320442199707 0.881812334060669 0.1065359115600586 0.06897640228271484
0.0 0.9434089064598083 0.8376220464706421 0.1131821870803833 0.07410180568695068
0.0 0.9438825845718384 0.7887008786201477 0.11223477125167847 0.07569527626037598
0.0 0.9404393434524536 0.7322640419006348 0.119121253490448 0.08982288837432861
0.0 0.9380016326904297 0.6681965589523315 0.11640006303787231 0.09448838233947754
0.0 0.9330075979232788 0.5947325229644775 0.1183585524559021 0.09802031517028809
0.0 0.933134138584137 0.5200693607330322 0.10811746120452881 0.09903907775878906
0.0 0.9223807454109192 0.4384078085422516 0.11364448070526123 0.10450929403305054
0.0 0.9126647114753723 0.3592515289783478 0.1185908317565918 0.10143721103668213
0.0 0.8998550176620483 0.20907889306545258 0.12204325199127197 0.1016671359539032
0.0 0.8871511220932007 0.1369863599538803 0.12123024463653564 0.0897078812122345
0.0 0.907496452331543 0.28322476148605347 0.12066549062728882 0.10667754709720612
