0.0 0.992455005645752 0.1047491729259491 0.015089988708496094 0.07626510411500931
0.0 0.9840623140335083 0.10162152349948883 0.03187531232833862 0.07494302839040756
0.0 0.9568214416503906 0.09890735149383545 0.04014354944229126 0.07848414778709412
0.0 0.9373802542686462 0.0968775525689125 0.04191410541534424 0.08025471866130829
0.0 0.900380551815033 0.0907227024435997 0.04478251934051514 0.07915686070919037
0.0 0.8761882781982422 0.08879335224628448 0.04368472099304199 0.08202526718378067
0.0 0.8335521817207336 0.08339999616146088 0.04854786396026611 0.08424431085586548
0.0 0.8048330545425415 0.08002477884292603 0.05031847953796387 0.08601486682891846
0.0 0.7514848113059998 0.07228860259056091 0.05186474323272705 0.08623909950256348
0.0 0.7164682149887085 0.06878959387540817 0.05695223808288574 0.09000448882579803
0.0 0.6561614871025085 0.06004435196518898 0.053859591484069824 0.0895560011267662
0.0 0.6176037788391113 0.05918952822685242 0.054083824157714844 0.09110233187675476
0.0 0.5560754537582397 0.05342482030391693 0.05805009603500366 0.08713605999946594
0.0 0.5166441798210144 0.04770677909255028 0.05186474323272705 0.08623910695314407
0.0 0.4682595729827881 0.045915428549051285 0.05630290508270264 0.09183085709810257
0.0 0.4301503300666809 0.04382956400513649 0.05321013927459717 0.08765912801027298
0.0 0.39347535371780396 0.04152530059218407 0.051215410232543945 0.08305060118436813
0.0 0.35889554023742676 0.04066108167171478 0.05253744125366211 0.08132216334342957
0.0 0.3260747194290161 0.04206029325723648 0.04789853096008301 0.08412058651447296
0.0 0.29292917251586914 0.041526589542627335 0.04458165168762207 0.08305317908525467
0.0 0.2645230293273926 0.04459007829427719 0.04480588436126709 0.08918015658855438
0.0 0.2333722710609436 0.04389403387904167 0.04525434970855713 0.08778806775808334
0.0 0.9954987168312073 0.1934853494167328 0.00900256633758545 0.09791368246078491
0.0 0.9872625470161438 0.20350146293640137 0.025474905967712402 0.08686515688896179
0.0 0.9761647582054138 0.19960066676139832 0.03687334060668945 0.09768944978713989
0.0 0.9599283933639526 0.19724616408348083 0.035102784633636475 0.09591889381408691
0.0 0.9412603378295898 0.1953284740447998 0.04151231050491333 0.09836214780807495
0.0 0.9208450317382812 0.18368437886238098 0.04350709915161133 0.10167902708053589
0.0 0.8976501226425171 0.1803208291530609 0.04106384515762329 0.09526950120925903
0.0 0.8635188341140747 0.1761607527732849 0.05123871564865112 0.10280022025108337
0.0 0.83423912525177 0.17665135860443115 0.049019694328308105 0.09793701767921448
0.0 0.7906056642532349 0.1726922243833542 0.05233663320541382 0.09993180632591248
0.0 0.7567991018295288 0.171736940741539 0.05410712957382202 0.10170236229896545
0.0 0.7011313438415527 0.16366441547870636 0.05652707815170288 0.09751185774803162
0.0 0.6635593175888062 0.16689962148666382 0.05652707815170288 0.09751185774803162
0.0 0.6008210182189941 0.15859119594097137 0.055877745151519775 0.10347294807434082
0.0 0.5610533952713013 0.15519264340400696 0.05542922019958496 0.1003802940249443
0.0 0.5002981424331665 0.14954005181789398 0.05742412805557251 0.10369718074798584
0.0 0.4589841961860657 0.14591726660728455 0.05365872383117676 0.09860971570014954
0.0 0.42141222953796387 0.1491524875164032 0.05388295650482178 0.1001560389995575
0.0 0.38407617807388306 0.14531713724136353 0.05787253379821777 0.10678982734680176
0.0 0.3439605236053467 0.1497623175382614 0.05787253379821777 0.10678982734680176
0.0 0.31127506494522095 0.14107540249824524 0.05388295650482178 0.1001560389995575
0.0 0.9746258854866028 0.3903055489063263 0.050748229026794434 0.11165302991867065
0.0 0.9290419816970825 0.3830178380012512 0.06560420989990234 0.10791099071502686
0.0 0.8682984113693237 0.3718410134315491 0.0768769383430481 0.11257332563400269
0.0 0.7924047112464905 0.36715081334114075 0.08682763576507568 0.11855775117874146
0.0 0.7048130035400391 0.356027752161026 0.09565705060958862 0.11681050062179565
0.0 0.623406708240509 0.3458016514778137 0.10583198070526123 0.12434124946594238
0.0 0.5316128730773926 0.336437463760376 0.1067056655883789 0.11992651224136353
0.0 0.4231341481208801 0.32781144976615906 0.1067056655883789 0.11992651224136353
0.0 0.3264538049697876 0.3303694427013397 0.10164141654968262 0.12676119804382324
0.0 0.24538379907608032 0.3178238272666931 0.09810042381286621 0.12322002649307251
0.0 0.9738482236862183 0.5016643404960632 0.05230361223220825 0.10457083582878113
0.0 0.9272623062133789 0.4932788014411926 0.06759899854660034 0.11122789978981018
0.0 0.8683898448944092 0.4855309724807739 0.07510632276535034 0.11080273985862732
0.0 0.7948272228240967 0.47565287351608276 0.08947181701660156 0.1159135103225708
0.0 0.7042550444602966 0.4633081555366516 0.10318779945373535 0.12698543071746826
0.0 0.6042927503585815 0.4503912031650543 0.10847616195678711 0.12169700860977173
0.0 0.4950525164604187 0.4361288249492645 0.10538351535797119 0.12124854326248169
0.0 0.3882206082344055 0.432478129863739 0.11201727390289307 0.12523812055587769
0.0 0.2918882966041565 0.427192360162735 0.10096871852874756 0.12212216854095459
0.0 0.21192777156829834 0.41243940591812134 0.09151315689086914 0.14043045043945312
0.0 0.9719074368476868 0.5936940908432007 0.04238593578338623 0.0939474105834961
0.0 0.9442861676216125 0.5936357378959656 0.0576249361038208 0.0946434736251831
0.0 0.9052916765213013 0.5903493165969849 0.060941874980926514 0.09663832187652588
0.0 0.8590139746665955 0.5828490853309631 0.07156527042388916 0.10726165771484375
0.0 0.8032224774360657 0.5810739398002625 0.08438432216644287 0.11214816570281982
0.0 0.7384893298149109 0.5756338834762573 0.09056961536407471 0.1130450963973999
0.0 0.6696661710739136 0.5711796283721924 0.09234023094177246 0.11481571197509766
0.0 0.5924619436264038 0.5591946244239807 0.1040380597114563 0.11197066307067871
0.0 0.5098340511322021 0.5519490242004395 0.10249179601669312 0.1117464005947113
0.0 0.4299623370170593 0.5474714636802673 0.10184240341186523 0.11770749092102051
0.0 0.35075169801712036 0.5438790917396545 0.10139381885528564 0.11461472511291504
0.0 0.27607959508895874 0.5362083315849304 0.09810042381286621 0.12321996688842773
0.0 0.20538532733917236 0.528325080871582 0.08969604969024658 0.11745989322662354
0.0 0.9550358653068542 0.6828204393386841 0.050991177558898926 0.09065389633178711
0.0 0.9203323125839233 0.688050389289856 0.060717642307281494 0.0950918197631836
0.0 0.879130482673645 0.6836544871330261 0.06558078527450562 0.09731101989746094
0.0 0.8304095268249512 0.6821152567863464 0.07308816909790039 0.0968858003616333
0.0 0.7748422622680664 0.6787938475608826 0.07595658302307129 0.09578800201416016
0.0 0.7120922803878784 0.6760096549987793 0.08812636137008667 0.10663557052612305
0.0 0.6388543844223022 0.6693363189697266 0.0943116545677185 0.10753250122070312
0.0 0.5629605650901794 0.6646461486816406 0.09874975681304932 0.11725902557373047
0.0 0.4839741587638855 0.6595074534416199 0.09939908981323242 0.11129796504974365
0.0 0.40720683336257935 0.649954080581665 0.09608221054077148 0.10930311679840088
0.0 0.33386844396591187 0.6385296583175659 0.09431159496307373 0.10753250122070312
0.0 0.26351064443588257 0.6283268332481384 0.09653067588806152 0.1123957633972168
0.0 0.2010970115661621 0.6232231855392456 0.08725261688232422 0.11105036735534668
0.0 0.9414812326431274 0.77084881067276 0.05740070343017578 0.09309709072113037
0.0 0.9099941253662109 0.7702299356460571 0.0593721866607666 0.08581399917602539
0.0 0.8709995746612549 0.7669435143470764 0.06690287590026855 0.09598886966705322
0.0 0.8236007690429688 0.7671748995780945 0.07727867364883423 0.09446585178375244
0.0 0.7690308690071106 0.7624192237854004 0.08037137985229492 0.09491431713104248
0.0 0.7090371251106262 0.7624030113220215 0.08104407787322998 0.09955334663391113
0.0 0.6427577137947083 0.7567387819290161 0.08590734004974365 0.10177242755889893
0.0 0.5693960189819336 0.756362795829773 0.09209257364273071 0.102669358253479
0.0 0.4920680522918701 0.7506752610206604 0.09032201766967773 0.1008988618850708
0.0 0.4166345000267029 0.7373681664466858 0.0951852798461914 0.10311782360076904
0.0 0.34251129627227783 0.7313558459281921 0.09056961536407471 0.1130450963973999
0.0 0.27514564990997314 0.7168504595756531 0.09476006031036377 0.11062514781951904
0.0 0.2067708969116211 0.7093035578727722 0.08790218830108643 0.10508918762207031
0.0 0.9425045251846313 0.8617807030677795 0.033780694007873535 0.09724092483520508
0.0 0.9222785234451294 0.8651630878448486 0.05697554349899292 0.10060453414916992
0.0 0.8915645480155945 0.8646562695503235 0.06029248237609863 0.10259926319122314
0.0 0.8504747748374939 0.8594871759414673 0.06670200824737549 0.10504269599914551
0.0 0.8055075407028198 0.8592817187309265 0.06647777557373047 0.10349619388580322
0.0 0.7546913623809814 0.8558598160743713 0.07929682731628418 0.10838282108306885
0.0 0.6961435079574585 0.8513167500495911 0.08303886651992798 0.10287022590637207
0.0 0.6296398639678955 0.8471987843513489 0.08613157272338867 0.10331869125366211
0.0 0.5611413717269897 0.8459492921829224 0.08810305595397949 0.09603559970855713
0.0 0.48680564761161804 0.8359591364860535 0.09164410829544067 0.09957659244537354
0.0 0.4146772027015686 0.8270784020423889 0.09077048301696777 0.10399138927459717
0.0 0.27770358324050903 0.8135308623313904 0.08967268466949463 0.10685980319976807
0.0 0.21143579483032227 0.8023422956466675 0.07907259464263916 0.10683655738830566
0.0 0.3460782766342163 0.8210777640342712 0.09386312961578369 0.10443985462188721
