0.0 0.08127956837415695 0.9819068312644958 0.0878233015537262 0.01501139160245657
0.0 0.07840301841497421 0.97322678565979 0.0883176177740097 0.03219175711274147
0.0 0.0753297358751297 0.9442201852798462 0.09309305995702744 0.03545023128390312
0.0 0.07745331525802612 0.9247419238090515 0.09001429378986359 0.036922186613082886
0.0 0.07070008665323257 0.8878136873245239 0.09005923569202423 0.038484133780002594
0.0 0.07141909003257751 0.862824022769928 0.09005923569202423 0.038484133780002594
0.0 0.06953117251396179 0.8197831511497498 0.08863218873739243 0.04312468692660332
0.0 0.06801973283290863 0.7908214926719666 0.08867711573839188 0.044686514884233475
0.0 0.06176081672310829 0.7367128729820251 0.08867711573839188 0.044686514884233475
0.0 0.06199098750948906 0.70154869556427 0.08729501813650131 0.050889015197753906
0.0 0.051984719932079315 0.6418612003326416 0.09189070761203766 0.04790017008781433
0.0 0.05545094981789589 0.6028822660446167 0.08876699954271317 0.04781029373407364
0.0 0.0517595037817955 0.5410317778587341 0.08412638306617737 0.04923731088638306
0.0 0.04743892326951027 0.5010472536087036 0.08247464150190353 0.04606868326663971
0.0 0.04570828750729561 0.45253986120224 0.09037379175424576 0.04941706359386444
0.0 0.045247409492731094 0.41422951221466064 0.08720514923334122 0.04776535555720329
0.0 0.04393819719552994 0.3782394528388977 0.08242970705032349 0.044506825506687164
0.0 0.04414590075612068 0.34385621547698975 0.08086785674095154 0.04446188732981682
0.0 0.046696390956640244 0.30954036116600037 0.08390168845653534 0.04142804443836212
0.0 0.04685915261507034 0.27671897411346436 0.0822499543428421 0.03825938701629639
0.0 0.05233112722635269 0.24952134490013123 0.08693552017211914 0.038394197821617126
0.0 0.05169049650430679 0.21745841205120087 0.08849737048149109 0.03843913599848747
0.0 0.1772436946630478 0.9877942204475403 0.09545283019542694 0.008988642133772373
0.0 0.1868395060300827 0.980254590511322 0.08340736478567123 0.024247676134109497
0.0 0.18412023782730103 0.9661080837249756 0.09603702276945114 0.029292667284607887
0.0 0.1822493076324463 0.9496411681175232 0.0959920808672905 0.02773083746433258
0.0 0.1812267005443573 0.9308540225028992 0.09617183357477188 0.03397827595472336
0.0 0.16931606829166412 0.9101904034614563 0.09934046119451523 0.03562998026609421
0.0 0.1676473468542099 0.886695146560669 0.09304811805486679 0.033888399600982666
0.0 0.16473133862018585 0.8522220849990845 0.10108207166194916 0.04192235693335533
0.0 0.16634362936019897 0.8233502507209778 0.09483466297388077 0.041742607951164246
0.0 0.1636972427368164 0.7795059680938721 0.09804824739694595 0.04495614394545555
0.0 0.16388247907161713 0.7459036707878113 0.09965504705905914 0.046563029289245605
0.0 0.15766850113868713 0.6902331709861755 0.0950593501329422 0.04955187439918518
0.0 0.16111226379871368 0.6520351767539978 0.09510429203510284 0.05111370608210564
0.0 0.15507803857326508 0.5901172757148743 0.10126182436943054 0.04816979542374611
0.0 0.1531227082014084 0.5494191646575928 0.09813812375068665 0.048079922795295715
0.0 0.14940878748893738 0.4883496165275574 0.10135170072317123 0.05129348486661911
0.0 0.1474759429693222 0.4468706250190735 0.09496947377920151 0.04642815515398979
0.0 0.1516556739807129 0.41025692224502563 0.09813810884952545 0.04807991907000542
0.0 0.1496104896068573 0.3726825714111328 0.10438553988933563 0.0482596717774868
0.0 0.15546441078186035 0.33220916986465454 0.10438553988933563 0.0482596717774868
0.0 0.147817924618721 0.2991631031036377 0.0980931892991066 0.046518031507730484
0.0 0.3746214509010315 0.9731523394584656 0.10911606252193451 0.049956314265728
0.0 0.3689861595630646 0.9245326519012451 0.10465513914823532 0.05763076990842819
0.0 0.35902485251426697 0.8632832765579224 0.10813836008310318 0.07021552324295044
0.0 0.35729968547821045 0.7874211072921753 0.1130935400724411 0.07972143590450287
0.0 0.3488832414150238 0.6996426582336426 0.11180133372545242 0.08904759585857391
0.0 0.34184888005256653 0.6181566715240479 0.1167115718126297 0.09699167311191559
0.0 0.33590999245643616 0.5257601737976074 0.1136777251958847 0.1000254899263382
0.0 0.331201434135437 0.41776755452156067 0.1136777251958847 0.10002551972866058
0.0 0.336330384016037 0.32100003957748413 0.11970047652721405 0.09239600598812103
0.0 0.3269532322883606 0.23944661021232605 0.11800383031368256 0.08766549825668335
0.0 0.48636138439178467 0.9740225672721863 0.1027338057756424 0.04509095475077629
0.0 0.47911933064460754 0.9269198179244995 0.10630687326192856 0.06079936772584915
0.0 0.47299522161483765 0.8681256175041199 0.10648662596940994 0.06704680621623993
0.0 0.46575865149497986 0.7936679124832153 0.11162155121564865 0.08280015736818314
0.0 0.45665112137794495 0.702743411064148 0.11974538862705231 0.09395789355039597
0.0 0.44703230261802673 0.6024252772331238 0.11523958295583725 0.10007039457559586
0.0 0.43612128496170044 0.4926910698413849 0.11358784884214401 0.09690182656049728
0.0 0.4360533654689789 0.3863951563835144 0.11845321208238602 0.10328405350446701
0.0 0.4341539144515991 0.28942540287971497 0.11505986750125885 0.09382302314043045
0.0 0.4216081500053406 0.20934395492076874 0.1366112232208252 0.08351919054985046
0.0 0.5777972340583801 0.9743086695671082 0.08996929973363876 0.03536035493016243
0.0 0.5785835981369019 0.9469762444496155 0.09198062866926193 0.051023829728364944
0.0 0.5773643255233765 0.9078624844551086 0.09207050502300262 0.05414760857820511
0.0 0.5708807110786438 0.8615630865097046 0.10327306389808655 0.06383327394723892
0.0 0.570914089679718 0.8060723543167114 0.10675621777772903 0.07641790062189102
0.0 0.5673125982284546 0.741098165512085 0.10849792510271072 0.08271028101444244
0.0 0.5653852224349976 0.6722642779350281 0.11010468751192093 0.08431705087423325
0.0 0.5566766262054443 0.594637930393219 0.10577858239412308 0.09667710959911346
0.0 0.551249086856842 0.5116350054740906 0.10417181998491287 0.09507034718990326
0.0 0.5496587157249451 0.4310871958732605 0.11041925847530365 0.09525009244680405
0.0 0.5488043427467346 0.3521237075328827 0.10725056380033493 0.09359832853078842
0.0 0.5431296229362488 0.2777109742164612 0.1180487722158432 0.0892273485660553
0.0 0.5381460189819336 0.2064443975687027 0.11313847452402115 0.08128326386213303
0.0 0.6680756211280823 0.9604931473731995 0.08867710083723068 0.044686514884233475
0.0 0.6737498641014099 0.926267147064209 0.09207050502300262 0.05414760857820511
0.0 0.6710136532783508 0.8855465650558472 0.09220531582832336 0.05883309990167618
0.0 0.6708672642707825 0.8363032937049866 0.09086805582046509 0.06659742444753647
0.0 0.6701198220252991 0.7807900905609131 0.09095793962478638 0.06972120702266693
0.0 0.6695970296859741 0.7174675464630127 0.1022055447101593 0.0809687003493309
0.0 0.66465824842453 0.6446391940116882 0.10238529741764069 0.08721613883972168
0.0 0.6629331111907959 0.5687769055366516 0.11028444021940231 0.09056448936462402
0.0 0.659758448600769 0.48896509408950806 0.10408193618059158 0.09194659441709518
0.0 0.6525892615318298 0.4121646583080292 0.10243023186922073 0.08877796679735184
0.0 0.6437684297561646 0.33844298124313354 0.10238529741764069 0.08721613883972168
0.0 0.6356385350227356 0.26786744594573975 0.10555389523506165 0.08886784315109253
0.0 0.6327505111694336 0.20525850355625153 0.10684609413146973 0.0795416533946991
0.0 0.755921483039856 0.9497338533401489 0.08885685354471207 0.05093395337462425
0.0 0.7560393214225769 0.9184743165969849 0.08265434950590134 0.052316032350063324
0.0 0.754819929599762 0.879360556602478 0.0906883031129837 0.06034998968243599
0.0 0.7569490075111389 0.8325274586677551 0.08778933435678482 0.06806938350200653
0.0 0.7530553340911865 0.7777052521705627 0.08787921071052551 0.0711931586265564
0.0 0.7555663585662842 0.7175964117050171 0.09426146000623703 0.07605840265750885
0.0 0.7520097494125366 0.6510603427886963 0.09591317176818848 0.07922711968421936
0.0 0.7541218400001526 0.5776532292366028 0.09609292447566986 0.08547455817461014
0.0 0.7500988245010376 0.5001616477966309 0.09604798257350922 0.08391264081001282
0.0 0.7397609949111938 0.424833208322525 0.09618279337882996 0.08859821408987045
0.0 0.7364515066146851 0.3497069776058197 0.10849792510271072 0.08271028101444244
0.0 0.7243046760559082 0.28292375802993774 0.105508953332901 0.08730600029230118
0.0 0.7184727191925049 0.21397750079631805 0.09903682768344879 0.07931696623563766
0.0 0.8479135036468506 0.9578517079353333 0.0961718037724495 0.03397827595472336
0.0 0.850930392742157 0.9344913363456726 0.09822794795036316 0.05120357871055603
0.0 0.8518291115760803 0.9032542705535889 0.09983483701944351 0.05281034857034683
0.0 0.8475310206413269 0.8624887466430664 0.09996964782476425 0.05749595910310745
0.0 0.8488117456436157 0.8179759383201599 0.09845263510942459 0.059012848883867264
0.0 0.8471710085868835 0.7663449048995972 0.10349775105714798 0.07164254039525986
0.0 0.8449515104293823 0.7076630592346191 0.09738512337207794 0.07614827901124954
0.0 0.8421758413314819 0.6411494612693787 0.09903682768344879 0.07931699603796005
0.0 0.844153106212616 0.5724278688430786 0.08971066772937775 0.08060919493436813
0.0 0.8361355662345886 0.49794772267341614 0.09296926110982895 0.08538465201854706
0.0 0.8296125531196594 0.42585527896881104 0.09912670403718948 0.08244065195322037
0.0 0.8210722208023071 0.28805267810821533 0.10225048661231995 0.08253054320812225
0.0 0.8112457394599915 0.22211778163909912 0.10193591564893723 0.07159757614135742
0.0 0.8261457085609436 0.3561955392360687 0.09926152229309082 0.08712626248598099
