0.0 0.9971945285797119 0.8939440250396729 0.0056108832359313965 0.0876162052154541
0.0 0.9887752532958984 0.8980277180671692 0.022449493408203125 0.0877830982208252
0.0 0.9644438028335571 0.9026705026626587 0.0345420241355896 0.09277784824371338
0.0 0.9446904063224792 0.9016507267951965 0.03576159477233887 0.08983767032623291
0.0 0.907906174659729 0.9103190898895264 0.038868725299835205 0.09017157554626465
0.0 0.8835756182670593 0.9105769991874695 0.03731513023376465 0.090004563331604
0.0 0.8399926424026489 0.9144758582115173 0.04180878400802612 0.08895206451416016
0.0 0.8112519979476929 0.917565107345581 0.043195366859436035 0.08756554126739502
0.0 0.757988452911377 0.926433265209198 0.04474896192550659 0.08773243427276611
0.0 0.722783088684082 0.9278600811958313 0.04924255609512329 0.08667993545532227
0.0 0.6636393070220947 0.9405032992362976 0.04680347442626953 0.0925600528717041
0.0 0.6242160201072693 0.9392404556274414 0.0463024377822876 0.08789944648742676
0.0 0.5628507733345032 0.9458364248275757 0.05046212673187256 0.0837397575378418
0.0 0.523402214050293 0.9516481757164001 0.044248104095458984 0.08307182788848877
0.0 0.47524207830429077 0.9552305936813354 0.04835700988769531 0.0895388126373291
0.0 0.4371800422668457 0.9573596715927124 0.04524993896484375 0.0852806568145752
0.0 0.4006716012954712 0.9601402878761292 0.04336237907409668 0.0797194242477417
0.0 0.36624300479888916 0.9611585736274719 0.04474902153015137 0.07768285274505615
0.0 0.3329504728317261 0.9599300622940063 0.04008829593658447 0.0801398754119873
0.0 0.2999919056892395 0.9606017470359802 0.036814212799072266 0.07879650592803955
0.0 0.27119308710098267 0.957832396030426 0.03698122501373291 0.08433520793914795
0.0 0.2401220202445984 0.9587254524230957 0.0373152494430542 0.0825490951538086
0.0 0.9997022151947021 0.7982842922210693 0.0005955100059509277 0.09538388252258301
0.0 0.9916422367095947 0.789162814617157 0.01671546697616577 0.0843421220779419
0.0 0.9809691905975342 0.7932465076446533 0.028661787509918213 0.09521687030792236
0.0 0.9647403955459595 0.7957766056060791 0.02710825204849243 0.09504997730255127
0.0 0.946097731590271 0.797780454158783 0.03332245349884033 0.0957179069519043
0.0 0.9254333972930908 0.8102163672447205 0.03520995378494263 0.09899187088012695
0.0 0.9022136926651001 0.8134979009628296 0.03298848867416382 0.09261083602905273
0.0 0.8681190013885498 0.8179484009742737 0.042977750301361084 0.09982681274414062
0.0 0.8390443325042725 0.8179305195808411 0.04092317819595337 0.09499931335449219
0.0 0.7955449223518372 0.8226061463356018 0.04419732093811035 0.09688675403594971
0.0 0.761893093585968 0.8238660097122192 0.04591786861419678 0.09860730171203613
0.0 0.7062991857528687 0.8329845666885376 0.04852396249771118 0.09428071975708008
0.0 0.6683460474014282 0.8307780623435974 0.048523902893066406 0.09428071975708008
0.0 0.6064544916152954 0.8397878408432007 0.0476384162902832 0.10032784938812256
0.0 0.5660620927810669 0.8441294431686401 0.04730445146560669 0.097220778465271
0.0 0.5054736137390137 0.8506419062614441 0.049191951751708984 0.10049474239349365
0.0 0.46430450677871704 0.8550670742988586 0.04558396339416504 0.09550023078918457
0.0 0.4270446300506592 0.8520002961158752 0.04575085639953613 0.09705376625061035
0.0 0.389759361743927 0.856007993221283 0.04952585697174072 0.10360193252563477
0.0 0.34930890798568726 0.8524983525276184 0.04952585697174072 0.10360193252563477
0.0 0.316491961479187 0.8615259528160095 0.04575085639953613 0.09705376625061035
0.0 0.9775431156158447 0.6023191809654236 0.04491370916366577 0.10842955112457275
0.0 0.9306365847587585 0.6100765466690063 0.05729365348815918 0.10443687438964844
0.0 0.8699392080307007 0.6228866577148438 0.06833553314208984 0.10715937614440918
0.0 0.794341504573822 0.628655195236206 0.07815778255462646 0.11282193660736084
0.0 0.706899881362915 0.6411970257759094 0.08714514970779419 0.11071670055389404
0.0 0.6255888938903809 0.6522940993309021 0.09541386365890503 0.11621236801147461
0.0 0.5340128540992737 0.6629230976104736 0.09801995754241943 0.11188554763793945
0.0 0.4258739948272705 0.6729750633239746 0.09801995754241943 0.11188554763793945
0.0 0.32916170358657837 0.6723698377609253 0.09108710289001465 0.11881840229034424
0.0 0.24810123443603516 0.6857972741127014 0.08781301975250244 0.11693096160888672
0.0 0.9743744134902954 0.4906558394432068 0.044698238372802734 0.1015474796295166
0.0 0.927492082118988 0.5004095435142517 0.059014201164245605 0.10615742206573486
0.0 0.8687075972557068 0.5090852975845337 0.06661498546600342 0.10543882846832275
0.0 0.7952479124069214 0.5201242566108704 0.08093088865280151 0.11004877090454102
0.0 0.7047826051712036 0.5337768197059631 0.0926406979560852 0.11898541450500488
0.0 0.604912519454956 0.5476545691490173 0.09974050521850586 0.11360609531402588
0.0 0.49588802456855774 0.5640877485275269 0.09663337469100952 0.11327219009399414
0.0 0.389578640460968 0.5692285895347595 0.10162806510925293 0.11688029766082764
0.0 0.29284095764160156 0.5756978988647461 0.09213972091674805 0.11432480812072754
0.0 0.21366804838180542 0.5920653939247131 0.08049559593200684 0.13457167148590088
0.0 0.9700431823730469 0.3991885781288147 0.034375011920928955 0.09122419357299805
0.0 0.9426055550575256 0.3997805118560791 0.04974353313446045 0.09134048223495483
0.0 0.9036833047866821 0.4031783938407898 0.05301767587661743 0.0932280421257019
0.0 0.857410728931427 0.411295086145401 0.06317389011383057 0.1019977331161499
0.0 0.8019256591796875 0.4141159951686859 0.07593625783920288 0.1064407229423523
0.0 0.7374532222747803 0.4210459291934967 0.08215045928955078 0.10710865259170532
0.0 0.6688465476036072 0.42606300115585327 0.08387100696563721 0.10882920026779175
0.0 0.5916699171066284 0.43907293677330017 0.09563148021697998 0.1039508581161499
0.0 0.5093317031860352 0.4479232132434845 0.0940779447555542 0.10378384590148926
0.0 0.42898982763290405 0.4534159302711487 0.09319233894348145 0.10983112454414368
0.0 0.35020148754119873 0.45874160528182983 0.09285843372344971 0.10672402381896973
0.0 0.2757145166397095 0.4675337076187134 0.08781301975250244 0.11693093180656433
0.0 0.20511144399642944 0.47590839862823486 0.08109784126281738 0.11160233616828918
0.0 0.9518134593963623 0.31000104546546936 0.04319542646408081 0.08756548166275024
0.0 0.9175771474838257 0.3058234751224518 0.05285072326660156 0.09167444705963135
0.0 0.876408040523529 0.31024861335754395 0.057511329650878906 0.0921754240989685
0.0 0.8279974460601807 0.3130948543548584 0.06511211395263672 0.0914568305015564
0.0 0.7718191742897034 0.3167760372161865 0.06805217266082764 0.09023725986480713
0.0 0.7093431353569031 0.3203483819961548 0.07992899417877197 0.10072743892669678
0.0 0.6363261938095093 0.3281967341899872 0.08614325523376465 0.10139542818069458
0.0 0.5607284307479858 0.3339652419090271 0.09008520841598511 0.10949712991714478
0.0 0.48133039474487305 0.34092795848846436 0.09097075462341309 0.10344988107681274
0.0 0.404680073261261 0.35152411460876465 0.08769679069519043 0.10156238079071045
0.0 0.33138734102249146 0.3641166090965271 0.08614325523376465 0.10139542818069458
0.0 0.26189500093460083 0.3755148649215698 0.08803069591522217 0.10466951131820679
0.0 0.19889265298843384 0.3815010190010071 0.07887637615203857 0.10522115230560303
0.0 0.9369412660598755 0.222809836268425 0.04957658052444458 0.08978697657585144
0.0 0.9056198000907898 0.22381925582885742 0.051848769187927246 0.08235318958759308
0.0 0.8666974902153015 0.22721709311008453 0.05889785289764404 0.09078887104988098
0.0 0.8195899724960327 0.22756603360176086 0.06943875551223755 0.08885066211223602
0.0 0.7652156949043274 0.2334105372428894 0.07254588603973389 0.08918462693691254
0.0 0.7048195004463196 0.23440206050872803 0.07304680347442627 0.09384529292583466
0.0 0.6387101411819458 0.24072223901748657 0.07787448167800903 0.09589982032775879
0.0 0.565025269985199 0.24235635995864868 0.08408868312835693 0.09656776487827301
0.0 0.4880409836769104 0.24984540045261383 0.08236813545227051 0.09484723210334778
0.0 0.4133616089820862 0.2641584277153015 0.08702874183654785 0.09534817934036255
0.0 0.33870768547058105 0.27139702439308167 0.08215045928955078 0.10710865259170532
0.0 0.2719631791114807 0.28642866015434265 0.08647716045379639 0.10450251400470734
0.0 0.2037738561630249 0.29532963037490845 0.07976198196411133 0.099173903465271
0.0 0.9403777718544006 0.130507692694664 0.03332245349884033 0.09571787714958191
0.0 0.9165735244750977 0.1283518224954605 0.04885798692703247 0.09738773107528687
0.0 0.8860288262367249 0.12927773594856262 0.0521320104598999 0.09927526116371155
0.0 0.8450267314910889 0.13525640964508057 0.0583462119102478 0.09994322061538696
0.0 0.8003330230712891 0.1361316442489624 0.058179259300231934 0.0983896553516388
0.0 0.7488988637924194 0.14008863270282745 0.07094162702560425 0.10283264517784119
0.0 0.6905571818351746 0.14557383954524994 0.07493436336517334 0.09711939096450806
0.0 0.6243642568588257 0.15111719071865082 0.07804149389266968 0.09745337814092636
0.0 0.5554234981536865 0.15302717685699463 0.08031362295150757 0.0900195837020874
0.0 0.4819638133049011 0.1640661209821701 0.08375465869903564 0.09346065670251846
0.0 0.4099741578102112 0.17416128516197205 0.08270204067230225 0.09795433282852173
0.0 0.27256834506988525 0.18971633911132812 0.08148252964019775 0.10089445114135742
0.0 0.2071269154548645 0.20225068926811218 0.07077467441558838 0.10127909481525421
0.0 0.3408411145210266 0.1815921813249588 0.08580923080444336 0.09828829765319824
