0.0 0.012409210205078125 0.13749252259731293 0.02481842041015625 0.09507817029953003
0.0 0.023337602615356445 0.13703389465808868 0.041816115379333496 0.0919698178768158
0.0 0.05905574560165405 0.12547892332077026 0.04492461681365967 0.09229186177253723
0.0 0.0839226245880127 0.1229025274515152 0.04492461681365967 0.09229185432195663
0.0 0.1263405680656433 0.11536600440740585 0.04942607879638672 0.09122075140476227
0.0 0.15485131740570068 0.11005578190088272 0.050980210304260254 0.09138177335262299
0.0 0.20766544342041016 0.09672953188419342 0.050980210304260254 0.09138175845146179
0.0 0.24255400896072388 0.09232939779758453 0.05703592300415039 0.09047168493270874
0.0 0.30040520429611206 0.07455411553382874 0.054410696029663086 0.09481218457221985
0.0 0.33950120210647583 0.07285977900028229 0.054088592529296875 0.09170383214950562
0.0 0.40032780170440674 0.06105968356132507 0.055159687995910645 0.08720231056213379
0.0 0.4393957853317261 0.051513928920030594 0.05189037322998047 0.08532606810331345
0.0 0.4872533679008484 0.045061659067869186 0.055803775787353516 0.09012331813573837
0.0 0.5243927240371704 0.04149467870593071 0.052373409271240234 0.08298935741186142
0.0 0.5606744289398193 0.03723111376166344 0.05033618211746216 0.07446222752332687
0.0 0.5947858095169067 0.034682754427194595 0.05017513036727905 0.06936550885438919
0.0 0.6291388273239136 0.034385159611701965 0.04738879203796387 0.06877031922340393
0.0 0.6616961359977722 0.031836796551942825 0.04411947727203369 0.06367359310388565
0.0 0.6893773674964905 0.03392474353313446 0.04460251331329346 0.06784948706626892
0.0 0.7202999591827393 0.031966209411621094 0.0463176965713501 0.06393241882324219
0.0 0.0072463154792785645 0.24821744859218597 0.014492630958557129 0.09754243493080139
0.0 0.0148964524269104 0.24419543147087097 0.0297929048538208 0.09738141298294067
0.0 0.030937373638153076 0.24070894718170166 0.04090607166290283 0.09802550077438354
0.0 0.04985356330871582 0.22618219256401062 0.04278230667114258 0.1012948751449585
0.0 0.07292473316192627 0.221435546875 0.04058408737182617 0.09491713345050812
0.0 0.10671406984329224 0.21400758624076843 0.049160122871398926 0.10349316895008087
0.0 0.1355469822883606 0.21180570125579834 0.048515915870666504 0.09727644920349121
0.0 0.17866146564483643 0.20341157913208008 0.051946282386779785 0.10070686042308807
0.0 0.21199584007263184 0.1991724669933319 0.05366158485412598 0.10242205858230591
0.0 0.2663641571998596 0.1856851875782013 0.05628693103790283 0.0980815589427948
0.0 0.3046830892562866 0.1840713769197464 0.05784106254577637 0.09824258089065552
0.0 0.36526811122894287 0.1699400097131729 0.05537676811218262 0.10413727164268494
0.0 0.40535473823547363 0.16264499723911285 0.05505478382110596 0.1010289192199707
0.0 0.465404212474823 0.1509254276752472 0.05848515033721924 0.10445931553840637
0.0 0.5062679052352905 0.14354991912841797 0.053178489208221436 0.09775951504707336
0.0 0.5431132912635803 0.14287421107292175 0.05505478382110596 0.10102888941764832
0.0 0.5800915360450745 0.13590127229690552 0.05569887161254883 0.10724563151597977
0.0 0.6209833025932312 0.13637717068195343 0.05569887161254883 0.10724564641714096
0.0 0.6527354717254639 0.12444767355918884 0.05350053310394287 0.1008678749203682
0.0 0.021664857864379883 0.4379885196685791 0.043329715728759766 0.11206924915313721
0.0 0.06191664934158325 0.42600294947624207 0.06502389907836914 0.10821175575256348
0.0 0.12132203578948975 0.40806663036346436 0.07777953147888184 0.11260831356048584
0.0 0.19629716873168945 0.3963715136051178 0.08758759498596191 0.11823701858520508
0.0 0.28220415115356445 0.37647488713264465 0.09675168991088867 0.11764895915985107
0.0 0.3620554208755493 0.3587765395641327 0.10500562191009521 0.12311661243438721
0.0 0.45286643505096436 0.3407280743122101 0.10779190063476562 0.1203303337097168
0.0 0.5592998266220093 0.32184651494026184 0.1077919602394104 0.1203303337097168
0.0 0.6559004783630371 0.31419429183006287 0.1006651520729065 0.12574195861816406
0.0 0.7355102300643921 0.29416465759277344 0.09739571809768677 0.12386572360992432
0.0 0.028306186199188232 0.548870861530304 0.0524294376373291 0.10536941885948181
0.0 0.07404601573944092 0.5354921817779541 0.06829321384429932 0.11008799076080322
0.0 0.13152265548706055 0.521682858467102 0.07450997829437256 0.1107320785522461
0.0 0.2043800950050354 0.5047091245651245 0.09053492546081543 0.1170048713684082
0.0 0.2933148741722107 0.4837133288383484 0.1022193431854248 0.12590292096138
0.0 0.39149415493011475 0.4609743058681488 0.10795295238494873 0.12188452482223511
0.0 0.4988376200199127 0.435714989900589 0.10468357801437378 0.12000828981399536
0.0 0.6041998863220215 0.421656996011734 0.11138337850570679 0.12531495094299316
0.0 0.7000759840011597 0.407010942697525 0.10173618793487549 0.12124043703079224
0.0 0.7778095006942749 0.38403400778770447 0.09311133623123169 0.14187175035476685
0.0 0.040057361125946045 0.6395488977432251 0.041816115379333496 0.09196972846984863
0.0 0.06725549697875977 0.636730968952179 0.057518959045410156 0.09513425827026367
0.0 0.10586851835250854 0.6303741335868835 0.06062746047973633 0.09545636177062988
0.0 0.15091174840927124 0.6178529858589172 0.07107961177825928 0.10730171203613281
0.0 0.20592409372329712 0.6105824112892151 0.08383500576019287 0.11169815063476562
0.0 0.2698590159416199 0.59846031665802 0.09021282196044922 0.11389660835266113
0.0 0.33784037828445435 0.5874897837638855 0.09192800521850586 0.11561179161071777
0.0 0.4136451482772827 0.5686398148536682 0.10387849807739258 0.11223733425140381
0.0 0.4952116012573242 0.5523346066474915 0.10216331481933594 0.11052215099334717
0.0 0.5748493671417236 0.5401564240455627 0.10280728340148926 0.11673891544342041
0.0 0.6530134677886963 0.5289162993431091 0.10093110799789429 0.11346948146820068
0.0 0.7260318994522095 0.5134967565536499 0.09739571809768677 0.12386572360992432
0.0 0.7960225343704224 0.49917635321617126 0.08914178609848022 0.11839801073074341
0.0 0.06563514471054077 0.7272235155105591 0.050980210304260254 0.09138178825378418
0.0 0.10031020641326904 0.7283436059951782 0.06062746047973633 0.09545636177062988
0.0 0.14031636714935303 0.7202714681625366 0.0637357234954834 0.09577834606170654
0.0 0.18911200761795044 0.7136450409889221 0.07306075096130371 0.09674453735351562
0.0 0.24404388666152954 0.7055974006652832 0.07600820064544678 0.0955122709274292
0.0 0.3067467212677002 0.6967446208000183 0.08801460266113281 0.10751879215240479
0.0 0.37829142808914185 0.682263195514679 0.09423136711120605 0.10816287994384766
0.0 0.4532666802406311 0.67056804895401 0.0981447696685791 0.11625587940216064
0.0 0.5319663286209106 0.6569162011146545 0.09905487298965454 0.11020016670227051
0.0 0.6071550250053406 0.6397008895874023 0.09578549861907959 0.10832393169403076
0.0 0.6790742874145508 0.621253490447998 0.09423130750656128 0.10816287994384766
0.0 0.7479658126831055 0.603905200958252 0.09610754251480103 0.11143219470977783
0.0 0.8096499443054199 0.5928016901016235 0.08694350719451904 0.11202025413513184
0.0 0.08786308765411377 0.8128889799118042 0.057196974754333496 0.09202587604522705
0.0 0.1188662052154541 0.8088914155960083 0.05810701847076416 0.08597016334533691
0.0 0.1574791669845581 0.8025345206260681 0.06668305397033691 0.09454619884490967
0.0 0.20418506860733032 0.7984808683395386 0.07429289817810059 0.09379708766937256
0.0 0.2580178380012512 0.7874053716659546 0.07724034786224365 0.09256505966186523
0.0 0.3179342746734619 0.7819830179214478 0.08254683017730713 0.09926486015319824
0.0 0.383423388004303 0.7696998715400696 0.0858163833618164 0.10114109516143799
0.0 0.45646992325782776 0.7621317505836487 0.09203308820724487 0.10178518295288086
0.0 0.5327577590942383 0.7479442954063416 0.09047883749008179 0.10162413120269775
0.0 0.6060701608657837 0.7277817130088806 0.09514141082763672 0.10210716724395752
0.0 0.6801072359085083 0.7146128416061401 0.090212881565094 0.11389660835266113
0.0 0.7447107434272766 0.6937817335128784 0.09455335140228271 0.11127126216888428
0.0 0.8122895956039429 0.6789257526397705 0.08769255876541138 0.10441040992736816
0.0 0.09192383289337158 0.9051491618156433 0.04090607166290283 0.09802544116973877
0.0 0.11547809839248657 0.90506511926651 0.05816304683685303 0.10135090351104736
0.0 0.14656174182891846 0.9018446207046509 0.05987823009490967 0.10306620597839355
0.0 0.18640685081481934 0.8922183513641357 0.06454086303710938 0.10354924201965332
0.0 0.23070096969604492 0.8876292109489441 0.0659339427947998 0.10215604305267334
0.0 0.2816668748855591 0.8792070150375366 0.07729637622833252 0.10794579982757568
0.0 0.3395460844039917 0.869283139705658 0.08286893367767334 0.10237312316894531
0.0 0.4051157236099243 0.8577770590782166 0.08613836765289307 0.10424935817718506
0.0 0.4734996557235718 0.8506920337677002 0.08672642707824707 0.0950852632522583
0.0 0.5462765693664551 0.8329411745071411 0.09171104431152344 0.09867680072784424
0.0 0.6168832778930664 0.8169860243797302 0.09080088138580322 0.10473239421844482
0.0 0.7523629665374756 0.790382444858551 0.08956873416900635 0.10767984390258789
0.0 0.8164308667182922 0.7719631195068359 0.07868945598602295 0.1065526008605957
0.0 0.6854807138442993 0.8043807744979858 0.09390926361083984 0.10505449771881104
