0.0 0.9888436794281006 0.9169083833694458 0.022312641143798828 0.08701801300048828
0.0 0.974217414855957 0.9202501177787781 0.02708446979522705 0.0871133804321289
0.0 0.9454606175422668 0.9235756993293762 0.030442357063293457 0.09120333194732666
0.0 0.9257749319076538 0.9216498136520386 0.03103119134902954 0.08813190460205078
0.0 0.8886313438415527 0.9286196827888489 0.03415036201477051 0.08832287788391113
0.0 0.8643146753311157 0.9277599453926086 0.03341829776763916 0.08905482292175293
0.0 0.8205986618995667 0.9296530485153198 0.037953853607177734 0.08700180053710938
0.0 0.7917463779449463 0.9314190745353699 0.03946572542190552 0.08631753921508789
0.0 0.7381318211555481 0.937831699848175 0.04019773006439209 0.08558547496795654
0.0 0.7028980255126953 0.9376401901245117 0.04482877254486084 0.08509206771850586
0.0 0.643235981464386 0.947553813457489 0.04282355308532715 0.09040749073028564
0.0 0.603912353515625 0.9444817304611206 0.04253721237182617 0.08572864532470703
0.0 0.5423089265823364 0.9482524991035461 0.046197474002838135 0.08206832408905029
0.0 0.5026350617408752 0.952246367931366 0.041470885276794434 0.08100223541259766
0.0 0.4542880058288574 0.9549770951271057 0.04438304901123047 0.09004580974578857
0.0 0.41607826948165894 0.9559873938560486 0.0420914888381958 0.08802521228790283
0.0 0.3794281482696533 0.9579246044158936 0.03956115245819092 0.08415079116821289
0.0 0.344974160194397 0.9581829309463501 0.04024553298950195 0.0836341381072998
0.0 0.31184113025665283 0.9553148746490479 0.03629875183105469 0.08534681797027588
0.0 0.2788989543914795 0.9542005062103271 0.033911705017089844 0.08442389965057373
0.0 0.25034916400909424 0.9481208920478821 0.03322744369506836 0.08593571186065674
0.0 0.21915757656097412 0.9500300884246826 0.03415036201477051 0.08832287788391113
0.0 0.993646502494812 0.8215991258621216 0.012707054615020752 0.09403598308563232
0.0 0.9832264184951782 0.8116843700408936 0.02372664213180542 0.0830235481262207
0.0 0.9669939875602722 0.8150261044502258 0.024394869804382324 0.0939406156539917
0.0 0.9506661295890808 0.8168082237243652 0.022883057594299316 0.09462499618530273
0.0 0.9319511651992798 0.8179537653923035 0.029073655605316162 0.09422695636749268
0.0 0.9107375144958496 0.8294275403022766 0.030871927738189697 0.09822142124176025
0.0 0.8873915076255798 0.8316392302513123 0.028882741928100586 0.09110784530639648
0.0 0.8531284332275391 0.8345191478729248 0.037889957427978516 0.09865093231201172
0.0 0.8240852355957031 0.8331660628318787 0.03677612543106079 0.09314465522766113
0.0 0.7804169654846191 0.8358389735221863 0.03925865888595581 0.0956273078918457
0.0 0.746742844581604 0.8355520367622375 0.04169344902038574 0.09732997417449951
0.0 0.6907888650894165 0.8421077728271484 0.043698787689208984 0.09201467037200928
0.0 0.6529770493507385 0.838160514831543 0.045258402824401855 0.09211015701293945
0.0 0.590736985206604 0.8443183302879333 0.04334855079650879 0.09898507595062256
0.0 0.5501878261566162 0.8468003273010254 0.04315763711929321 0.09586596488952637
0.0 0.48936423659324646 0.8505232930183411 0.045687973499298096 0.09912824630737305
0.0 0.4480352997779846 0.8530530333518982 0.04145491123199463 0.09343111515045166
0.0 0.41095560789108276 0.8482783436775208 0.04237782955169678 0.0958181619644165
0.0 0.37352561950683594 0.8505693674087524 0.0443192720413208 0.10215198993682861
0.0 0.333279013633728 0.8452057838439941 0.0443192720413208 0.10215198993682861
0.0 0.30008208751678467 0.8527166843414307 0.041550397872924805 0.09499061107635498
0.0 0.9756699800491333 0.6242960095405579 0.04694497585296631 0.10697388648986816
0.0 0.9251267910003662 0.6297378540039062 0.052896976470947266 0.1026771068572998
0.0 0.8639051914215088 0.639746904373169 0.06390947103500366 0.1049048900604248
0.0 0.788122296333313 0.6420374512672424 0.07355332374572754 0.11015641689300537
0.0 0.7001968622207642 0.6505501866340637 0.08271998167037964 0.10760998725891113
0.0 0.618462085723877 0.6579012274742126 0.09002447128295898 0.11271834373474121
0.0 0.5264945030212402 0.6643132567405701 0.09285718202590942 0.10823047161102295
0.0 0.41800814867019653 0.6693882346153259 0.09363698959350586 0.10827815532684326
0.0 0.3214256763458252 0.6643420457839966 0.08631634712219238 0.11559879779815674
0.0 0.23983407020568848 0.6740325093269348 0.08232200145721436 0.1138005256652832
0.0 0.9743030071258545 0.5124518871307373 0.03954505920410156 0.10030603408813477
0.0 0.9270222187042236 0.5200421810150146 0.05455201864242554 0.1043320894241333
0.0 0.8679013252258301 0.5260090231895447 0.061474621295928955 0.10320210456848145
0.0 0.7940120697021484 0.5336626172065735 0.0764816403388977 0.10722807049751282
0.0 0.7030152678489685 0.5431460738182068 0.08787596225738525 0.11569425463676453
0.0 0.6026132106781006 0.5524225234985352 0.0945122241973877 0.10988545417785645
0.0 0.49294909834861755 0.5638312697410583 0.09139305353164673 0.1096944808959961
0.0 0.386515736579895 0.5640843510627747 0.09704256057739258 0.11314785480499268
0.0 0.28958308696746826 0.566103994846344 0.08758950233459473 0.11101555824279785
0.0 0.20974195003509521 0.578818142414093 0.07566952705383301 0.13203823566436768
0.0 0.9741770625114441 0.4208822250366211 0.03034687042236328 0.08964371681213379
0.0 0.9467412233352661 0.4202134311199188 0.045067429542541504 0.08899098634719849
0.0 0.9077039361000061 0.42182016372680664 0.04984164237976074 0.09083700180053711
0.0 0.8611074686050415 0.4278031587600708 0.05816453695297241 0.0998920202255249
0.0 0.8055513501167297 0.42807289958000183 0.07083213329315186 0.10377484560012817
0.0 0.7408287525177002 0.43203455209732056 0.07863008975982666 0.1042521595954895
0.0 0.6720640063285828 0.433895468711853 0.0795053243637085 0.10585945844650269
0.0 0.5943713188171387 0.4433472752571106 0.09160017967224121 0.10038483142852783
0.0 0.5117135643959045 0.44840672612190247 0.09004056453704834 0.10028934478759766
0.0 0.4312041401863098 0.4502038061618805 0.08964252471923828 0.1064799427986145
0.0 0.35225439071655273 0.4519054591655731 0.08867192268371582 0.10331302881240845
0.0 0.2774422764778137 0.4572674036026001 0.08310174942016602 0.11384829878807068
0.0 0.20652908086776733 0.4623907208442688 0.0757972002029419 0.10874000191688538
0.0 0.9600626230239868 0.3309515714645386 0.03941798210144043 0.08553773164749146
0.0 0.9260543584823608 0.32520607113838196 0.04896634817123413 0.08922964334487915
0.0 0.8847254514694214 0.3277357816696167 0.05286532640457153 0.08946830034255981
0.0 0.8362351655960083 0.32835572957992554 0.06056779623031616 0.08838605880737305
0.0 0.7799471020698547 0.3294529616832733 0.06437122821807861 0.08706510066986084
0.0 0.7173729538917542 0.3301522433757782 0.07586109638214111 0.09709084033966064
0.0 0.6440726518630981 0.33463895320892334 0.08209943771362305 0.0974726676940918
0.0 0.5682897567749023 0.33692944049835205 0.08574360609054565 0.10624128580093384
0.0 0.48865562677383423 0.34023839235305786 0.08614158630371094 0.10005068778991699
0.0 0.4115995764732361 0.3473030924797058 0.08292686939239502 0.09830021858215332
0.0 0.3378058671951294 0.3565162718296051 0.08209943771362305 0.09747272729873657
0.0 0.26786333322525024 0.3647109866142273 0.08311784267425537 0.10141938924789429
0.0 0.2046526074409485 0.3677973747253418 0.07463562488555908 0.10245388746261597
0.0 0.949210524559021 0.24316933751106262 0.04497194290161133 0.08743143081665039
0.0 0.9178757071495056 0.24273920059204102 0.0483936071395874 0.07987219095230103
0.0 0.8788384199142456 0.24434593319892883 0.05432945489883423 0.0880042314529419
0.0 0.8317646384239197 0.24253103137016296 0.06505560874938965 0.08555328845977783
0.0 0.7771792411804199 0.24587216973304749 0.06817477941513062 0.08574418723583221
0.0 0.7168012857437134 0.24408890306949615 0.07002067565917969 0.09051838517189026
0.0 0.6504713296890259 0.24736624956130981 0.07401514053344727 0.0923166275024414
0.0 0.5767892003059387 0.24561458826065063 0.0802534818649292 0.09269849956035614
0.0 0.499542236328125 0.2495601326227188 0.07859838008880615 0.09104344248771667
0.0 0.42428433895111084 0.2604283392429352 0.08327722549438477 0.09132981300354004
0.0 0.34937673807144165 0.2642306983470917 0.07785022258758545 0.10420441627502441
0.0 0.28201228380203247 0.276181161403656 0.08233809471130371 0.1013716459274292
0.0 0.21348613500595093 0.2819410562515259 0.07498586177825928 0.09548352658748627
0.0 0.9568824768066406 0.15112242102622986 0.02912139892578125 0.0950067937374115
0.0 0.9332023859024048 0.1478755921125412 0.045497000217437744 0.09600913524627686
0.0 0.9026473760604858 0.1473977267742157 0.04793184995651245 0.09771192073822021
0.0 0.8614138960838318 0.15148702263832092 0.05339038372039795 0.09804603457450867
0.0 0.8167271614074707 0.15030871331691742 0.05407470464706421 0.09653416275978088
0.0 0.7651655673980713 0.15189936757087708 0.06596249341964722 0.10036927461624146
0.0 0.7066335082054138 0.15469937026500702 0.0709913969039917 0.09368529915809631
0.0 0.640255868434906 0.15719689428806305 0.07411062717437744 0.09387621283531189
0.0 0.5713001489639282 0.15593867003917694 0.0767524242401123 0.08626922965049744
0.0 0.49741101264953613 0.16359224915504456 0.08006250858306885 0.08957931399345398
0.0 0.4250336289405823 0.17037056386470795 0.07800960540771484 0.09411486983299255
0.0 0.2870584726333618 0.17959868907928467 0.07668864727020264 0.09791836142539978
0.0 0.22111040353775024 0.18911433219909668 0.06664681434631348 0.09885746240615845
0.0 0.35563230514526367 0.17461860179901123 0.08190858364105225 0.09435352683067322
