0.0 0.06740617752075195 0.9661290645599365 0.09556317329406738 0.019354820251464844
0.0 0.06484639644622803 0.9572581052780151 0.09726953506469727 0.03709685802459717
0.0 0.0631399154663086 0.9274193644523621 0.10238909721374512 0.04032254219055176
0.0 0.06569963693618774 0.9072580337524414 0.09897613525390625 0.04193544387817383
0.0 0.06058019399642944 0.8685483932495117 0.09897613525390625 0.0435483455657959
0.0 0.06228673458099365 0.8435483574867249 0.09897613525390625 0.0435483455657959
0.0 0.06228673458099365 0.7983871102333069 0.09897613525390625 0.04838705062866211
0.0 0.06143343448638916 0.7685484290122986 0.09897613525390625 0.04999995231628418
0.0 0.057167232036590576 0.7129032015800476 0.09897613525390625 0.04999995231628418
0.0 0.05887371301651001 0.676612913608551 0.09726953506469727 0.05645155906677246
0.0 0.05119454860687256 0.6145161390304565 0.10238909721374512 0.05322587490081787
0.0 0.05631399154663086 0.5741935968399048 0.09897613525390625 0.05322587490081787
0.0 0.05546075105667114 0.5104838609695435 0.09385669231414795 0.054838746786117554
0.0 0.052047789096832275 0.4693548381328583 0.09215021133422852 0.051612913608551025
0.0 0.052047789096832275 0.4185483753681183 0.10068261623382568 0.054838716983795166
0.0 0.05375427007675171 0.3790322542190552 0.09726953506469727 0.053225815296173096
0.0 0.05375427007675171 0.34193548560142517 0.09215021133422852 0.04999995231628418
0.0 0.05546075105667114 0.30645158886909485 0.09044373035430908 0.048387110233306885
0.0 0.05972695350646973 0.27177417278289795 0.09385669231414795 0.046774208545684814
0.0 0.06143343448638916 0.23790320754051208 0.09044373035430908 0.043548405170440674
0.0 0.06911259889602661 0.20967741310596466 0.09556305408477783 0.043548375368118286
0.0 0.06911259889602661 0.17661289870738983 0.09726953506469727 0.043548405170440674
0.0 0.17235493659973145 0.9766128659248352 0.10409557819366455 0.012903332710266113
0.0 0.18259388208389282 0.9693548679351807 0.09215021133422852 0.029032349586486816
0.0 0.1808873414993286 0.9548386931419373 0.10580193996429443 0.03387093544006348
0.0 0.17918086051940918 0.9370967745780945 0.10580193996429443 0.032258033752441406
0.0 0.17918086051940918 0.9177419543266296 0.10580193996429443 0.03870975971221924
0.0 0.16723549365997314 0.8959677219390869 0.10921502113342285 0.04032254219055176
0.0 0.16638225317001343 0.8717741966247559 0.10238909721374512 0.03870975971221924
0.0 0.164675772190094 0.8362903594970703 0.11262798309326172 0.04677426815032959
0.0 0.16723549365997314 0.8064516186714172 0.10580193996429443 0.04677426815032959
0.0 0.16638225317001343 0.7612903118133545 0.10921502113342285 0.04999995231628418
0.0 0.16808873414993286 0.7266128659248352 0.11092150211334229 0.05161285400390625
0.0 0.1638224720954895 0.6685484051704407 0.10580193996429443 0.05483877658843994
0.0 0.1697952151298523 0.6298387050628662 0.10580193996429443 0.05645155906677246
0.0 0.1655290126800537 0.5653225779533386 0.11262798309326172 0.05322587490081787
0.0 0.1655290126800537 0.52338707447052 0.10921502113342285 0.05322587490081787
0.0 0.1638224720954895 0.4604838490486145 0.11262798309326172 0.05645155906677246
0.0 0.1638224720954895 0.41774195432662964 0.10580193996429443 0.051612913608551025
0.0 0.1697952151298523 0.3798387050628662 0.10921502113342285 0.053225815296173096
0.0 0.1697952151298523 0.34112903475761414 0.11604106426239014 0.054838716983795166
0.0 0.17747443914413452 0.2991935610771179 0.11604106426239014 0.054838716983795166
0.0 0.170648455619812 0.26532256603240967 0.10921502113342285 0.051612913608551025
0.0 0.388225257396698 0.9701613187789917 0.12116038799285889 0.05645155906677246
0.0 0.3839590549468994 0.9193548560142517 0.11604094505310059 0.06451618671417236
0.0 0.3762798309326172 0.8556451201438904 0.12116038799285889 0.07741940021514893
0.0 0.3771330714225769 0.7774193286895752 0.12627995014190674 0.08709681034088135
0.0 0.3720136284828186 0.6862903237342834 0.12627995014190674 0.09677422046661377
0.0 0.36860066652297974 0.602419376373291 0.1313992738723755 0.10483872890472412
0.0 0.3660409450531006 0.5064516067504883 0.12798631191253662 0.10806450247764587
0.0 0.36518776416778564 0.3951612710952759 0.12798631191253662 0.10806453227996826
0.0 0.37542665004730225 0.29516130685806274 0.1348123550415039 0.10000002384185791
0.0 0.36860066652297974 0.21129032969474792 0.13310587406158447 0.0951613038778305
0.0 0.5102389454841614 0.9754032492637634 0.11433446407318115 0.049193501472473145
0.0 0.5042662024497986 0.926612913608551 0.11774742603302002 0.06774187088012695
0.0 0.5 0.8653225898742676 0.11945390701293945 0.07419347763061523
0.0 0.49573376774787903 0.7887097001075745 0.12457340955734253 0.09032261371612549
0.0 0.4897611141204834 0.6943548321723938 0.1348123550415039 0.10161292552947998
0.0 0.4837883710861206 0.5903226137161255 0.12969279289245605 0.10806441307067871
0.0 0.47696244716644287 0.4766128957271576 0.12798631191253662 0.10483866930007935
0.0 0.48122864961624146 0.36693546175956726 0.13310587406158447 0.1112903356552124
0.0 0.4837883710861206 0.2669354975223541 0.12969279289245605 0.1016128808259964
0.0 0.473549485206604 0.18387097120285034 0.15187716484069824 0.09193545579910278
0.0 0.6100682616233826 0.9798386693000793 0.0989760160446167 0.04032254219055176
0.0 0.611774742603302 0.9516128897666931 0.10238909721374512 0.05645155906677246
0.0 0.6126279830932617 0.9112902879714966 0.10238909721374512 0.0596773624420166
0.0 0.6075085401535034 0.8629032373428345 0.11604094505310059 0.06935489177703857
0.0 0.6100682616233826 0.8056451678276062 0.11945390701293945 0.08387088775634766
0.0 0.6083617806434631 0.7387096285820007 0.12116038799285889 0.09032261371612549
0.0 0.6100682616233826 0.6677419543266296 0.12286698818206787 0.09193539619445801
0.0 0.6040955781936646 0.5870968103408813 0.11945390701293945 0.10322582721710205
0.0 0.6015357971191406 0.5016129612922668 0.1177474856376648 0.10161292552947998
0.0 0.6032423377037048 0.41774195432662964 0.12457334995269775 0.10322582721710205
0.0 0.605802059173584 0.3362903296947479 0.12116038799285889 0.1016128659248352
0.0 0.6032423377037048 0.2596774101257324 0.13310575485229492 0.09677420556545258
0.0 0.6006826162338257 0.18629032373428345 0.1262798309326172 0.08870968222618103
0.0 0.709044337272644 0.9693548679351807 0.09897607564926147 0.04999995231628418
0.0 0.7167235612869263 0.9338709712028503 0.10238909721374512 0.0596773624420166
0.0 0.7150170803070068 0.8919354677200317 0.10238903760910034 0.06451606750488281
0.0 0.7175767421722412 0.8411290645599365 0.10238909721374512 0.07258069515228271
0.0 0.7192832827568054 0.7838709950447083 0.10238909721374512 0.0758063793182373
0.0 0.7209897637367249 0.7185483574867249 0.11433446407318115 0.08709681034088135
0.0 0.7192832827568054 0.6435484290122986 0.11604094505310059 0.09354841709136963
0.0 0.7209897637367249 0.5653225779533386 0.12457334995269775 0.09838712215423584
0.0 0.7209897637367249 0.4822580814361572 0.11774742603302002 0.09838709235191345
0.0 0.7167235612869263 0.40322577953338623 0.11604094505310059 0.0951613187789917
0.0 0.7098976373672485 0.3266128897666931 0.11604094505310059 0.09354835748672485
0.0 0.7047781348228455 0.25322580337524414 0.11945390701293945 0.0951613038778305
0.0 0.7039248943328857 0.18870969116687775 0.11945390701293945 0.08709678053855896
0.0 0.8054608106613159 0.9620968103408813 0.09897607564926147 0.05645155906677246
0.0 0.8063139915466309 0.9298387169837952 0.09215021133422852 0.05806446075439453
0.0 0.8071672320365906 0.8895161151885986 0.10068261623382568 0.06612896919250488
0.0 0.8114334344863892 0.8411290645599365 0.09897613525390625 0.07419347763061523
0.0 0.8097269535064697 0.7838709950447083 0.09897613525390625 0.07741940021514893
0.0 0.814846396446228 0.72258061170578 0.10580205917358398 0.08225798606872559
0.0 0.8139932155609131 0.6532257795333862 0.10750848054885864 0.08548390865325928
0.0 0.8199658393859863 0.57822585105896 0.10921502113342285 0.09193539619445801
0.0 0.8191126585006714 0.4975806772708893 0.10750848054885864 0.09032255411148071
0.0 0.8114334344863892 0.4193548262119293 0.10921502113342285 0.0951613187789917
0.0 0.8105801939964294 0.34193548560142517 0.12116038799285889 0.09032255411148071
0.0 0.8003412485122681 0.27258065342903137 0.11945396661758423 0.09354835748672485
0.0 0.796928346157074 0.2016129046678543 0.11092150211334229 0.08548387885093689
0.0 0.9052901268005371 0.9741935729980469 0.10580205917358398 0.03870975971221924
0.0 0.9095563292503357 0.949999988079071 0.10921502113342285 0.05645155906677246
0.0 0.9121160507202148 0.9177419543266296 0.11092150211334229 0.05806446075439453
0.0 0.908703088760376 0.875806450843811 0.11092150211334229 0.06290328502655029
0.0 0.9121160507202148 0.8298386931419373 0.10921502113342285 0.06451618671417236
0.0 0.9129692912101746 0.7766129374504089 0.11604094505310059 0.07741940021514893
0.0 0.9129692912101746 0.7161290645599365 0.10921502113342285 0.08225798606872559
0.0 0.9129692912101746 0.6467742323875427 0.11092150211334229 0.08548390865325928
0.0 0.9180887341499329 0.5766128897666931 0.10068261623382568 0.08709681034088135
0.0 0.9129692912101746 0.4991935193538666 0.10580205917358398 0.09193545579910278
0.0 0.908703088760376 0.4241935610771179 0.11092150211334229 0.08870965242385864
0.0 0.9061433672904968 0.2822580635547638 0.11433446407318115 0.08870966732501984
0.0 0.8984641432762146 0.21370968222618103 0.11433446407318115 0.07741935551166534
0.0 0.908703088760376 0.35241934657096863 0.11262798309326172 0.09354835748672485
