0.0 0.039594948291778564 0.937244713306427 0.07918989658355713 0.023907780647277832
0.0 0.039324820041656494 0.9285271167755127 0.07864964008331299 0.04115772247314453
0.0 0.04061859846115112 0.8995790481567383 0.08123719692230225 0.04455530643463135
0.0 0.04161101579666138 0.8802211880683899 0.08322203159332275 0.045929670333862305
0.0 0.040406882762908936 0.8425092101097107 0.08081376552581787 0.04748940467834473
0.0 0.04190516471862793 0.8184257745742798 0.08381032943725586 0.04748940467834473
0.0 0.04327237606048584 0.7747528553009033 0.08654475212097168 0.05216860771179199
0.0 0.04376298189163208 0.7458511590957642 0.08752596378326416 0.053728342056274414
0.0 0.04341226816177368 0.6918081045150757 0.08682453632354736 0.053728342056274414
0.0 0.04493767023086548 0.656806468963623 0.08987534046173096 0.059874653816223145
0.0 0.04433608055114746 0.5963391065597534 0.08867216110229492 0.05703330039978027
0.0 0.04734683036804199 0.5576234459877014 0.09352433681488037 0.05684792995452881
0.0 0.05022835731506348 0.4959670305252075 0.08893775939941406 0.058129578828811646
0.0 0.04947251081466675 0.45600807666778564 0.08719265460968018 0.05491739511489868
0.0 0.05239236354827881 0.40687599778175354 0.09517669677734375 0.05850034952163696
0.0 0.056223154067993164 0.36875486373901367 0.0919644832611084 0.0567551851272583
0.0 0.058355093002319336 0.3328806757926941 0.08709990978240967 0.053357601165771484
0.0 0.0619540810585022 0.2986588776111603 0.08544754981994629 0.05170518159866333
0.0 0.06784635782241821 0.26535603404045105 0.08847427368164062 0.05033083260059357
0.0 0.07135260105133057 0.23269401490688324 0.08516943454742432 0.04702594876289368
0.0 0.0799936056137085 0.20581555366516113 0.08984863758087158 0.04730403423309326
0.0 0.08189386129379272 0.1738407164812088 0.091408371925354 0.047396719455718994
0.0 0.13028275966644287 0.9530836939811707 0.09588611125946045 0.018132328987121582
0.0 0.14005839824676514 0.9466210603713989 0.08589494228363037 0.03308093547821045
0.0 0.1393328309059143 0.9324905872344971 0.09865093231201172 0.038501620292663574
0.0 0.1387927532196045 0.9152407050132751 0.09855818748474121 0.03694188594818115
0.0 0.13990503549575806 0.8965237140655518 0.09892892837524414 0.04318094253540039
0.0 0.13023817539215088 0.8748182058334351 0.10214126110076904 0.04492604732513428
0.0 0.1308487057685852 0.8513756394386292 0.09580957889556885 0.042995572090148926
0.0 0.13132822513580322 0.816968560218811 0.10563147068023682 0.05135047435760498
0.0 0.13538265228271484 0.7882522344589233 0.09939241409301758 0.05097973346710205
0.0 0.13719820976257324 0.7445329427719116 0.10269737243652344 0.05428457260131836
0.0 0.14075082540512085 0.7110909819602966 0.10434985160827637 0.05593693256378174
0.0 0.14018839597702026 0.6547083854675293 0.09985589981079102 0.05877840518951416
0.0 0.1478722095489502 0.617598831653595 0.09994864463806152 0.06033813953399658
0.0 0.14768058061599731 0.5549771785736084 0.10600221157073975 0.05758953094482422
0.0 0.15009057521820068 0.5144237279891968 0.1028827428817749 0.057404130697250366
0.0 0.1521458625793457 0.4535008668899536 0.10618758201599121 0.06070888042449951
0.0 0.15460222959518433 0.4121675491333008 0.09967052936553955 0.055658936500549316
0.0 0.162239670753479 0.37583789229393005 0.1028827428817749 0.0574040412902832
0.0 0.1644642949104309 0.33840394020080566 0.10921454429626465 0.059334635734558105
0.0 0.17389321327209473 0.2982676029205322 0.10921454429626465 0.059334635734558105
0.0 0.1696007251739502 0.2651421129703522 0.10279011726379395 0.05584430694580078
0.0 0.32796168327331543 0.9585704207420349 0.11398637294769287 0.06117236614227295
0.0 0.32698214054107666 0.9092066287994385 0.10977065563201904 0.06869304180145264
0.0 0.3236246109008789 0.8471794128417969 0.11519134044647217 0.08144915103912354
0.0 0.3289000988006592 0.7715780138969421 0.12042677402496338 0.09108567237854004
0.0 0.3294580578804016 0.6831741333007812 0.12098300457000732 0.10044419765472412
0.0 0.3311585783958435 0.6018819212913513 0.12612557411193848 0.1085209846496582
0.0 0.33433425426483154 0.5089378356933594 0.12319159507751465 0.11145508289337158
0.0 0.3399502635002136 0.401268869638443 0.12319159507751465 0.11145514249801636
0.0 0.35505568981170654 0.30512064695358276 0.1289670467376709 0.1040271520614624
0.0 0.3536367416381836 0.2236429750919342 0.12712931632995605 0.09925521910190582
0.0 0.4391592741012573 0.9706571102142334 0.1073765754699707 0.05456256866455078
0.0 0.4365272521972656 0.9227603673934937 0.11151576042175293 0.07190525531768799
0.0 0.4361501932144165 0.8632582426071167 0.11344623565673828 0.07823693752288818
0.0 0.436653733253479 0.7889384627342224 0.11905241012573242 0.09411251544952393
0.0 0.43661725521087646 0.6973687410354614 0.1290597915649414 0.10558700561523438
0.0 0.43713676929473877 0.5964406132698059 0.12475132942199707 0.11154770851135254
0.0 0.4374327063560486 0.4861075282096863 0.12300622463226318 0.10833558440208435
0.0 0.4476352334022522 0.3802764117717743 0.12805616855621338 0.11485272645950317
0.0 0.45572179555892944 0.2837110757827759 0.12438046932220459 0.10530881583690643
0.0 0.45113706588745117 0.20282787084579468 0.14410114288330078 0.09715531766414642
0.0 0.5301727652549744 0.9788970351219177 0.09278273582458496 0.04220592975616455
0.0 0.533354640007019 0.9527761340141296 0.09682917594909668 0.06015276908874512
0.0 0.5364518761634827 0.9138287901878357 0.09701454639434814 0.06327223777770996
0.0 0.5345534086227417 0.8667582869529724 0.11004865169525146 0.07337236404418945
0.0 0.5401836633682251 0.8115262389183044 0.11400240659713745 0.08759534358978271
0.0 0.5424706935882568 0.7467039823532104 0.1159328818321228 0.09392714500427246
0.0 0.5481089353561401 0.6781678199768066 0.11758536100387573 0.09557950496673584
0.0 0.5472844839096069 0.5998559594154358 0.11511474847793579 0.10631239414215088
0.0 0.5498576164245605 0.5170503258705139 0.11346226930618286 0.10466000437736511
0.0 0.5562373399734497 0.436036080121994 0.11979395151138306 0.10659050941467285
0.0 0.5632579922676086 0.357407808303833 0.11658179759979248 0.10484534502029419
0.0 0.5653213262557983 0.28318074345588684 0.127221941947937 0.10081495344638824
0.0 0.5671992897987366 0.2120731621980667 0.12051951885223389 0.09264543652534485
0.0 0.6212406754493713 0.9741763472557068 0.09333884716033936 0.051647305488586426
0.0 0.6302987933158875 0.9413195848464966 0.09701454639434814 0.06327223777770996
0.0 0.6311490535736084 0.9006733894348145 0.09729266166687012 0.06795156002044678
0.0 0.6364085078239441 0.8516803979873657 0.097756028175354 0.07575023174285889
0.0 0.6412588357925415 0.7964020371437073 0.09794145822525024 0.07886970043182373
0.0 0.6465727090835571 0.7333248853683472 0.10950851440429688 0.09043693542480469
0.0 0.6493232250213623 0.6607039570808411 0.111439049243927 0.09676861763000488
0.0 0.6553785800933838 0.585148811340332 0.11951589584350586 0.10191118717193604
0.0 0.6601522564888 0.5048218369483948 0.11327695846557617 0.1015404462814331
0.0 0.6607948541641235 0.42816242575645447 0.11153173446655273 0.09832829236984253
0.0 0.6589587926864624 0.3537036180496216 0.11143898963928223 0.09676849842071533
0.0 0.6584970951080322 0.28245699405670166 0.11465120315551758 0.098513662815094
0.0 0.661424994468689 0.22002074122428894 0.11418777704238892 0.0907149463891983
0.0 0.7097835540771484 0.9717257618904114 0.09370970726013184 0.056548476219177246
0.0 0.7124172449111938 0.9422866106033325 0.08756333589553833 0.061156392097473145
0.0 0.7155144810676575 0.9033392667770386 0.09582555294036865 0.06941854953765869
0.0 0.7221946716308594 0.8567785024642944 0.09472924470901489 0.07712459564208984
0.0 0.7239255309104919 0.8013147711753845 0.09491467475891113 0.08024418354034424
0.0 0.7321271300315857 0.7423223853111267 0.10143172740936279 0.08529412746429443
0.0 0.7353330850601196 0.6752068996429443 0.10317689180374146 0.08850634098052979
0.0 0.7451024055480957 0.6030030846595764 0.1051073670387268 0.09483802318572998
0.0 0.7489572167396545 0.5249693393707275 0.10345494747161865 0.09318554401397705
0.0 0.7464339733123779 0.4489043653011322 0.10529279708862305 0.0979575514793396
0.0 0.7501033544540405 0.37399011850357056 0.11593294143676758 0.09392708539962769
0.0 0.7447306513786316 0.3063648045063019 0.11455857753753662 0.09695392847061157
0.0 0.7456896901130676 0.2375504970550537 0.10629642009735107 0.08869172632694244
0.0 0.8003336191177368 0.9844827055931091 0.09892904758453369 0.03103458881378174
0.0 0.8056234121322632 0.9673913717269897 0.10306817293167114 0.06052350997924805
0.0 0.809816837310791 0.9363354444503784 0.1047205924987793 0.06217598915100098
0.0 0.8091074228286743 0.8955966234207153 0.1049986481666565 0.06685531139373779
0.0 0.8148686289787292 0.8513292074203491 0.1035315990447998 0.06832230091094971
0.0 0.8187074065208435 0.7999038696289062 0.1105121374130249 0.08117115497589111
0.0 0.82218337059021 0.7414132952690125 0.10455125570297241 0.0854794979095459
0.0 0.8261691927909851 0.6743441224098206 0.10629642009735107 0.08869171142578125
0.0 0.8348805904388428 0.6067731380462646 0.09703058004379272 0.08969533443450928
0.0 0.8346506357192993 0.5316271781921387 0.10198789834976196 0.09465262293815613
0.0 0.8350615501403809 0.4588671624660492 0.10648173093795776 0.09181123971939087
0.0 0.8408789038658142 0.3214702606201172 0.10960125923156738 0.09199661016464233
0.0 0.8377994894981384 0.2547638416290283 0.10895240306854248 0.08107839524745941
0.0 0.8391863703727722 0.3894583582878113 0.10831964015960693 0.09658312797546387
