0.0 0.9896259307861328 0.9026846289634705 0.020748088136315346 0.09090733528137207
0.0 0.9811673164367676 0.9051684737205505 0.03766534477472305 0.09276825934648514
0.0 0.956974983215332 0.9076060652732849 0.051751598715782166 0.09466000646352768
0.0 0.9382506012916565 0.9088595509529114 0.05347418040037155 0.09638248383998871
0.0 0.9011402726173401 0.9144730567932129 0.054689113050699234 0.09344495832920074
0.0 0.876118004322052 0.9156265258789062 0.055027469992637634 0.09655165672302246
0.0 0.8333172798156738 0.9195021986961365 0.05951816961169243 0.09550588577985764
0.0 0.8045809864997864 0.9226319193840027 0.061240751296281815 0.09722836315631866
0.0 0.7502995729446411 0.9293296933174133 0.061240751296281815 0.09722836315631866
0.0 0.7159574627876282 0.9314982891082764 0.06728474050760269 0.096351757645607
0.0 0.655631959438324 0.9404260516166687 0.06417816132307053 0.09601341187953949
0.0 0.6171528100967407 0.9406875371932983 0.06434733420610428 0.09756670892238617
0.0 0.5557123422622681 0.9465932846069336 0.06383980065584183 0.09290671348571777
0.0 0.5154953002929688 0.952545166015625 0.060563988983631134 0.09101507067680359
0.0 0.4670887887477875 0.9529075026512146 0.06606979668140411 0.09418496489524841
0.0 0.4287787973880768 0.9546338319778442 0.06417816132307053 0.09073229879140854
0.0 0.39288341999053955 0.9570946097373962 0.05901069939136505 0.08581081032752991
0.0 0.35845670104026794 0.9581788182258606 0.0588415265083313 0.08364231139421463
0.0 0.32446834444999695 0.9569754600524902 0.05590406060218811 0.08604909479618073
0.0 0.2915949821472168 0.9580597281455994 0.05262826010584831 0.08388059586286545
0.0 0.2643427550792694 0.9544071555137634 0.054689083248376846 0.09118571877479553
0.0 0.23233063519001007 0.9549762010574341 0.054858267307281494 0.09004762768745422
0.0 0.9924518465995789 0.8064944744110107 0.015096317045390606 0.09644391387701035
0.0 0.9855964779853821 0.7970746159553528 0.02880699746310711 0.08709333837032318
0.0 0.9759299159049988 0.8002351522445679 0.04621512442827225 0.1001964807510376
0.0 0.9597046971321106 0.8027881383895874 0.044661715626716614 0.10002730041742325
0.0 0.9410648941993713 0.8048182129859924 0.05104418098926544 0.10225740820169449
0.0 0.9204181432723999 0.8172832131385803 0.05293581634759903 0.105533167719841
0.0 0.8971183896064758 0.8198208212852478 0.05070582404732704 0.09915070980787277
0.0 0.8629454970359802 0.8235426545143127 0.060871563851833344 0.10793232917785645
0.0 0.8337862491607666 0.8227891325950623 0.05864156782627106 0.10154987871646881
0.0 0.7902088761329651 0.8267493844032288 0.06208662688732147 0.10499493032693863
0.0 0.7565588355064392 0.8280566930770874 0.06397826224565506 0.10827068984508514
0.0 0.7015853524208069 0.8356156945228577 0.06657733023166656 0.1039491593837738
0.0 0.66285240650177 0.8335471749305725 0.06813061982393265 0.10411833226680756
0.0 0.6016656756401062 0.8417829871177673 0.06725401431322098 0.11016232520341873
0.0 0.5604182481765747 0.8454894423484802 0.06536237895488739 0.10688656568527222
0.0 0.49966979026794434 0.8505339026451111 0.07036066055297852 0.11050067096948624
0.0 0.45842239260673523 0.8542404174804688 0.0634707435965538 0.1036108136177063
0.0 0.4219348728656769 0.8511415123939514 0.06536237895488739 0.10688656568527222
0.0 0.38379406929016113 0.8545096516609192 0.06759237498044968 0.11326902359724045
0.0 0.34316951036453247 0.849503755569458 0.06759237498044968 0.11326902359724045
0.0 0.31036537885665894 0.8585776090621948 0.06380907446146011 0.10671739280223846
0.0 0.9711897373199463 0.6099156141281128 0.05762048810720444 0.11809806525707245
0.0 0.9284459352493286 0.6167979836463928 0.07691223919391632 0.11428406834602356
0.0 0.8676820993423462 0.6289169788360596 0.08984632045030594 0.12029734998941422
0.0 0.7919234037399292 0.633238673210144 0.09984288364648819 0.1275256723165512
0.0 0.7043302655220032 0.6443503499031067 0.10899357497692108 0.12698742747306824
0.0 0.6228658556938171 0.654008686542511 0.11743684858083725 0.13404658436775208
0.0 0.5311356782913208 0.663213312625885 0.12020519375801086 0.13127824664115906
0.0 0.423534095287323 0.6710031032562256 0.12020519375801086 0.13127824664115906
0.0 0.3267364203929901 0.6697575449943542 0.11466861516237259 0.13681483268737793
0.0 0.2455257624387741 0.6817458271980286 0.108117014169693 0.13303154706954956
0.0 0.9711781740188599 0.4978385865688324 0.05764370039105415 0.10982400923967361
0.0 0.9274768829345703 0.5068817138671875 0.08035728335380554 0.11772900819778442
0.0 0.8686200380325317 0.5148636698722839 0.08657056838274002 0.11840571463108063
0.0 0.7942301034927368 0.5245373249053955 0.10278040915727615 0.12631075084209442
0.0 0.7043916583061218 0.5366795063018799 0.11622190475463867 0.13698400557041168
0.0 0.6044566035270691 0.5499212741851807 0.12037438154220581 0.1328316628932953
0.0 0.49442505836486816 0.5642626285552979 0.11709852516651154 0.13093988597393036
0.0 0.3887304663658142 0.5679153800010681 0.12381930649280548 0.13627658784389496
0.0 0.2918328642845154 0.5729676485061646 0.11416109651327133 0.1321549266576767
0.0 0.21173718571662903 0.587977945804596 0.10859377682209015 0.1515021026134491
0.0 0.9716078042984009 0.4069850444793701 0.05192076787352562 0.09621327370405197
0.0 0.9440864324569702 0.406838983297348 0.06779226660728455 0.10101166367530823
0.0 0.9050844311714172 0.40951502323150635 0.07089895755052567 0.10134998708963394
0.0 0.858823299407959 0.41769692301750183 0.0831255167722702 0.11496077477931976
0.0 0.803949773311615 0.4189580976963043 0.09605960547924042 0.12097407877445221
0.0 0.7386259436607361 0.42528676986694336 0.10244206339120865 0.12320410460233688
0.0 0.6698571443557739 0.42884716391563416 0.10416452586650848 0.1249265968799591
0.0 0.5925297737121582 0.44041258096694946 0.11625262349843979 0.12317337840795517
0.0 0.5101195573806763 0.44860216975212097 0.11297686398029327 0.1212816834449768
0.0 0.4296163320541382 0.45265474915504456 0.11520686000585556 0.12766413390636444
0.0 0.3505818247795105 0.45576149225234985 0.11331521719694138 0.12438832223415375
0.0 0.276022732257843 0.46388185024261475 0.10967033356428146 0.13320069015026093
0.0 0.20534691214561462 0.47157934308052063 0.10139620304107666 0.12769484519958496
0.0 0.9547211527824402 0.31687742471694946 0.061240751296281815 0.09722836315631866
0.0 0.9204789996147156 0.31274810433387756 0.07089895755052567 0.10134998708963394
0.0 0.8800082206726074 0.31637001037597656 0.07555883377790451 0.1018575057387352
0.0 0.8307404518127441 0.3185923993587494 0.08332540839910507 0.10270338505506516
0.0 0.7751748561859131 0.3207148015499115 0.08643210679292679 0.10304173827171326
0.0 0.7118427157402039 0.32368311285972595 0.09865866601467133 0.11665252596139908
0.0 0.6395289301872253 0.33077311515808105 0.10487194359302521 0.11732922494411469
0.0 0.5637702941894531 0.3350948095321655 0.11037781089544296 0.1256033331155777
0.0 0.4834362268447876 0.3407006561756134 0.10987025499343872 0.1209433302283287
0.0 0.407492995262146 0.3505435585975647 0.10642524063587189 0.11749839782714844
0.0 0.33404889702796936 0.36168599128723145 0.10487194359302521 0.11732922494411469
0.0 0.2636268436908722 0.37171342968940735 0.10831693559885025 0.12077415734529495
0.0 0.20132508873939514 0.37692710757255554 0.09916620701551437 0.1213124543428421
0.0 0.9412794709205627 0.22953809797763824 0.06745391339063644 0.09790503233671188
0.0 0.9099594354629517 0.23059162497520447 0.06677721440792084 0.0916917696595192
0.0 0.8709573745727539 0.233267679810524 0.07711224257946014 0.10202670842409134
0.0 0.8236812353134155 0.23212969303131104 0.0845404714345932 0.09976597130298615
0.0 0.769315242767334 0.23805081844329834 0.08764705061912537 0.10010431706905365
0.0 0.7095279693603516 0.23748953640460968 0.09315291792154312 0.10837841778993607
0.0 0.6425662636756897 0.24321073293685913 0.09642866998910904 0.11027006804943085
0.0 0.5694912672042847 0.24331079423427582 0.10264195501804352 0.11094676703214645
0.0 0.4916563928127289 0.25021621584892273 0.10108863562345505 0.1107775941491127
0.0 0.4168281555175781 0.2630811631679535 0.10574853420257568 0.11128511279821396
0.0 0.34201526641845703 0.26887160539627075 0.10244200378656387 0.12320409715175629
0.0 0.2759840488433838 0.2831360101699829 0.10676358640193939 0.1206049919128418
0.0 0.20686154067516327 0.29066431522369385 0.09676700830459595 0.11337670683860779
0.0 0.9445012807846069 0.13645455241203308 0.04793759807944298 0.1019190326333046
0.0 0.9231086373329163 0.13485512137413025 0.06846896559000015 0.10722491145133972
0.0 0.8917039632797241 0.13513198494911194 0.07019154727458954 0.10894741863012314
0.0 0.8507103323936462 0.14116844534873962 0.07485142350196838 0.1094549372792244
0.0 0.8067100048065186 0.14124539494514465 0.07623553276062012 0.10807079076766968
0.0 0.7551968693733215 0.14449819922447205 0.09089209139347076 0.11580661684274673
0.0 0.6966937780380249 0.14851228892803192 0.09349126368761063 0.11148504167795181
0.0 0.6296474933624268 0.15345685184001923 0.09676702320575714 0.11337669938802719
0.0 0.5613170266151428 0.1538260281085968 0.09730526059865952 0.10422598570585251
0.0 0.48701170086860657 0.16427640616893768 0.10230360180139542 0.1078401505947113
0.0 0.4148671627044678 0.17291970551013947 0.09987366199493408 0.11371505260467529
0.0 0.27800628542900085 0.18625378608703613 0.10021201521158218 0.11682166904211044
0.0 0.21249794960021973 0.198103666305542 0.08916961401700974 0.1140841469168663
0.0 0.3455754816532135 0.17889466881752014 0.1045335978269577 0.11422257870435715
