0.0 0.9937499761581421 0.09531249850988388 0.01250004768371582 0.08749999105930328
0.0 0.985156238079071 0.09218750149011612 0.02968752384185791 0.08749999105930328
0.0 0.956250011920929 0.08828125149011612 0.03281247615814209 0.09218750894069672
0.0 0.936718761920929 0.08984375 0.03281247615814209 0.08906250447034836
0.0 0.8999999761581421 0.08203125 0.03593754768371582 0.08906250447034836
0.0 0.875 0.08203125 0.03593754768371582 0.08906250447034836
0.0 0.83203125 0.07890625298023224 0.04062497615814209 0.08750000596046448
0.0 0.8031250238418579 0.07656250149011612 0.04218745231628418 0.08749999105930328
0.0 0.749218761920929 0.06875000149011612 0.04218745231628418 0.08749999105930328
0.0 0.714062511920929 0.06796874850988388 0.04843747615814209 0.0859375
0.0 0.6546875238418579 0.05624999850988388 0.04531252384185791 0.09062500298023224
0.0 0.6156250238418579 0.05859375 0.04531252384185791 0.08750000596046448
0.0 0.553906261920929 0.05312500149011612 0.046875 0.08281250298023224
0.0 0.5140625238418579 0.04765624552965164 0.04375001788139343 0.08124999701976776
0.0 0.46562498807907104 0.04453124850988388 0.046875 0.08906249701976776
0.0 0.4281249940395355 0.04296875 0.043749988079071045 0.0859375
0.0 0.39140623807907104 0.04062499850988388 0.042187511920928955 0.08124999701976776
0.0 0.3570312559604645 0.03984374925494194 0.042187511920928955 0.07968749850988388
0.0 0.3226562440395355 0.04140625149011612 0.0390625 0.08281250298023224
0.0 0.28984373807907104 0.04062499850988388 0.035937488079071045 0.08124999701976776
0.0 0.26249998807907104 0.04531250149011612 0.035937488079071045 0.0859375
0.0 0.23125000298023224 0.04374999925494194 0.03749999403953552 0.08749999850988388
0.0 0.996874988079071 0.19140625 0.00625002384185791 0.09531250596046448
0.0 0.989062488079071 0.20078125596046448 0.02187502384185791 0.08281248807907104
0.0 0.9750000238418579 0.19765624403953552 0.02656245231628418 0.09531250596046448
0.0 0.9585937261581421 0.1953125 0.02499997615814209 0.09531250596046448
0.0 0.9398437738418579 0.19374999403953552 0.03125 0.09531250596046448
0.0 0.9195312261581421 0.18125000596046448 0.03281247615814209 0.09843748807907104
0.0 0.8960937261581421 0.17890624701976776 0.03125 0.09218749403953552
0.0 0.8617187738418579 0.17499999701976776 0.0390625 0.09999999403953552
0.0 0.832812488079071 0.17578125 0.0390625 0.09375
0.0 0.7890625 0.171875 0.04218745231628418 0.09687500447034836
0.0 0.7554687261581421 0.17109374701976776 0.04375004768371582 0.09843751043081284
0.0 0.699999988079071 0.16328124701976776 0.046875 0.09375
0.0 0.6617187261581421 0.16562500596046448 0.04843747615814209 0.09375
0.0 0.6000000238418579 0.15781250596046448 0.04531252384185791 0.09999999403953552
0.0 0.559374988079071 0.15468749403953552 0.04531252384185791 0.09687500447034836
0.0 0.4984375238418579 0.14921875298023224 0.04843750596046448 0.09999999403953552
0.0 0.45703125 0.14609375596046448 0.043749988079071045 0.09375
0.0 0.4203124940395355 0.14921875298023224 0.04531252384185791 0.09687498956918716
0.0 0.3828125 0.14609375596046448 0.04531252384185791 0.10312500596046448
0.0 0.3421874940395355 0.15078124403953552 0.04531252384185791 0.10312500596046448
0.0 0.30937498807907104 0.14218750596046448 0.043749988079071045 0.09687500447034836
0.0 0.9765625 0.3882812559604645 0.046875 0.10781252384185791
0.0 0.9281250238418579 0.3812499940395355 0.0546875 0.10312497615814209
0.0 0.8671875 0.3695312440395355 0.06718754768371582 0.10624998807907104
0.0 0.7914062738418579 0.3656249940395355 0.07656252384185791 0.11093747615814209
0.0 0.703906238079071 0.35468751192092896 0.0859375 0.109375
0.0 0.6226562261581421 0.3453125059604645 0.09375 0.11406248807907104
0.0 0.530468761920929 0.33671873807907104 0.09687498211860657 0.11093747615814209
0.0 0.42265623807907104 0.32890623807907104 0.09687501192092896 0.11093747615814209
0.0 0.3257812559604645 0.33125001192092896 0.08906251192092896 0.1171875
0.0 0.24453124403953552 0.31953126192092896 0.0859375 0.11562502384185791
0.0 0.9742187261581421 0.5 0.04218745231628418 0.1015625
0.0 0.9273437261581421 0.49140626192092896 0.05781245231628418 0.10468748211860657
0.0 0.8687499761581421 0.48359376192092896 0.06406247615814209 0.10468748211860657
0.0 0.7945312261581421 0.4742187261581421 0.07968747615814209 0.10937497019767761
0.0 0.703906238079071 0.4624999761581421 0.09062504768371582 0.11718747019767761
0.0 0.6039062738418579 0.44999998807907104 0.09687495231628418 0.11249998211860657
0.0 0.4945312738418579 0.4359374940395355 0.09375002980232239 0.11093747615814209
0.0 0.3882812559604645 0.43281251192092896 0.10000002384185791 0.11562502384185791
0.0 0.2914062440395355 0.4281249940395355 0.09062498807907104 0.11250001192092896
0.0 0.21171875298023224 0.41328126192092896 0.07968750596046448 0.1343749761581421
0.0 0.971875011920929 0.5914062261581421 0.03281247615814209 0.08906245231628418
0.0 0.944531261920929 0.5914062261581421 0.04843747615814209 0.09062504768371582
0.0 0.905468761920929 0.589062511920929 0.05156254768371582 0.09062504768371582
0.0 0.859375 0.581250011920929 0.06093752384185791 0.1015625
0.0 0.803906261920929 0.5796874761581421 0.07343745231628418 0.10468745231628418
0.0 0.739062488079071 0.57421875 0.07968747615814209 0.10625004768371582
0.0 0.6703125238418579 0.5703125 0.08124995231628418 0.10781252384185791
0.0 0.592968761920929 0.559374988079071 0.09375 0.10312497615814209
0.0 0.5101562738418579 0.551562488079071 0.09218752384185791 0.1015625
0.0 0.4296875 0.547656238079071 0.09218752384185791 0.10781252384185791
0.0 0.35078126192092896 0.5445312261581421 0.09062498807907104 0.10468748211860657
0.0 0.27656251192092896 0.5367187261581421 0.0859375 0.11562502384185791
0.0 0.20546874403953552 0.5296875238418579 0.078125 0.11093747615814209
0.0 0.9554687738418579 0.6812499761581421 0.04218745231628418 0.08749997615814209
0.0 0.921093761920929 0.6859375238418579 0.05156254768371582 0.09062504768371582
0.0 0.8804687261581421 0.6820312738418579 0.0546875 0.09062504768371582
0.0 0.831250011920929 0.680468738079071 0.06406247615814209 0.09062504768371582
0.0 0.7757812738418579 0.6781250238418579 0.06718754768371582 0.08906245231628418
0.0 0.7124999761581421 0.67578125 0.078125 0.10000002384185791
0.0 0.639843761920929 0.668749988079071 0.08437502384185791 0.10000002384185791
0.0 0.5640624761581421 0.664843738079071 0.08749997615814209 0.10781252384185791
0.0 0.484375 0.659375011920929 0.08906248211860657 0.1015625
0.0 0.4078125059604645 0.6499999761581421 0.0859375 0.10000002384185791
0.0 0.3343749940395355 0.6390625238418579 0.08437502384185791 0.10000002384185791
0.0 0.2640624940395355 0.62890625 0.0859375 0.10312497615814209
0.0 0.20156249403953552 0.624218761920929 0.07656249403953552 0.10468745231628418
0.0 0.942187488079071 0.768750011920929 0.04843747615814209 0.08749997615814209
0.0 0.910937488079071 0.7679687738418579 0.04999995231628418 0.08124995231628418
0.0 0.871874988079071 0.765625 0.05781245231628418 0.08906245231628418
0.0 0.824999988079071 0.766406238079071 0.06562495231628418 0.08749997615814209
0.0 0.770312488079071 0.760937511920929 0.06875002384185791 0.0859375
0.0 0.710156261920929 0.76171875 0.07343745231628418 0.09218752384185791
0.0 0.643750011920929 0.7562500238418579 0.07656252384185791 0.09375
0.0 0.5703125 0.7562500238418579 0.08281254768371582 0.09375
0.0 0.49296873807907104 0.75 0.08124998211860657 0.09375
0.0 0.41796875 0.737500011920929 0.0859375 0.09375
0.0 0.34296876192092896 0.7320312261581421 0.07968747615814209 0.10625004768371582
0.0 0.27656251192092896 0.717968761920929 0.08437500894069672 0.10312497615814209
0.0 0.20781250298023224 0.710156261920929 0.078125 0.09687495231628418
0.0 0.9476562738418579 0.8609374761581421 0.03125 0.09531247615814209
0.0 0.9242187738418579 0.86328125 0.04843747615814209 0.09687495231628418
0.0 0.8929687738418579 0.86328125 0.04999995231628418 0.09843754768371582
0.0 0.852343738079071 0.8578125238418579 0.0546875 0.09843754768371582
0.0 0.807812511920929 0.8578125238418579 0.05624997615814209 0.09687495231628418
0.0 0.7562500238418579 0.854687511920929 0.06718754768371582 0.1015625
0.0 0.6976562738418579 0.850781261920929 0.07343745231628418 0.09531247615814209
0.0 0.6312500238418579 0.8460937738418579 0.07656252384185791 0.09687495231628418
0.0 0.5625 0.8460937738418579 0.078125 0.08749997615814209
0.0 0.48828125 0.8359375 0.08281251788139343 0.09062504768371582
0.0 0.4164062440395355 0.827343761920929 0.08125001192092896 0.09687495231628418
0.0 0.2789062559604645 0.8148437738418579 0.07968749105930328 0.10000002384185791
0.0 0.21328124403953552 0.8031250238418579 0.06874999403953552 0.10000002384185791
0.0 0.34687501192092896 0.8218749761581421 0.08437502384185791 0.09687495231628418
