0.0 0.9942485690116882 0.8823672533035278 0.011502861976623535 0.0881340503692627
0.0 0.976845920085907 0.8879039883613586 0.03726756572723389 0.09320807456970215
0.0 0.9570702910423279 0.8875043392181396 0.0383838415145874 0.09032845497131348
0.0 0.9205759763717651 0.8973222374916077 0.04147893190383911 0.0907597541809082
0.0 0.8962655663490295 0.8983432650566101 0.039931416511535645 0.09054410457611084
0.0 0.8528263568878174 0.9036072492599487 0.04435843229293823 0.08964347839355469
0.0 0.8241966962814331 0.9075964689254761 0.04569035768508911 0.08831167221069336
0.0 0.7712374925613403 0.9181309938430786 0.047237932682037354 0.08852732181549072
0.0 0.7360942363739014 0.920661449432373 0.05166482925415039 0.08762669563293457
0.0 0.6773760914802551 0.935153603553772 0.04943239688873291 0.09338545799255371
0.0 0.6379326581954956 0.9351280331611633 0.048785507678985596 0.08874285221099854
0.0 0.576804518699646 0.9436455965042114 0.052781105041503906 0.0847470760345459
0.0 0.5375576615333557 0.950691819190979 0.04659104347229004 0.083884596824646
0.0 0.4895836114883423 0.9552879929542542 0.0509798526763916 0.0894240140914917
0.0 0.4516686797142029 0.9580373167991638 0.04788482189178467 0.08392536640167236
0.0 0.41530126333236694 0.961398720741272 0.0459059476852417 0.07720255851745605
0.0 0.3809317350387573 0.9629429578781128 0.04723799228668213 0.07411408424377441
0.0 0.34757065773010254 0.9622737765312195 0.0425952672958374 0.07545244693756104
0.0 0.3146408796310425 0.9634851217269897 0.039284586906433105 0.07302975654602051
0.0 0.2857068181037903 0.9611700773239136 0.03950023651123047 0.07765984535217285
0.0 0.2547558546066284 0.9625526666641235 0.039931416511535645 0.07489466667175293
0.0 0.9954285025596619 0.7734299898147583 0.00914299488067627 0.08460772037506104
0.0 0.9870882630348206 0.7780154943466187 0.025823473930358887 0.09544050693511963
0.0 0.973789393901825 0.7810534238815308 0.029961109161376953 0.09522497653961182
0.0 0.9552187919616699 0.7836410403251648 0.03615128993988037 0.09608745574951172
0.0 0.9349547624588013 0.7967190146446228 0.038130104541778564 0.09939813613891602
0.0 0.9118492603302002 0.8007273077964783 0.03572005033493042 0.09299242496490479
0.0 0.8779110908508301 0.8062450289726257 0.045867860317230225 0.10047626495361328
0.0 0.8488501310348511 0.8071391582489014 0.04367345571517944 0.09561812877655029
0.0 0.8055187463760376 0.8131769299507141 0.046984195709228516 0.09759688377380371
0.0 0.7719230651855469 0.815491795539856 0.048747360706329346 0.09936010837554932
0.0 0.7166424989700317 0.826349675655365 0.051195621490478516 0.09514880180358887
0.0 0.6786388158798218 0.8253347873687744 0.051195621490478516 0.09514880180358887
0.0 0.6170603036880493 0.836281418800354 0.050510525703430176 0.10112321376800537
0.0 0.5768240094184875 0.8418879508972168 0.05007922649383545 0.09802818298339844
0.0 0.5164695978164673 0.8502976894378662 0.05205810070037842 0.10133886337280273
0.0 0.4754595160484314 0.8560119867324829 0.048316121101379395 0.09626507759094238
0.0 0.4381217956542969 0.8541154861450195 0.04853177070617676 0.09781253337860107
0.0 0.4009805917739868 0.8592907190322876 0.052489399909973145 0.10443401336669922
0.0 0.3604399561882019 0.8570516705513 0.052489399909973145 0.10443401336669922
0.0 0.32792234420776367 0.8671042323112488 0.04853177070617676 0.09781253337860107
0.0 0.9782537221908569 0.5871850252151489 0.04349255561828613 0.10929226875305176
0.0 0.9338774681091309 0.5965145230293274 0.060227155685424805 0.10551226139068604
0.0 0.8736118078231812 0.6112222075462341 0.07127559185028076 0.10856914520263672
0.0 0.7982322573661804 0.6193591952323914 0.0812077522277832 0.11450564861297607
0.0 0.7112269997596741 0.634637713432312 0.09006178379058838 0.11270427703857422
0.0 0.6303041577339172 0.6482797861099243 0.09844648838043213 0.11842513084411621
0.0 0.5391064882278442 0.6617760062217712 0.10089462995529175 0.11421370506286621
0.0 0.4313362240791321 0.6752151250839233 0.10089457035064697 0.11421370506286621
0.0 0.33465254306793213 0.6776437759399414 0.09423506259918213 0.1208733320236206
0.0 0.25405311584472656 0.6936072111129761 0.09092438220977783 0.11889457702636719
0.0 0.9738478660583496 0.4757806062698364 0.04763108491897583 0.10223957896232605
0.0 0.9272945523262024 0.487000048160553 0.06199026107788086 0.1072753369808197
0.0 0.8688111305236816 0.497515469789505 0.06951236724853516 0.10680598020553589
0.0 0.7957338094711304 0.5108532309532166 0.08387160301208496 0.11184179782867432
0.0 0.705741286277771 0.5273367166519165 0.09578263759613037 0.12108898162841797
0.0 0.6063556671142578 0.5443403124809265 0.10265779495239258 0.11597692966461182
0.0 0.4979003369808197 0.5641851425170898 0.09956270456314087 0.11554563045501709
0.0 0.3918045163154602 0.5726581811904907 0.10463666915893555 0.11928772926330566
0.0 0.2953173518180847 0.582158625125885 0.09513568878173828 0.11644637584686279
0.0 0.21669679880142212 0.6010015606880188 0.08422672748565674 0.1361713409423828
0.0 0.9666496515274048 0.38449421525001526 0.0370519757270813 0.09166043996810913
0.0 0.9392441511154175 0.38594648241996765 0.052311837673187256 0.09226924180984497
0.0 0.9004476070404053 0.39056360721588135 0.05562257766723633 0.09424805641174316
0.0 0.85445237159729 0.40012770891189575 0.06598597764968872 0.10327965021133423
0.0 0.7990831136703491 0.40468767285346985 0.07879763841629028 0.10809981822967529
0.0 0.734859824180603 0.4136365056037903 0.08498787879943848 0.10896235704421997
0.0 0.6664442420005798 0.42080312967300415 0.08675110340118408 0.1107255220413208
0.0 0.5897136926651001 0.4362275004386902 0.09826898574829102 0.10626035928726196
0.0 0.5076935887336731 0.44765612483024597 0.09672141075134277 0.1060447096824646
0.0 0.42756354808807373 0.4556662142276764 0.09603643417358398 0.1120193600654602
0.0 0.34898102283477783 0.46346068382263184 0.09560513496398926 0.10892423987388611
0.0 0.27480649948120117 0.4745849072933197 0.09092438220977783 0.11889451742172241
0.0 0.20450085401535034 0.48517006635665894 0.08408725261688232 0.11338937282562256
0.0 0.9456313848495483 0.2959223687648773 0.04569035768508911 0.08831161260604858
0.0 0.9112808704376221 0.2928207516670227 0.055406928062438965 0.09270048141479492
0.0 0.870270848274231 0.2985350787639618 0.06004953384399414 0.09334737062454224
0.0 0.8219733238220215 0.30289843678474426 0.06757169961929321 0.09287804365158081
0.0 0.7659381628036499 0.3083399832248688 0.07045108079910278 0.0917617678642273
0.0 0.7036049365997314 0.31387025117874146 0.08257776498794556 0.10255652666091919
0.0 0.6308701038360596 0.3240050673484802 0.08876800537109375 0.10341906547546387
0.0 0.5554904937744141 0.33214205503463745 0.09294122457504272 0.11158806085586548
0.0 0.47634994983673096 0.34159186482429504 0.09362626075744629 0.10561347007751465
0.0 0.4000696539878845 0.3545871078968048 0.09031558036804199 0.10363465547561646
0.0 0.3272079825401306 0.3694724142551422 0.08876800537109375 0.10341906547546387
0.0 0.25810736417770386 0.3830448389053345 0.09074676036834717 0.10672980546951294
0.0 0.19532382488250732 0.3910042643547058 0.08167719841003418 0.106983482837677
0.0 0.9280315637588501 0.20924057066440582 0.05209618806838989 0.09072169661521912
0.0 0.8967571258544922 0.21123194694519043 0.054113149642944336 0.0834152102470398
0.0 0.85796058177948 0.21584904193878174 0.061381518840789795 0.09201551973819733
0.0 0.8108872175216675 0.21767541766166687 0.07178306579589844 0.09042982757091522
0.0 0.7567230463027954 0.225222647190094 0.07487815618515015 0.09086109697818756
0.0 0.6963876485824585 0.22810813784599304 0.07552504539489746 0.09550374746322632
0.0 0.6305090188980103 0.2364988625049591 0.08038330078125 0.09769822657108307
0.0 0.5569116473197937 0.24044348299503326 0.08657348155975342 0.09856078028678894
0.0 0.4802001416683197 0.2503436207771301 0.08481031656265259 0.09679757058620453
0.0 0.4060065746307373 0.26699209213256836 0.08945298194885254 0.09744447469711304
0.0 0.3316164016723633 0.27656880021095276 0.08498787879943848 0.10896234214305878
0.0 0.2653762102127075 0.2936866581439972 0.08919930458068848 0.10651415586471558
0.0 0.19749969244003296 0.3047221601009369 0.08236217498779297 0.10100895166397095
0.0 0.9285711050033569 0.11687605828046799 0.03615128993988037 0.09608747065067291
0.0 0.9047109484672546 0.11546792834997177 0.05162680149078369 0.0982438176870346
0.0 0.8742103576660156 0.1173514872789383 0.054937541484832764 0.1002226248383522
0.0 0.8334158658981323 0.12461334466934204 0.06112772226333618 0.10108517855405807
0.0 0.7887716293334961 0.12689006328582764 0.06091207265853882 0.09953761100769043
0.0 0.7374869585037231 0.13245846331119537 0.07372373342514038 0.1043577790260315
0.0 0.679345965385437 0.1397709846496582 0.07750385999679565 0.09881448745727539
0.0 0.6133595705032349 0.14738790690898895 0.08059900999069214 0.09924575686454773
0.0 0.5445126295089722 0.15145942568778992 0.08261585235595703 0.0919393002986908
0.0 0.4714353382587433 0.16479717195034027 0.08614224195480347 0.09546566009521484
0.0 0.39979779720306396 0.17714549601078033 0.08524155616760254 0.09989264607429504
0.0 0.26294755935668945 0.19700293242931366 0.08412528038024902 0.10277214646339417
0.0 0.1979314088821411 0.21158383786678314 0.07350814342498779 0.10281023383140564
0.0 0.3309318423271179 0.18674123287200928 0.08833670616149902 0.10032394528388977
