0.0 0.9025559425354004 0.9935896992683411 0.08945685625076294 0.012820601463317871
0.0 0.9057507514953613 0.9847756028175354 0.08945685625076294 0.0304487943649292
0.0 0.909744381904602 0.9551281929016113 0.0942491888999939 0.033653855323791504
0.0 0.9081469774246216 0.9350961446762085 0.09105432033538818 0.035256385803222656
0.0 0.9161341786384583 0.8974358439445496 0.09105432033538818 0.03685903549194336
0.0 0.9161341786384583 0.8717948794364929 0.09105432033538818 0.03685903549194336
0.0 0.919329047203064 0.8277243375778198 0.08945685625076294 0.041666626930236816
0.0 0.9217252731323242 0.7980769276618958 0.08945685625076294 0.04326915740966797
0.0 0.9297124147415161 0.7427884936332703 0.08945685625076294 0.04326915740966797
0.0 0.9305111765861511 0.7067307829856873 0.0878593921661377 0.04967951774597168
0.0 0.9424920082092285 0.6458333730697632 0.09265172481536865 0.046474337577819824
0.0 0.940095841884613 0.6057692766189575 0.08945691585540771 0.046474337577819824
0.0 0.945686936378479 0.5424679517745972 0.08466452360153198 0.04807686805725098
0.0 0.9512779712677002 0.5016025900840759 0.08306711912155151 0.04487180709838867
0.0 0.9544728398323059 0.45192307233810425 0.09105432033538818 0.04807692766189575
0.0 0.9560703039169312 0.41266027092933655 0.0878593921661377 0.0464743971824646
0.0 0.9584664702415466 0.3758012652397156 0.08306705951690674 0.043269217014312744
0.0 0.9592651724815369 0.3405448794364929 0.08146965503692627 0.043269217014312744
0.0 0.9576677083969116 0.3052884638309479 0.08466452360153198 0.040064096450805664
0.0 0.9584664702415466 0.27163460850715637 0.08306705951690674 0.036858975887298584
0.0 0.9536740779876709 0.24358972907066345 0.08785945177078247 0.036858975887298584
0.0 0.9552716016769409 0.2107371836900711 0.08945685625076294 0.036858946084976196
0.0 0.804313063621521 0.9967948794364929 0.09744411706924438 0.00641024112701416
0.0 0.7947283983230591 0.9887820482254028 0.08466452360153198 0.022435903549194336
0.0 0.7979233264923096 0.9743589758872986 0.09744405746459961 0.027243494987487793
0.0 0.800319492816925 0.9575320482254028 0.09744405746459961 0.02564096450805664
0.0 0.8019169569015503 0.9383013248443604 0.09744405746459961 0.03205132484436035
0.0 0.8146964907646179 0.9174679517745972 0.1006389856338501 0.033653855323791504
0.0 0.8170926570892334 0.8934294581413269 0.09424924850463867 0.03205132484436035
0.0 0.8210862874984741 0.8581730723381042 0.10223644971847534 0.040064096450805664
0.0 0.8202875256538391 0.8285256028175354 0.09584665298461914 0.040064096450805664
0.0 0.8242811560630798 0.7836538553237915 0.09904158115386963 0.04326915740966797
0.0 0.8250798583030701 0.7491986751556396 0.1006389856338501 0.04487180709838867
0.0 0.8330670595169067 0.6923076510429382 0.09584665298461914 0.04807686805725098
0.0 0.830670952796936 0.6530448198318481 0.09584665298461914 0.04967951774597168
0.0 0.8386581540107727 0.5897436141967773 0.10223639011383057 0.046474337577819824
0.0 0.8418530225753784 0.5480769276618958 0.09904152154922485 0.046474337577819824
0.0 0.8474440574645996 0.48557692766189575 0.10223644971847534 0.04967951774597168
0.0 0.8506389856338501 0.4431089758872986 0.09584665298461914 0.04487180709838867
0.0 0.8474440574645996 0.40544870495796204 0.09904152154922485 0.0464743971824646
0.0 0.8506389856338501 0.3669871687889099 0.10543131828308105 0.0464743971824646
0.0 0.8458466529846191 0.3253205120563507 0.10543131828308105 0.0464743971824646
0.0 0.854632556438446 0.2916666567325592 0.09904158115386963 0.04487180709838867
0.0 0.6030351519584656 0.9759615659713745 0.11022365093231201 0.04807686805725098
0.0 0.610223650932312 0.9262820482254028 0.10543131828308105 0.05608975887298584
0.0 0.6222044825553894 0.8637820482254028 0.10862624645233154 0.06891036033630371
0.0 0.6261980533599854 0.786057710647583 0.11341851949691772 0.07852566242218018
0.0 0.6373801827430725 0.6963140964508057 0.11182105541229248 0.08814096450805664
0.0 0.6469648480415344 0.6129807233810425 0.11661338806152344 0.0961538553237915
0.0 0.6557508111000061 0.5184294581413269 0.11341845989227295 0.0993589460849762
0.0 0.6637380123138428 0.40785256028175354 0.11341851949691772 0.09935897588729858
0.0 0.6613418459892273 0.30849358439445496 0.11980831623077393 0.0913461446762085
0.0 0.6733226776123047 0.22516025602817535 0.11821091175079346 0.08653846383094788
0.0 0.48881784081459045 0.9735576510429382 0.10383385419845581 0.04326915740966797
0.0 0.4976038336753845 0.9254807233810425 0.10702872276306152 0.059294819831848145
0.0 0.5055910348892212 0.865384578704834 0.10702872276306152 0.0657050609588623
0.0 0.5151757597923279 0.7892627716064453 0.11182105541229248 0.08173072338104248
0.0 0.5271565914154053 0.6963140964508057 0.11980825662612915 0.0929487943649292
0.0 0.5399361252784729 0.59375 0.11501598358154297 0.09935891628265381
0.0 0.554313063621521 0.4815705418586731 0.11341851949691772 0.09615388512611389
0.0 0.5575079917907715 0.3725961744785309 0.11821085214614868 0.10256415605545044
0.0 0.5623003244400024 0.2732371687889099 0.11501598358154297 0.09294869005680084
0.0 0.5774760246276855 0.19150641560554504 0.13738012313842773 0.08173078298568726
0.0 0.39536744356155396 0.9711538553237915 0.09105432033538818 0.033653855323791504
0.0 0.39536744356155396 0.9431089758872986 0.0926518440246582 0.04967951774597168
0.0 0.39776355028152466 0.9030448794364929 0.0926518440246582 0.052884697914123535
0.0 0.4057508111000061 0.8557692170143127 0.10383391380310059 0.0625
0.0 0.40734827518463135 0.7988781929016113 0.10702872276306152 0.07532048225402832
0.0 0.41293931007385254 0.7323718070983887 0.10862624645233154 0.08173072338104248
0.0 0.4169328808784485 0.6618589758872986 0.11022365093231201 0.08333325386047363
0.0 0.42811501026153564 0.5825320482254028 0.10543131828308105 0.0961538553237915
0.0 0.4361022710800171 0.4975961446762085 0.10383391380310059 0.09455129504203796
0.0 0.44009584188461304 0.41506409645080566 0.11022365093231201 0.09455132484436035
0.0 0.4432907700538635 0.33413463830947876 0.10702872276306152 0.09294867515563965
0.0 0.4512779712677002 0.2580128312110901 0.11821091175079346 0.08814102411270142
0.0 0.45846644043922424 0.1850961446762085 0.11341851949691772 0.08012819290161133
0.0 0.30351442098617554 0.9543269276618958 0.08945679664611816 0.04326915740966797
0.0 0.2987220287322998 0.9190705418586731 0.0926518440246582 0.052884697914123535
0.0 0.3027156591415405 0.8774037957191467 0.0926518440246582 0.05769228935241699
0.0 0.30431312322616577 0.8269230723381042 0.09105432033538818 0.0657050609588623
0.0 0.3067092299461365 0.7700320482254028 0.09105432033538818 0.06891036033630371
0.0 0.30910545587539673 0.7051281929016113 0.10223639011383057 0.08012819290161133
0.0 0.31629395484924316 0.6306089758872986 0.10223650932312012 0.08653843402862549
0.0 0.3202875256538391 0.552884578704834 0.11022365093231201 0.08974361419677734
0.0 0.3258785605430603 0.47115379571914673 0.10383391380310059 0.09134611487388611
0.0 0.335463285446167 0.3926282227039337 0.10223650932312012 0.08814102411270142
0.0 0.3466453552246094 0.3173076808452606 0.10223650932312012 0.08653849363327026
0.0 0.3570287823677063 0.24519231915473938 0.10543131828308105 0.08814103901386261
0.0 0.3618210554122925 0.18108974397182465 0.10702872276306152 0.07852563261985779
0.0 0.21405750513076782 0.9407051205635071 0.08945679664611816 0.04967951774597168
0.0 0.21485620737075806 0.9086538553237915 0.08306705951690674 0.05128204822540283
0.0 0.21725237369537354 0.8685897588729858 0.09105420112609863 0.059294819831848145
0.0 0.2164536714553833 0.8205128312110901 0.0878593921661377 0.06730759143829346
0.0 0.2220447063446045 0.7644230723381042 0.0878593921661377 0.07051289081573486
0.0 0.22124600410461426 0.7027243971824646 0.09424924850463867 0.07532048225402832
0.0 0.22683703899383545 0.634615421295166 0.09584665298461914 0.07852566242218018
0.0 0.22683703899383545 0.5592948794364929 0.09584665298461914 0.08493590354919434
0.0 0.23322683572769165 0.4799679219722748 0.09584665298461914 0.08333331346511841
0.0 0.24600636959075928 0.4030448794364929 0.09584665298461914 0.08814102411270142
0.0 0.25159746408462524 0.32612180709838867 0.10862624645233154 0.08173072338104248
0.0 0.26597440242767334 0.2580128312110901 0.10543131828308105 0.08653847873210907
0.0 0.2739616632461548 0.1875 0.09904146194458008 0.07852563261985779
0.0 0.11980831623077393 0.9463141560554504 0.09744405746459961 0.03205132484436035
0.0 0.11741214990615845 0.9222756624221802 0.09904146194458008 0.04967951774597168
0.0 0.11741214990615845 0.8902243971824646 0.1006389856338501 0.05128204822540283
0.0 0.12300318479537964 0.8485576510429382 0.1006389856338501 0.05608975887298584
0.0 0.12300318479537964 0.8028846383094788 0.09904146194458008 0.05769228935241699
0.0 0.12619805335998535 0.75 0.10383391380310059 0.07051289081573486
0.0 0.13019168376922607 0.6899038553237915 0.09744405746459961 0.07532048225402832
0.0 0.13498401641845703 0.6217948794364929 0.09904146194458008 0.07852566242218018
0.0 0.13498401641845703 0.5512820482254028 0.08945679664611816 0.08012819290161133
0.0 0.14536738395690918 0.47516030073165894 0.0926518440246582 0.08493593335151672
0.0 0.15415334701538086 0.401442289352417 0.09904146194458008 0.08173072338104248
0.0 0.1669328808784485 0.2604166567325592 0.10223639011383057 0.08173076808452606
0.0 0.17891371250152588 0.1931089609861374 0.10223650932312012 0.0705128014087677
0.0 0.15974444150924683 0.3301282227039337 0.09904146194458008 0.08653849363327026
