0.0 0.005751422606408596 0.8823672533035278 0.011502845212817192 0.08813408017158508
0.0 0.02315407432615757 0.8879039883613586 0.03726760670542717 0.09320804476737976
0.0 0.04292970895767212 0.8875043392181396 0.03838386759161949 0.09032850712537766
0.0 0.07942398637533188 0.8973222374916077 0.0414789654314518 0.09075977653265
0.0 0.10373443365097046 0.8983432650566101 0.03993140906095505 0.09054414182901382
0.0 0.14717362821102142 0.9036072492599487 0.04435844346880913 0.08964352309703827
0.0 0.1758032888174057 0.9075964689254761 0.045690350234508514 0.08831163495779037
0.0 0.2287624627351761 0.9181309938430786 0.04723789170384407 0.08852726966142654
0.0 0.26390576362609863 0.920661449432373 0.05166489630937576 0.08762664347887039
0.0 0.3226238787174225 0.935153603553772 0.04943237081170082 0.0933854803442955
0.0 0.362067312002182 0.9351280331611633 0.04878547787666321 0.08874290436506271
0.0 0.423195481300354 0.9436455965042114 0.05278117209672928 0.08474711328744888
0.0 0.4624423384666443 0.950691819190979 0.04659103974699974 0.0838845819234848
0.0 0.5104163885116577 0.9552879929542542 0.05097989737987518 0.08942403644323349
0.0 0.5483313202857971 0.9580373167991638 0.04788484424352646 0.08392535150051117
0.0 0.5846987366676331 0.961398720741272 0.0459059402346611 0.07720259577035904
0.0 0.6190682649612427 0.9629429578781128 0.047237951308488846 0.07411403954029083
0.0 0.6524293422698975 0.9622737765312195 0.04259525611996651 0.07545247673988342
0.0 0.6853591203689575 0.9634851217269897 0.03928457573056221 0.07302980124950409
0.0 0.7142931818962097 0.9611700773239136 0.03950020670890808 0.07765988260507584
0.0 0.7452441453933716 0.9625526666641235 0.03993146866559982 0.07489471882581711
0.0 0.004571486264467239 0.7734299898147583 0.009142972528934479 0.08460775762796402
0.0 0.012911751866340637 0.7780154943466187 0.025823503732681274 0.09544055908918381
0.0 0.026210615411400795 0.7810534238815308 0.029961122199892998 0.09522492438554764
0.0 0.04478120803833008 0.7836410403251648 0.03615131601691246 0.09608746320009232
0.0 0.06504526734352112 0.7967190146446228 0.03813013434410095 0.09939814358949661
0.0 0.08815068751573563 0.8007273077964783 0.03572005406022072 0.09299241006374359
0.0 0.1220889464020729 0.8062450289726257 0.04586787894368172 0.10047631710767746
0.0 0.15114988386631012 0.8071391582489014 0.043673429638147354 0.0956181064248085
0.0 0.1944812387228012 0.8131769299507141 0.046984169632196426 0.0975969061255455
0.0 0.2280769795179367 0.815491795539856 0.04874732717871666 0.09936006367206573
0.0 0.28335750102996826 0.826349675655365 0.05119554325938225 0.09514875710010529
0.0 0.3213611841201782 0.8253347873687744 0.05119554325938225 0.09514875710010529
0.0 0.3829396963119507 0.836281418800354 0.05051054432988167 0.10112322866916656
0.0 0.42317599058151245 0.8418879508972168 0.050079282373189926 0.09802817553281784
0.0 0.4835304021835327 0.8502976894378662 0.05205807089805603 0.10133885592222214
0.0 0.5245404839515686 0.8560119867324829 0.04831612482666969 0.09626501798629761
0.0 0.5618782043457031 0.8541154861450195 0.048531755805015564 0.09781254827976227
0.0 0.5990194082260132 0.8592907190322876 0.052489347755908966 0.10443402826786041
0.0 0.6395600438117981 0.8570516705513 0.052489347755908966 0.10443402826786041
0.0 0.6720776557922363 0.8671042323112488 0.048531755805015564 0.09781254827976227
0.0 0.02174627222120762 0.5871850252151489 0.04349254444241524 0.10929223895072937
0.0 0.06612253189086914 0.5965145230293274 0.06022709235548973 0.10551220178604126
0.0 0.12638819217681885 0.6112222075462341 0.07127556949853897 0.10856916755437851
0.0 0.20176775753498077 0.6193591952323914 0.0812077596783638 0.11450567096471786
0.0 0.2887730002403259 0.634637713432312 0.09006181359291077 0.1127043142914772
0.0 0.36969587206840515 0.6482797861099243 0.09844646602869034 0.11842518299818039
0.0 0.4608934819698334 0.6617760062217712 0.10089460760354996 0.11421374976634979
0.0 0.5686637759208679 0.6752151250839233 0.10089460760354996 0.11421374976634979
0.0 0.6653474569320679 0.6776437759399414 0.09423503279685974 0.12087332457304001
0.0 0.7459468841552734 0.6936072111129761 0.09092435240745544 0.1188945323228836
0.0 0.026152100414037704 0.4757806062698364 0.04763106629252434 0.10223957151174545
0.0 0.07270544767379761 0.48700007796287537 0.06199027597904205 0.10727535933256149
0.0 0.13118886947631836 0.497515469789505 0.06951239705085754 0.10680601000785828
0.0 0.20426617562770844 0.5108532309532166 0.08387158811092377 0.11184177547693253
0.0 0.294258713722229 0.5273367166519165 0.09578262269496918 0.12108895927667618
0.0 0.3936443328857422 0.5443403124809265 0.10265782475471497 0.11597691476345062
0.0 0.5020996332168579 0.5641851425170898 0.09956271201372147 0.11554564535617828
0.0 0.6081954836845398 0.5726581811904907 0.10463668406009674 0.11928772181272507
0.0 0.7046826481819153 0.582158625125885 0.09513566642999649 0.11644637584686279
0.0 0.7833032011985779 0.6010015606880188 0.08422669768333435 0.13617129623889923
0.0 0.03335031494498253 0.38449421525001526 0.0370519645512104 0.09166046231985092
0.0 0.06075587496161461 0.38594648241996765 0.05231180787086487 0.09226921945810318
0.0 0.09955241531133652 0.39056360721588135 0.05562255531549454 0.09424807876348495
0.0 0.14554761350154877 0.40012770891189575 0.0659860149025917 0.10327962785959244
0.0 0.20091687142848969 0.40468767285346985 0.07879766076803207 0.1080998107790947
0.0 0.2651401460170746 0.4136365056037903 0.08498787134885788 0.10896235704421997
0.0 0.33355575799942017 0.42080312967300415 0.0867510661482811 0.1107255145907402
0.0 0.4102863073348999 0.4362275004386902 0.09826891124248505 0.10626037418842316
0.0 0.4923064112663269 0.44765612483024597 0.09672138094902039 0.10604473948478699
0.0 0.5724364519119263 0.4556662142276764 0.096036396920681 0.11201933026313782
0.0 0.6510189771652222 0.46346068382263184 0.09560512751340866 0.10892421752214432
0.0 0.7251935005187988 0.4745849072933197 0.09092435240745544 0.1188945323228836
0.0 0.7954991459846497 0.48517006635665894 0.08408723026514053 0.11338935792446136
0.0 0.05436864495277405 0.2959223687648773 0.04569035768508911 0.08831163495779037
0.0 0.08871912211179733 0.2928207516670227 0.05540691316127777 0.09270048886537552
0.0 0.12972916662693024 0.2985350787639618 0.06004956364631653 0.09334740042686462
0.0 0.17802664637565613 0.30289843678474426 0.06757167726755142 0.09287804365158081
0.0 0.2340618520975113 0.3083399832248688 0.07045112550258636 0.09176179021596909
0.0 0.29639509320259094 0.31387025117874146 0.08257778733968735 0.1025565043091774
0.0 0.36912989616394043 0.3240050673484802 0.08876800537109375 0.10341904312372208
0.0 0.44450947642326355 0.33214205503463745 0.09294123202562332 0.11158805340528488
0.0 0.523650050163269 0.34159186482429504 0.0936262458562851 0.10561347007751465
0.0 0.5999303460121155 0.3545871078968048 0.09031552821397781 0.10363467782735825
0.0 0.6727920174598694 0.3694724142551422 0.08876800537109375 0.10341904312372208
0.0 0.7418926358222961 0.3830448389053345 0.09074680507183075 0.10672978311777115
0.0 0.8046761751174927 0.3910042643547058 0.0816771611571312 0.10698350518941879
0.0 0.07196842133998871 0.20924057066440582 0.052096180617809296 0.09072169661521912
0.0 0.10324285924434662 0.21123194694519043 0.05411310866475105 0.08341522514820099
0.0 0.14203940331935883 0.21584902703762054 0.06138148158788681 0.09201550483703613
0.0 0.18911278247833252 0.21767543256282806 0.07178304344415665 0.09042983502149582
0.0 0.24327699840068817 0.225222647190094 0.07487814873456955 0.09086111187934875
0.0 0.3036123514175415 0.22810813784599304 0.07552504539489746 0.09550375491380692
0.0 0.36949098110198975 0.2364988625049591 0.08038336038589478 0.09769823402166367
0.0 0.4430883526802063 0.24044348299503326 0.0865735188126564 0.09856076538562775
0.0 0.5197998285293579 0.2503436207771301 0.08481032401323318 0.09679756313562393
0.0 0.5939934253692627 0.26699209213256836 0.08945298939943314 0.09744446724653244
0.0 0.6683835983276367 0.27656880021095276 0.08498784899711609 0.10896233469247818
0.0 0.7346237897872925 0.2936866581439972 0.08919927477836609 0.10651415586471558
0.0 0.802500307559967 0.3047221601009369 0.08236215263605118 0.10100895911455154
0.0 0.07142888754606247 0.11687605828046799 0.03615131601691246 0.09608746320009232
0.0 0.09528902918100357 0.11546792834997177 0.05162680149078369 0.09824381023645401
0.0 0.12578968703746796 0.1173514872789383 0.054937537759542465 0.1002226322889328
0.0 0.1665841042995453 0.12461334466934204 0.061127740889787674 0.10108517110347748
0.0 0.21122832596302032 0.12689006328582764 0.060912106186151505 0.09953761845827103
0.0 0.26251307129859924 0.13245846331119537 0.07372375577688217 0.1043577790260315
0.0 0.3206540048122406 0.1397709846496582 0.07750388234853745 0.09881449490785599
0.0 0.3866404592990875 0.14738790690898895 0.08059898763895035 0.09924576431512833
0.0 0.45548734068870544 0.15145942568778992 0.08261586725711823 0.0919393002986908
0.0 0.5285646319389343 0.16479717195034027 0.08614224940538406 0.09546566009521484
0.0 0.600202202796936 0.17714549601078033 0.08524157106876373 0.09989266097545624
0.0 0.7370524406433105 0.19700293242931366 0.08412531018257141 0.10277213156223297
0.0 0.8020685911178589 0.21158383786678314 0.07350815087556839 0.10281024873256683
0.0 0.6690681576728821 0.18674123287200928 0.08833673596382141 0.10032393783330917
