0.0 0.0045250654220581055 0.16353723406791687 0.009050130844116211 0.09614381194114685
0.0 0.01417398452758789 0.1620701551437378 0.02834796905517578 0.09305617213249207
0.0 0.04034847021102905 0.14869056642055511 0.049237608909606934 0.09353792667388916
0.0 0.06504958868026733 0.1448366343975067 0.049237608909606934 0.09353792667388916
0.0 0.10702294111251831 0.1351250261068344 0.05362808704376221 0.09271669387817383
0.0 0.13522237539291382 0.12835317850112915 0.055171966552734375 0.09295755624771118
0.0 0.18727988004684448 0.11232399940490723 0.055171966552734375 0.09295754879713058
0.0 0.22189545631408691 0.10613249242305756 0.06110644340515137 0.09237722307443619
0.0 0.2787541151046753 0.08540072292089462 0.05874145030975342 0.09652696549892426
0.0 0.3177109956741333 0.08169467747211456 0.05825960636138916 0.09343931078910828
0.0 0.37784892320632935 0.06677687913179398 0.05908083915710449 0.08904872834682465
0.0 0.4163733124732971 0.05523128807544708 0.05575239658355713 0.08702315390110016
0.0 0.46375012397766113 0.04614431411027908 0.060044288635253906 0.09228862822055817
0.0 0.500560998916626 0.04158960282802582 0.056474924087524414 0.08317920565605164
0.0 0.5364795327186584 0.03638341650366783 0.05420851707458496 0.07276683300733566
0.0 0.5703231692314148 0.032961923629045486 0.05396759510040283 0.06592384725809097
0.0 0.6045281291007996 0.031735725700855255 0.051361680030822754 0.06347145140171051
0.0 0.6368279457092285 0.028314227238297462 0.048033177852630615 0.056628454476594925
0.0 0.6645674705505371 0.02968020737171173 0.04875588417053223 0.05936041474342346
0.0 0.6952030658721924 0.026945756748318672 0.0505405068397522 0.053891513496637344
0.0 0.0022692084312438965 0.2744952440261841 0.004538416862487793 0.09826797246932983
0.0 0.009807705879211426 0.26965034008026123 0.01961541175842285 0.09802711009979248
0.0 0.020494043827056885 0.26521608233451843 0.04098808765411377 0.09899060428142548
0.0 0.03634601831436157 0.24973417818546295 0.04759514331817627 0.10231909155845642
0.0 0.05914205312728882 0.24380536377429962 0.04508781433105469 0.0959029495716095
0.0 0.09250390529632568 0.23464664816856384 0.05401134490966797 0.10482639074325562
0.0 0.1211850643157959 0.23096245527267456 0.053047776222229004 0.09865112602710724
0.0 0.1638098955154419 0.22035850584506989 0.056617140769958496 0.10222050547599792
0.0 0.1968817114830017 0.21440786123275757 0.05840194225311279 0.10400523245334625
0.0 0.250482976436615 0.1981378048658371 0.06076693534851074 0.09985548257827759
0.0 0.2886679768562317 0.1945521980524063 0.06231069564819336 0.10009634494781494
0.0 0.34844452142715454 0.17731867730617523 0.06018662452697754 0.1057898998260498
0.0 0.3881022334098816 0.16796837747097015 0.05970489978790283 0.10270226001739502
0.0 0.44746822118759155 0.15317103266716003 0.06327426433563232 0.10627162456512451
0.0 0.48789775371551514 0.14370030164718628 0.05767929553985596 0.0993737280368805
0.0 0.5246593952178955 0.14112745225429535 0.05970484018325806 0.10270223766565323
0.0 0.5612293481826782 0.13225890696048737 0.060668349266052246 0.10887753963470459
0.0 0.602091372013092 0.13062772154808044 0.060668349266052246 0.10887753963470459
0.0 0.6331868171691895 0.11707840859889984 0.058161020278930664 0.10246137529611588
0.0 0.021689653396606445 0.4630824327468872 0.04337930679321289 0.11374989151954651
0.0 0.05868643522262573 0.4486682116985321 0.0699312686920166 0.11032277345657349
0.0 0.11708903312683105 0.4276955723762512 0.082763671875 0.11533737182617188
0.0 0.191362202167511 0.4121537506580353 0.09274911880493164 0.12141406536102295
0.0 0.27613019943237305 0.38785824179649353 0.10177123546600342 0.12131547927856445
0.0 0.3549637198448181 0.3660699725151062 0.11021292209625244 0.12715131044387817
0.0 0.444724440574646 0.3433675467967987 0.11281883716583252 0.1245453953742981
0.0 0.5500438213348389 0.3190283179283142 0.11281883716583252 0.1245453953742981
0.0 0.6461220979690552 0.3064100742340088 0.10606324672698975 0.1295163482427597
0.0 0.7245942950248718 0.28230607509613037 0.10273468494415283 0.12749077379703522
0.0 0.031449973583221436 0.5731044411659241 0.05733978748321533 0.10685193538665771
0.0 0.07643985748291016 0.5573872327804565 0.07325971126556396 0.11234831809997559
0.0 0.133128821849823 0.5406354665756226 0.07943511009216309 0.113311767578125
0.0 0.2050151228904724 0.5199311375617981 0.09559595584869385 0.12035194039344788
0.0 0.2927502989768982 0.49438196420669556 0.10760712623596191 0.12975716590881348
0.0 0.38962793350219727 0.46661555767059326 0.1130596399307251 0.1260891854763031
0.0 0.49552762508392334 0.4358602464199066 0.10973119735717773 0.12406367063522339
0.0 0.6000258326530457 0.41639336943626404 0.11662912368774414 0.12965863943099976
0.0 0.6950201988220215 0.3968278467655182 0.10688447952270508 0.12512576580047607
0.0 0.771466851234436 0.3698771297931671 0.09944987297058105 0.14505314826965332
0.0 0.04785662889480591 0.6630566716194153 0.0461498498916626 0.0930560827255249
0.0 0.07487350702285767 0.6588414311408997 0.06182897090911865 0.09700870513916016
0.0 0.11310774087905884 0.6505039930343628 0.06491672992706299 0.09749054908752441
0.0 0.15744620561599731 0.6356791257858276 0.0758657455444336 0.10974240303039551
0.0 0.21201097965240479 0.6255843639373779 0.08869791030883789 0.11475694179534912
0.0 0.2752366065979004 0.6101848483085632 0.09511411190032959 0.11726438999176025
0.0 0.34256255626678467 0.5957269668579102 0.09689879417419434 0.119049072265625
0.0 0.4172956943511963 0.5729970932006836 0.10852682590484619 0.11634457111358643
0.0 0.4979138970375061 0.5525118112564087 0.10674214363098145 0.11455988883972168
0.0 0.576818585395813 0.5362473726272583 0.10770559310913086 0.12073516845703125
0.0 0.6542998552322388 0.5209956765174866 0.10567998886108398 0.11740660667419434
0.0 0.7264270186424255 0.5018352270126343 0.10273468494415283 0.12749075889587402
0.0 0.7955870628356934 0.4839284121990204 0.09429299831390381 0.1216549277305603
0.0 0.07791686058044434 0.7492973208427429 0.055171966552734375 0.0929574966430664
0.0 0.11260354518890381 0.7486296892166138 0.06491672992706299 0.09749054908752441
0.0 0.1521407961845398 0.7385074496269226 0.06800436973571777 0.09797227382659912
0.0 0.2005302906036377 0.7293761968612671 0.07726716995239258 0.09941744804382324
0.0 0.2549746632575989 0.7185095548629761 0.08011400699615479 0.09835529327392578
0.0 0.3171381950378418 0.7064384818077087 0.09260690212249756 0.11084818840026855
0.0 0.38784199953079224 0.6882907748222351 0.09878218173980713 0.11181175708770752
0.0 0.46211522817611694 0.6727489829063416 0.10307419300079346 0.12001252174377441
0.0 0.5400071144104004 0.6550611853599548 0.10365450382232666 0.11407816410064697
0.0 0.6142091751098633 0.633995532989502 0.10032600164413452 0.1120525598526001
0.0 0.685082733631134 0.6118678450584412 0.09878218173980713 0.11181175708770752
0.0 0.7529890537261963 0.5909937620162964 0.10080766677856445 0.11514019966125488
0.0 0.8140193223953247 0.5767274498939514 0.09178566932678223 0.11523878574371338
0.0 0.10452812910079956 0.8337039947509766 0.061347246170043945 0.09392106533050537
0.0 0.1352841854095459 0.8281146883964539 0.06192755699157715 0.08798658847808838
0.0 0.17351841926574707 0.8197771310806274 0.07085108757019043 0.09690999984741211
0.0 0.2199535369873047 0.813322901725769 0.07832932472229004 0.09657061100006104
0.0 0.2731442451477051 0.7994890809059143 0.08117616176605225 0.09550857543945312
0.0 0.33270180225372314 0.7909874320030212 0.08677101135253906 0.10240650177001953
0.0 0.39747124910354614 0.7753470540046692 0.09009957313537598 0.10443198680877686
0.0 0.47003090381622314 0.7640261054039001 0.09627485275268555 0.10539555549621582
0.0 0.5454866290092468 0.745927631855011 0.09473097324371338 0.10515463352203369
0.0 0.6176630854606628 0.7220152616500854 0.09936249256134033 0.10587728023529053
0.0 0.6909235119819641 0.7050500512123108 0.09511411190032959 0.11726438999176025
0.0 0.7543680667877197 0.6809186339378357 0.09926396608352661 0.11489927768707275
0.0 0.8210919499397278 0.6626011729240417 0.0921250581741333 0.10776054859161377
0.0 0.11333614587783813 0.9256325364112854 0.045569539070129395 0.0989905595779419
0.0 0.13685476779937744 0.924335241317749 0.06279253959655762 0.10318398475646973
0.0 0.16773122549057007 0.9195178151130676 0.06457722187042236 0.10496866703033447
0.0 0.2070276141166687 0.9078518152236938 0.06920862197875977 0.10569131374359131
0.0 0.2510265111923218 0.9009869694709778 0.0705115795135498 0.10438835620880127
0.0 0.3014909029006958 0.8899505734443665 0.08204102516174316 0.11070597171783447
0.0 0.3587820529937744 0.8770583271980286 0.08725273609161377 0.10549402236938477
0.0 0.4236719012260437 0.8621898293495178 0.09058129787445068 0.10751962661743164
0.0 0.4916000962257385 0.8515915274620056 0.09067988395690918 0.09849762916564941
0.0 0.5633659958839417 0.8301152586936951 0.09579312801361084 0.10230791568756104
0.0 0.6330569982528687 0.8105441927909851 0.09521275758743286 0.10824227333068848
0.0 0.7669864296913147 0.776996910572052 0.09415066242218018 0.11108911037445068
0.0 0.8300204277038574 0.7553016543388367 0.0833439826965332 0.10940301418304443
0.0 0.7009140253067017 0.7944219708442688 0.09830045700073242 0.10872399806976318
