0.0 0.9954749345779419 0.16353723406791687 0.009050130844116211 0.09614381194114685
0.0 0.9858260154724121 0.1620701551437378 0.028347909450531006 0.09305616468191147
0.0 0.959651529788971 0.14869056642055511 0.04923762008547783 0.09353791922330856
0.0 0.9349504113197327 0.1448366343975067 0.04923762008547783 0.09353791922330856
0.0 0.8929770588874817 0.1351250261068344 0.05362814664840698 0.09271670132875443
0.0 0.8647776246070862 0.12835317850112915 0.055171944200992584 0.09295755624771118
0.0 0.8127201199531555 0.11232400685548782 0.055171944200992584 0.09295755624771118
0.0 0.7781045436859131 0.10613249242305756 0.06110638380050659 0.09237723052501678
0.0 0.7212458848953247 0.08540072292089462 0.05874140188097954 0.09652696549892426
0.0 0.6822890043258667 0.08169467747211456 0.05825965851545334 0.09343931823968887
0.0 0.6221510767936707 0.06677687913179398 0.05908084660768509 0.08904872089624405
0.0 0.5836266875267029 0.05523128807544708 0.05575234442949295 0.08702315390110016
0.0 0.5362498760223389 0.04614431411027908 0.06004432961344719 0.09228862822055817
0.0 0.499439001083374 0.04158960282802582 0.05647493153810501 0.08317920565605164
0.0 0.46352046728134155 0.03638341650366783 0.05420851707458496 0.07276683300733566
0.0 0.4296768307685852 0.032961923629045486 0.05396764725446701 0.06592384725809097
0.0 0.39547187089920044 0.031735725700855255 0.05136173218488693 0.06347145140171051
0.0 0.3631720244884491 0.028314227238297462 0.048033203929662704 0.056628454476594925
0.0 0.3354325294494629 0.02968020737171173 0.04875582084059715 0.05936041474342346
0.0 0.30479696393013 0.026945756748318672 0.05054051801562309 0.053891513496637344
0.0 0.9977307915687561 0.2744952440261841 0.004538451321423054 0.09826797246932983
0.0 0.9901922941207886 0.26965034008026123 0.019615426659584045 0.09802710264921188
0.0 0.9795059561729431 0.26521608233451843 0.04098803177475929 0.09899058938026428
0.0 0.9636539816856384 0.24973417818546295 0.047595132142305374 0.10231908410787582
0.0 0.9408579468727112 0.24380536377429962 0.045087847858667374 0.0959029346704483
0.0 0.9074960947036743 0.23464664816856384 0.05401131510734558 0.10482640564441681
0.0 0.8788149356842041 0.23096244037151337 0.05304783210158348 0.09865111857652664
0.0 0.8361901044845581 0.22035850584506989 0.056617170572280884 0.10222050547599792
0.0 0.8031182885169983 0.21440784633159637 0.058401960879564285 0.10400521755218506
0.0 0.749517023563385 0.1981378048658371 0.06076694279909134 0.09985547512769699
0.0 0.7113320231437683 0.1945521980524063 0.06231074035167694 0.10009634494781494
0.0 0.6515554785728455 0.17731867730617523 0.06018662825226784 0.10578989237546921
0.0 0.6118977665901184 0.16796837747097015 0.05970488861203194 0.10270226001739502
0.0 0.5525317788124084 0.15317103266716003 0.06327425688505173 0.10627163201570511
0.0 0.5121022462844849 0.14370030164718628 0.05767928808927536 0.0993737280368805
0.0 0.4753406345844269 0.14112745225429535 0.05970488488674164 0.10270224511623383
0.0 0.4387706518173218 0.13225890696048737 0.06066837161779404 0.10887754708528519
0.0 0.39790865778923035 0.13062772154808044 0.06066837161779404 0.10887754708528519
0.0 0.36681318283081055 0.11707840859889984 0.05816103145480156 0.10246138274669647
0.0 0.9783103466033936 0.4630824327468872 0.043379299342632294 0.1137498989701271
0.0 0.9413135647773743 0.4486682116985321 0.0699312761425972 0.1103227436542511
0.0 0.882910966873169 0.4276955723762512 0.08276364952325821 0.11533737182617188
0.0 0.808637797832489 0.4121537506580353 0.09274917095899582 0.12141405045986176
0.0 0.723869800567627 0.38785824179649353 0.10177121311426163 0.12131547927856445
0.0 0.6450362801551819 0.3660699725151062 0.11021293699741364 0.12715129554271698
0.0 0.555275559425354 0.3433675467967987 0.11281882226467133 0.1245453730225563
0.0 0.44995617866516113 0.3190283179283142 0.11281885206699371 0.1245453804731369
0.0 0.3538779020309448 0.3064100742340088 0.10606322437524796 0.1295163333415985
0.0 0.2754056751728058 0.28230607509613037 0.10273469984531403 0.1274907886981964
0.0 0.9685500264167786 0.5731044411659241 0.057339783757925034 0.1068519651889801
0.0 0.9235601425170898 0.5573872327804565 0.07325974851846695 0.11234830319881439
0.0 0.866871178150177 0.5406354665756226 0.07943505793809891 0.11331178992986679
0.0 0.7949848771095276 0.5199311375617981 0.09559589624404907 0.12035196274518967
0.0 0.7072497010231018 0.49438196420669556 0.10760708153247833 0.12975718080997467
0.0 0.6103720664978027 0.46661558747291565 0.11305966228246689 0.1260892003774643
0.0 0.5044723749160767 0.4358602464199066 0.10973121970891953 0.124063640832901
0.0 0.39997416734695435 0.41639336943626404 0.11662912368774414 0.12965863943099976
0.0 0.3049798011779785 0.3968278467655182 0.1068844124674797 0.12512575089931488
0.0 0.22853313386440277 0.3698771297931671 0.09944986552000046 0.14505313336849213
0.0 0.9521433711051941 0.6630566716194153 0.04614989832043648 0.09305611997842789
0.0 0.9251264929771423 0.6588414311408997 0.06182900816202164 0.09700874239206314
0.0 0.8868922591209412 0.6505039930343628 0.06491672247648239 0.09749049693346024
0.0 0.8425537943840027 0.6356791257858276 0.0758657231926918 0.1097424328327179
0.0 0.7879890203475952 0.6255843639373779 0.08869796991348267 0.1147569864988327
0.0 0.7247633934020996 0.6101848483085632 0.09511416405439377 0.11726438999176025
0.0 0.6574374437332153 0.5957269668579102 0.09689883142709732 0.1190490573644638
0.0 0.5827043056488037 0.5729970932006836 0.10852683335542679 0.11634451895952225
0.0 0.5020861029624939 0.5525118112564087 0.10674216598272324 0.11455985903739929
0.0 0.423181414604187 0.5362473726272583 0.10770566016435623 0.12073516845703125
0.0 0.34570014476776123 0.5209956765174866 0.10568004846572876 0.11740660667419434
0.0 0.2735729515552521 0.5018352270126343 0.10273469984531403 0.1274907886981964
0.0 0.20441293716430664 0.4839284121990204 0.09429296851158142 0.1216549202799797
0.0 0.9220831394195557 0.7492973208427429 0.055171940475702286 0.09295754134654999
0.0 0.8873964548110962 0.7486296892166138 0.06491672247648239 0.09749049693346024
0.0 0.8478592038154602 0.7385074496269226 0.0680043175816536 0.09797223657369614
0.0 0.7994697093963623 0.7293761968612671 0.07726722955703735 0.09941745549440384
0.0 0.7450253367424011 0.7185095548629761 0.08011405915021896 0.09835529327392578
0.0 0.6828618049621582 0.7064384818077087 0.09260687977075577 0.11084821075201035
0.0 0.6121580004692078 0.6882907748222351 0.09878218919038773 0.11181169748306274
0.0 0.5378847718238831 0.6727489829063416 0.10307414084672928 0.1200125440955162
0.0 0.4599928855895996 0.6550611853599548 0.10365448147058487 0.1140781044960022
0.0 0.3857908546924591 0.633995532989502 0.10032598674297333 0.1120525673031807
0.0 0.31491729617118835 0.6118678450584412 0.09878218919038773 0.11181169748306274
0.0 0.2470109462738037 0.5909937620162964 0.10080772638320923 0.1151401698589325
0.0 0.1859806627035141 0.5767274498939514 0.09178565442562103 0.1152387335896492
0.0 0.8954718708992004 0.8337039947509766 0.06134725362062454 0.09392102807760239
0.0 0.8647158145904541 0.8281146883964539 0.061927564442157745 0.08798658102750778
0.0 0.8264815807342529 0.8197771310806274 0.07085102796554565 0.09691005200147629
0.0 0.7800464630126953 0.813322901725769 0.07832927256822586 0.09657061100006104
0.0 0.7268557548522949 0.7994890809059143 0.08117612451314926 0.09550856798887253
0.0 0.6672981977462769 0.7909874320030212 0.08677100390195847 0.10240647941827774
0.0 0.6025287508964539 0.7753470540046692 0.09009958803653717 0.10443203151226044
0.0 0.5299690961837769 0.7640261054039001 0.09627490490674973 0.10539551824331284
0.0 0.4545133709907532 0.745927631855011 0.09473101794719696 0.10515464097261429
0.0 0.38233691453933716 0.7220152616500854 0.09936250001192093 0.10587725788354874
0.0 0.3090764880180359 0.7050500512123108 0.09511416405439377 0.11726438999176025
0.0 0.2456318885087967 0.6809186339378357 0.09926391392946243 0.11489930003881454
0.0 0.17890805006027222 0.6626011729240417 0.09212512522935867 0.10776049643754959
0.0 0.8866638541221619 0.9256325364112854 0.045569587498903275 0.0989905595779419
0.0 0.8631452322006226 0.924335241317749 0.06279247999191284 0.10318394005298615
0.0 0.8322687745094299 0.9195178151130676 0.06457716226577759 0.10496872663497925
0.0 0.7929723858833313 0.9078518152236938 0.06920867413282394 0.1056913435459137
0.0 0.7489734888076782 0.9009869694709778 0.0705115869641304 0.1043882966041565
0.0 0.6985090970993042 0.8899505734443665 0.08204103261232376 0.1107059195637703
0.0 0.6412179470062256 0.8770583271980286 0.08725274354219437 0.10549407452344894
0.0 0.5763280987739563 0.8621898293495178 0.09058132767677307 0.10751962661743164
0.0 0.5083999037742615 0.8515915274620056 0.09067989885807037 0.09849758446216583
0.0 0.43663403391838074 0.8301152586936951 0.09579313546419144 0.10230791568756104
0.0 0.36694297194480896 0.8105441927909851 0.09521277993917465 0.10824224352836609
0.0 0.2330135852098465 0.776996910572052 0.09415069222450256 0.1110890805721283
0.0 0.16997957229614258 0.7553016543388367 0.08334393799304962 0.10940298438072205
0.0 0.29908594489097595 0.7944219708442688 0.09830043464899063 0.10872398316860199
