0.0 0.01348920725286007 0.9419354796409607 0.01528776902705431 0.08548392355442047
0.0 0.03597122058272362 0.9459677338600159 0.023381292819976807 0.08870967477560043
0.0 0.054856110364198685 0.948387086391449 0.025179853662848473 0.08870967477560043
0.0 0.08812949061393738 0.949999988079071 0.02877698466181755 0.0927419364452362
0.0 0.11061150580644608 0.9467741847038269 0.029676252976059914 0.08951617777347565
0.0 0.15377698838710785 0.9516129493713379 0.03327338770031929 0.08951617777347565
0.0 0.1816546767950058 0.94919353723526 0.03237408772110939 0.09032255411148071
0.0 0.23201438784599304 0.948387086391449 0.03776979073882103 0.08790317922830582
0.0 0.26528775691986084 0.948387086391449 0.03956834226846695 0.08709679543972015
0.0 0.3273381292819977 0.9516129493713379 0.040467627346515656 0.08629029989242554
0.0 0.36780574917793274 0.94919353723526 0.04586329683661461 0.08548392355442047
0.0 0.43705037236213684 0.9550403356552124 0.04316549375653267 0.08991934359073639
0.0 0.48201438784599304 0.949999988079071 0.04316549375653267 0.08629029989242554
0.0 0.5530575513839722 0.949999988079071 0.04766189679503441 0.08225803822278976
0.0 0.5989208221435547 0.9516129493713379 0.04226616024971008 0.0814516618847847
0.0 0.6546762585639954 0.9516129493713379 0.044964030385017395 0.09112905710935593
0.0 0.6987410187721252 0.9516129493713379 0.04226616024971008 0.09193543344736099
0.0 0.7410072088241577 0.9516129493713379 0.03956829011440277 0.08870967477560043
0.0 0.7805755734443665 0.94919353723526 0.040467627346515656 0.08709679543972015
0.0 0.818345308303833 0.9427419304847717 0.035971224308013916 0.08629029989242554
0.0 0.8561151623725891 0.9395161271095276 0.033273354172706604 0.08548392355442047
0.0 0.8884892463684082 0.9314516186714172 0.03237415477633476 0.08709679543972015
0.0 0.9244604706764221 0.9314516186714172 0.033273354172706604 0.08951617777347565
0.0 0.01798561029136181 0.8483871221542358 0.023381294682621956 0.09596769511699677
0.0 0.036870501935482025 0.8370967507362366 0.02158273197710514 0.08467742055654526
0.0 0.05575539916753769 0.8395161628723145 0.02158273011445999 0.09596769511699677
0.0 0.07464028894901276 0.8403225541114807 0.019784174859523773 0.09677419066429138
0.0 0.09622302651405334 0.8403225541114807 0.026978416368365288 0.09596769511699677
0.0 0.12140288203954697 0.850806474685669 0.02877698466181755 0.09999994933605194
0.0 0.1483812928199768 0.85161292552948 0.026978416368365288 0.0927419364452362
0.0 0.18794964253902435 0.852419376373291 0.03687049075961113 0.09999994933605194
0.0 0.22122302651405334 0.8491935133934021 0.035971224308013916 0.09435481578111649
0.0 0.2715827226638794 0.8491935133934021 0.038669075816869736 0.09677419066429138
0.0 0.31025177240371704 0.8467742204666138 0.04136689379811287 0.09838707000017166
0.0 0.375 0.8499999642372131 0.04406476020812988 0.0927419364452362
0.0 0.4181654453277588 0.8435484170913696 0.04586329683661461 0.0927419364452362
0.0 0.4901078939437866 0.845967710018158 0.04316549375653267 0.09999994933605194
0.0 0.5368704795837402 0.845967710018158 0.04316549375653267 0.09677419066429138
0.0 0.6070143580436707 0.845967710018158 0.04586336389183998 0.09999994933605194
0.0 0.6546762585639954 0.845967710018158 0.04136696085333824 0.09435481578111649
0.0 0.6969424486160278 0.8387097120285034 0.04226616024971008 0.09677419066429138
0.0 0.7401079535484314 0.8387097120285034 0.04406469315290451 0.10322583466768265
0.0 0.7859712243080139 0.8306452035903931 0.04406469315290451 0.10322583466768265
0.0 0.8246403336524963 0.8362902998924255 0.04136696085333824 0.09596769511699677
0.0 0.032374098896980286 0.6435483694076538 0.04676258936524391 0.10806446522474289
0.0 0.0908273383975029 0.6459677815437317 0.053956832736730576 0.10322583466768265
0.0 0.16187050938606262 0.6524193286895752 0.06654676795005798 0.10483870655298233
0.0 0.2491007149219513 0.6500000357627869 0.07733811438083649 0.10967747122049332
0.0 0.3507194221019745 0.653225839138031 0.08812952041625977 0.10645158588886261
0.0 0.4451438784599304 0.6556451320648193 0.09622299671173096 0.1112903505563736
0.0 0.5512590408325195 0.6564515829086304 0.09982016682624817 0.10645158588886261
0.0 0.6762590408325195 0.6548386812210083 0.1007193997502327 0.10645158588886261
0.0 0.7868704795837402 0.6435483694076538 0.09172659367322922 0.11451610177755356
0.0 0.8812949657440186 0.64838707447052 0.08723019063472748 0.11290322244167328
0.0 0.02607913687825203 0.528225839138031 0.03866906464099884 0.10161291807889938
0.0 0.08093525469303131 0.5330645442008972 0.05575539916753769 0.10483870655298233
0.0 0.1492805778980255 0.5354838371276855 0.06384891271591187 0.10322583466768265
0.0 0.23471224308013916 0.5387096405029297 0.08093525469303131 0.10645158588886261
0.0 0.3399280607700348 0.5427418947219849 0.09352519363164902 0.11451610177755356
0.0 0.4559352397918701 0.5459677577018738 0.10161872953176498 0.10806446522474289
0.0 0.5827338099479675 0.55080646276474 0.09802155941724777 0.10806446522474289
0.0 0.7050359845161438 0.5443548560142517 0.1043165996670723 0.1112903505563736
0.0 0.8165467977523804 0.5403226017951965 0.09352512657642365 0.10967747122049332
0.0 0.9091726541519165 0.5483871102333069 0.078237384557724 0.13225804269313812
0.0 0.019784172996878624 0.43387094140052795 0.028776979073882103 0.09112905710935593
0.0 0.05125899612903595 0.43145161867141724 0.0458633117377758 0.08951611816883087
0.0 0.09622302651405334 0.4306451678276062 0.051258981227874756 0.09112905710935593
0.0 0.15017984807491302 0.43387094140052795 0.06025180593132973 0.10000000894069672
0.0 0.21402877569198608 0.4306451678276062 0.07464028149843216 0.10322583466768265
0.0 0.28866907954216003 0.4306451678276062 0.08363310247659683 0.10322583466768265
0.0 0.36780574917793274 0.4282258152961731 0.08453238755464554 0.10483870655298233
0.0 0.45773380994796753 0.4330645203590393 0.09892086684703827 0.09838707000017166
0.0 0.5530575513839722 0.4330645203590393 0.09712232649326324 0.09838707000017166
0.0 0.6456834673881531 0.4298386871814728 0.09622299671173096 0.10483870655298233
0.0 0.7365108132362366 0.426612913608551 0.09532379359006882 0.101612888276577
0.0 0.8228417038917542 0.4274193346500397 0.08812952041625977 0.11290322244167328
0.0 0.9046762585639954 0.4282258152961731 0.08003591746091843 0.10806452482938766
0.0 0.02967626042664051 0.3403225839138031 0.039568349719047546 0.08629029989242554
0.0 0.0683453232049942 0.33225807547569275 0.05035971477627754 0.08951611816883087
0.0 0.11600718647241592 0.33225807547569275 0.054856110364198685 0.08951611816883087
0.0 0.1717626005411148 0.32983872294425964 0.06384890526533127 0.08790323883295059
0.0 0.23651078343391418 0.32741937041282654 0.06834530830383301 0.08629029989242554
0.0 0.3084532618522644 0.32419353723526 0.08093525469303131 0.09596775472164154
0.0 0.39298561215400696 0.32419353723526 0.08812952041625977 0.09596775472164154
0.0 0.48021581768989563 0.3217742145061493 0.09172659367322922 0.10483870655298233
0.0 0.5719423890113831 0.32016128301620483 0.0926259234547615 0.09838707000017166
0.0 0.6609712243080139 0.32258063554763794 0.0890287235379219 0.09677419066429138
0.0 0.7464028596878052 0.32741937041282654 0.08812952041625977 0.09596775472164154
0.0 0.8273380994796753 0.3314516246318817 0.0890287235379219 0.10000000894069672
0.0 0.9001798033714294 0.3306451439857483 0.07913672178983688 0.101612888276577
0.0 0.03597122058272362 0.24919354915618896 0.045863308012485504 0.08790323883295059
0.0 0.07194244861602783 0.24677421152591705 0.05035971477627754 0.07983872294425964
0.0 0.11690647900104523 0.24596773087978363 0.0566546693444252 0.08790323883295059
0.0 0.1708633154630661 0.2411290407180786 0.06924460828304291 0.08467742055654526
0.0 0.23381295800209045 0.2411290407180786 0.07284174859523773 0.08467742055654526
0.0 0.30305755138397217 0.23548386991024017 0.07464029639959335 0.08951611816883087
0.0 0.37949639558792114 0.23467743396759033 0.07913672178983688 0.09112904220819473
0.0 0.4640287756919861 0.22822579741477966 0.08633092045783997 0.09112904220819473
0.0 0.5530575513839722 0.22741936147212982 0.08453235030174255 0.08951611816883087
0.0 0.6402878165245056 0.2338709682226181 0.08992806077003479 0.08951611816883087
0.0 0.7266187071800232 0.23306453227996826 0.08273378759622574 0.10322581231594086
0.0 0.8048561215400696 0.2411290407180786 0.08812952041625977 0.10000000894069672
0.0 0.8839927911758423 0.24274194240570068 0.08003591746091843 0.09435483068227768
0.0 0.02068345434963703 0.1548387110233307 0.026978416368365288 0.09677419066429138
0.0 0.04766187071800232 0.14999999105930328 0.045863308012485504 0.09677419066429138
0.0 0.08273381739854813 0.14758065342903137 0.04856114834547043 0.09838709980249405
0.0 0.13039568066596985 0.14919354021549225 0.054856110364198685 0.09838709980249405
0.0 0.1816546767950058 0.14516128599643707 0.05575540289282799 0.09677419066429138
0.0 0.24100719392299652 0.143548384308815 0.06924460828304291 0.09999998658895493
0.0 0.3084532618522644 0.14274193346500397 0.07553958147764206 0.0927419364452362
0.0 0.3848921060562134 0.1411290317773819 0.07913672178983688 0.0927419364452362
0.0 0.4640287756919861 0.13548387587070465 0.08273378759622574 0.08467742055654526
0.0 0.5494604110717773 0.1387096792459488 0.08633092045783997 0.08790323138237
0.0 0.633093535900116 0.1411290317773819 0.08363311737775803 0.0927419364452362
0.0 0.7922661304473877 0.14193548262119293 0.0818345844745636 0.09677419066429138
0.0 0.8687050342559814 0.14758065342903137 0.0701439157128334 0.09838709980249405
0.0 0.7131295204162598 0.1411290317773819 0.08812952041625977 0.0927419364452362
