0.0 0.008849463425576687 0.9107881784439087 0.017698926851153374 0.08719775825738907
0.0 0.020602434873580933 0.9143311381340027 0.028130605816841125 0.08731257170438766
0.0 0.04931572824716568 0.9180134534835815 0.03159160912036896 0.09221707284450531
0.0 0.06902381032705307 0.9163320660591125 0.03136197850108147 0.08910045027732849
0.0 0.10607799142599106 0.9237624406814575 0.03447851911187172 0.08933007717132568
0.0 0.13040348887443542 0.9232046008110046 0.03447851166129112 0.08933007717132568
0.0 0.1740926206111908 0.9256402850151062 0.03892373666167259 0.0865580141544342
0.0 0.20292071998119354 0.927764356136322 0.04048200324177742 0.0866728276014328
0.0 0.25645163655281067 0.9348419904708862 0.040482018142938614 0.0866728276014328
0.0 0.2916850447654724 0.9350878000259399 0.04660027474164963 0.08557382225990295
0.0 0.35121944546699524 0.9457412958145142 0.04382820427417755 0.09001895785331726
0.0 0.39057818055152893 0.9431576132774353 0.04359858110547066 0.08690245449542999
0.0 0.4521300792694092 0.9476927518844604 0.04637064039707184 0.08245719969272614
0.0 0.4917512834072113 0.9521787762641907 0.043139323592185974 0.0806693285703659
0.0 0.540057897567749 0.9553355574607849 0.045386455953121185 0.08932886272668839
0.0 0.5782356262207031 0.9563812017440796 0.04394301772117615 0.087237648665905
0.0 0.6148551106452942 0.9585667848587036 0.040596768260002136 0.08286646008491516
0.0 0.6493093967437744 0.9590505361557007 0.04048195853829384 0.08189887553453445
0.0 0.6824924349784851 0.9571969509124756 0.03736545145511627 0.08560610562562943
0.0 0.715445876121521 0.9569100737571716 0.034134138375520706 0.08465532213449478
0.0 0.7440689206123352 0.9511853456497192 0.034248948097229004 0.08621357381343842
0.0 0.7752344608306885 0.9534816145896912 0.0344785712659359 0.08933007717132568
0.0 0.004674709867686033 0.8153643608093262 0.009349419735372066 0.09498913586139679
0.0 0.012941812165081501 0.8056619167327881 0.02466961182653904 0.08240807056427002
0.0 0.029131492599844933 0.8092049360275269 0.02558812126517296 0.0948743224143982
0.0 0.04543597996234894 0.811189591884613 0.024029850959777832 0.0947595089673996
0.0 0.06413529813289642 0.8125673532485962 0.03026295267045498 0.09521876275539398
0.0 0.08520486950874329 0.8243035674095154 0.032050859183073044 0.09845007956027985
0.0 0.10852160304784775 0.8268048763275146 0.030033329501748085 0.09210225939750671
0.0 0.14274626970291138 0.8301098942756653 0.03828395530581474 0.09890933334827423
0.0 0.1718040108680725 0.8291174173355103 0.037824708968400955 0.0926763266324997
0.0 0.21543572843074799 0.832332193851471 0.04117089509963989 0.09602245688438416
0.0 0.2491108775138855 0.832463264465332 0.04284396022558212 0.09769552201032639
0.0 0.3049791753292084 0.8397130966186523 0.04405783489346504 0.09313558042049408
0.0 0.34283706545829773 0.836235523223877 0.04717434197664261 0.09336520731449127
0.0 0.4049958884716034 0.8431654572486877 0.04451708495616913 0.09936859458684921
0.0 0.4455110728740692 0.8461506366729736 0.044287461787462234 0.09625208377838135
0.0 0.5062838196754456 0.8506283164024353 0.047633588314056396 0.09959821403026581
0.0 0.5475781559944153 0.8536708950996399 0.04249958321452141 0.09302076697349548
0.0 0.5847142934799194 0.8493568301200867 0.044287461787462234 0.09625208377838135
0.0 0.6221129298210144 0.852112352848053 0.04474671557545662 0.10248521715402603
0.0 0.6624230146408081 0.8472487330436707 0.04474671557545662 0.10248521715402603
0.0 0.6955241560935974 0.8551711440086365 0.0427292063832283 0.09613727778196335
0.0 0.023463793098926544 0.6183817982673645 0.04692758619785309 0.10738959908485413
0.0 0.07329549640417099 0.62445068359375 0.05409634858369827 0.10317409783601761
0.0 0.13438814878463745 0.6352188587188721 0.06511909514665604 0.10553604364395142
0.0 0.21013674139976501 0.6384499669075012 0.07481317967176437 0.11089979857206345
0.0 0.2979497015476227 0.6480534672737122 0.08393324166536331 0.1084720566868782
0.0 0.37958696484565735 0.6564185619354248 0.09206906706094742 0.11372099816799164
0.0 0.47146788239479065 0.6639716625213623 0.0948411226272583 0.10927575081586838
0.0 0.5798828601837158 0.6703929901123047 0.0948411226272583 0.10927575081586838
0.0 0.6765205264091492 0.6665460467338562 0.08762381225824356 0.11649306118488312
0.0 0.7579855918884277 0.6772485971450806 0.08283424377441406 0.11459037661552429
0.0 0.025578945875167847 0.5065632462501526 0.041515324264764786 0.10069730132818222
0.0 0.07276193052530289 0.5147398710250854 0.05576943978667259 0.10484716296195984
0.0 0.1318041980266571 0.5214401483535767 0.06344600766897202 0.10386297851800919
0.0 0.20559269189834595 0.5300103425979614 0.07770010828971863 0.10801280289888382
0.0 0.29646480083465576 0.5406226515769958 0.08918212354183197 0.11660787463188171
0.0 0.3967439532279968 0.5511447191238403 0.0949559360742569 0.11083400249481201
0.0 0.5062580108642578 0.563913881778717 0.09183943271636963 0.11060437560081482
0.0 0.6126800179481506 0.5654881000518799 0.0983021929860115 0.11418025940656662
0.0 0.7095801830291748 0.5687108635902405 0.088837631046772 0.11193311959505081
0.0 0.789257287979126 0.5824151039123535 0.07797887921333313 0.132830411195755
0.0 0.026841577142477036 0.4150022268295288 0.03136197477579117 0.08910045027732849
0.0 0.05428362637758255 0.4146740436553955 0.04694472625851631 0.09024858474731445
0.0 0.09329793602228165 0.4167652428150177 0.050061289221048355 0.09047821164131165
0.0 0.13981658220291138 0.42332619428634644 0.06009981781244278 0.10051678121089935
0.0 0.19536501169204712 0.42428553104400635 0.07279564440250397 0.10455185174942017
0.0 0.2600334584712982 0.4290502965450287 0.07902875542640686 0.10501111298799515
0.0 0.32876983284950256 0.4317646920681 0.08070186525583267 0.10668417811393738
0.0 0.40633919835090637 0.44218018651008606 0.09270880371332169 0.10136955976486206
0.0 0.48892781138420105 0.44826531410217285 0.09115055203437805 0.10125474631786346
0.0 0.569408655166626 0.4510616362094879 0.09160980582237244 0.10748787224292755
0.0 0.6483312249183655 0.45374318957328796 0.08982192724943161 0.10425649583339691
0.0 0.7230710387229919 0.4600333571434021 0.0843924954533577 0.11470518261194229
0.0 0.7939152121543884 0.46603652834892273 0.07625667750835419 0.10945630073547363
0.0 0.04207128286361694 0.3252536952495575 0.04048200696706772 0.0866728276014328
0.0 0.07614827901124954 0.3199307918548584 0.050061289221048355 0.09047821164131165
0.0 0.11744259297847748 0.322973370552063 0.053177837282419205 0.09070783853530884
0.0 0.1659213751554489 0.32419517636299133 0.06229787319898605 0.08828021585941315
0.0 0.22219152748584747 0.32599106431007385 0.06541440635919571 0.08850984275341034
0.0 0.28475221991539 0.32746702432632446 0.07701123505830765 0.09866316616535187
0.0 0.35799115896224976 0.3328632712364197 0.08324436098337173 0.09912242740392685
0.0 0.4337397813796997 0.33609431982040405 0.08693493157625198 0.10714343190193176
0.0 0.5133266448974609 0.34039151668548584 0.08803395926952362 0.10102511197328568
0.0 0.5902891159057617 0.3484121859073639 0.08480261266231537 0.09923723340034485
0.0 0.6639627814292908 0.35854068398475647 0.08324436098337173 0.09912242740392685
0.0 0.7337981462478638 0.36760297417640686 0.08503223955631256 0.10235380381345749
0.0 0.7969657182693481 0.3714737892150879 0.0757974162697792 0.10322317481040955
0.0 0.05401220917701721 0.23761296272277832 0.046715106815099716 0.08713206648826599
0.0 0.08534995466470718 0.2375718206167221 0.04937240853905678 0.08112858235836029
0.0 0.12436426430940628 0.2396630048751831 0.05606476962566376 0.08782094717025757
0.0 0.171456977725029 0.23843258619308472 0.06518478691577911 0.0853932797908783
0.0 0.22599664330482483 0.24245105683803558 0.06830134242773056 0.08562290668487549
0.0 0.28639209270477295 0.24141740798950195 0.07187715917825699 0.09208561480045319
0.0 0.35267624258995056 0.24551784992218018 0.07499372214078903 0.09231524169445038
0.0 0.42637449502944946 0.2446809560060501 0.08122679591178894 0.09277449548244476
0.0 0.5035665035247803 0.2495851069688797 0.07966851443052292 0.09265968203544617
0.0 0.5786836743354797 0.2613866627216339 0.08434335887432098 0.09300412237644196
0.0 0.6535383462905884 0.266118586063385 0.07902874052524567 0.10501109063625336
0.0 0.7207492589950562 0.27890434861183167 0.08347398787736893 0.10223899036645889
0.0 0.789198637008667 0.2855144441127777 0.07522334903478622 0.09543179720640182
0.0 0.04748345911502838 0.14547787606716156 0.03026295267045498 0.09521876275539398
0.0 0.07120203971862793 0.14252525568008423 0.04740398749709129 0.09648171067237854
0.0 0.10176064074039459 0.14242671430110931 0.049077074974775314 0.09815480560064316
0.0 0.14294014871120453 0.14702753722667694 0.053751908242702484 0.09849924594163895
0.0 0.1876380294561386 0.14640402793884277 0.05519537255167961 0.09705577790737152
0.0 0.2391759604215622 0.14863461256027222 0.06633291393518448 0.10097601264715195
0.0 0.2976687252521515 0.15216097235679626 0.07210678607225418 0.09520217031240463
0.0 0.3640102744102478 0.15548227727413177 0.07522335648536682 0.09543180465698242
0.0 0.43297624588012695 0.15508010983467102 0.07765097916126251 0.08631176501512527
0.0 0.5067647695541382 0.1636503040790558 0.08099716901779175 0.08965794742107391
0.0 0.5790523290634155 0.17132653295993805 0.07833985984325409 0.09566142410039902
0.0 0.7169023752212524 0.18226668238639832 0.07856948673725128 0.09877797961235046
0.0 0.7827272415161133 0.19260022044181824 0.06777641177177429 0.09953257441520691
0.0 0.6483956575393677 0.17643573880195618 0.08301473408937454 0.0960058718919754
