0.0 0.9989578127861023 0.8754556775093079 0.0020843162201344967 0.09142708778381348
0.0 0.9906033873558044 0.8783866763114929 0.01879323646426201 0.09420514851808548
0.0 0.9750575423240662 0.8824141621589661 0.049884896725416183 0.09625228494405746
0.0 0.9596257209777832 0.8846737742424011 0.05807529389858246 0.09804678708314896
0.0 0.9228714108467102 0.8922770023345947 0.05911210924386978 0.09521535038948059
0.0 0.8979475498199463 0.8947758078575134 0.05961722508072853 0.09829933196306229
0.0 0.8554174900054932 0.900950014591217 0.06399047374725342 0.0975150465965271
0.0 0.8268913626670837 0.9056221842765808 0.06578506529331207 0.099309541285038
0.0 0.7730492353439331 0.9152324795722961 0.06578506529331207 0.099309541285038
0.0 0.7388736605644226 0.9192466735839844 0.07170024514198303 0.09877780079841614
0.0 0.6791162490844727 0.9314090609550476 0.06861638277769089 0.09827270358800888
0.0 0.6407070159912109 0.9337416291236877 0.06886892765760422 0.09981463849544525
0.0 0.5796735286712646 0.9429464340209961 0.06811127066612244 0.09518872201442719
0.0 0.5398352146148682 0.9510547518730164 0.06477479636669159 0.09314168989658356
0.0 0.49165579676628113 0.9528831839561462 0.07066340744495392 0.09423366189002991
0.0 0.45349907875061035 0.9556545615196228 0.06861638277769089 0.08869090676307678
0.0 0.4177815914154053 0.9591338038444519 0.06323286890983582 0.0817323848605156
0.0 0.3834797441959381 0.9611408710479736 0.06298032402992249 0.07771825045347214
0.0 0.34944379329681396 0.9608981609344482 0.060148946940898895 0.07820363342761993
0.0 0.31668391823768616 0.96290522813797 0.05681249499320984 0.07418950647115707
0.0 0.28920793533325195 0.9599774479866028 0.05911208316683769 0.08004508167505264
0.0 0.2573453187942505 0.9614096283912659 0.059364646673202515 0.07718074321746826
0.0 0.9990977644920349 0.7792497873306274 0.0018045175820589066 0.09658472239971161
0.0 0.9921656250953674 0.7702372670173645 0.015668770298361778 0.0880640521645546
0.0 0.9829205274581909 0.7741785049438477 0.034158915281295776 0.10140982270240784
0.0 0.9752739071846008 0.7776012420654297 0.049452126026153564 0.10115725547075272
0.0 0.9568349719047546 0.7806318402290344 0.05600152164697647 0.10370951145887375
0.0 0.9368891716003418 0.7941902279853821 0.0580485463142395 0.10704592615365982
0.0 0.9137598276138306 0.7979785203933716 0.05549640581011772 0.10062553733587265
0.0 0.8798367977142334 0.8035346269607544 0.06601087003946304 0.10985060781240463
0.0 0.8506792783737183 0.8043519258499146 0.06345872581005096 0.10343021899461746
0.0 0.8073782920837402 0.8106523752212524 0.06704781949520111 0.10701931267976761
0.0 0.7738474607467651 0.8137693405151367 0.06909484416246414 0.11035572737455368
0.0 0.7193605899810791 0.8242768049240112 0.0714210644364357 0.10623502731323242
0.0 0.680572509765625 0.8242964744567871 0.07296299934387207 0.10648757219314575
0.0 0.6199178099632263 0.8358142375946045 0.07243125885725021 0.11240275204181671
0.0 0.5789297819137573 0.8417358994483948 0.07038423418998718 0.10906633734703064
0.0 0.5185409784317017 0.8500433564186096 0.07551518082618713 0.11290785670280457
0.0 0.4775529205799103 0.8559650182723999 0.06833720207214355 0.10572993010282516
0.0 0.44095149636268616 0.8548348546028137 0.07038423418998718 0.10906633734703064
0.0 0.4030473232269287 0.8602514266967773 0.07293637096881866 0.11548672616481781
0.0 0.3622121810913086 0.8574397563934326 0.07293637096881866 0.11548672616481781
0.0 0.32994407415390015 0.8682664036750793 0.06884228438138962 0.10881379246711731
0.0 0.9724066853523254 0.5840662121772766 0.05518665537238121 0.12036506831645966
0.0 0.9341123104095459 0.5935635566711426 0.08218807727098465 0.11700203269720078
0.0 0.8740890622138977 0.6089361310005188 0.09528139978647232 0.12364824116230011
0.0 0.7986728549003601 0.6173299551010132 0.10554331541061401 0.13133138418197632
0.0 0.711804986000061 0.633141040802002 0.11454246938228607 0.1313047558069229
0.0 0.6309786438941956 0.6471710205078125 0.1232624500989914 0.1387353539466858
0.0 0.5398769974708557 0.6613004803657532 0.12584131956100464 0.13615648448467255
0.0 0.43285077810287476 0.6748716235160828 0.12584131956100464 0.13615648448467255
0.0 0.3361264169216156 0.678838849067688 0.1206836849451065 0.14131411910057068
0.0 0.2556789219379425 0.6951817274093628 0.1140107735991478 0.13722005486488342
0.0 0.9694759845733643 0.4723011553287506 0.06104801595211029 0.11189768463373184
0.0 0.9272274374961853 0.4838588833808899 0.085777148604393 0.12059100717306137
0.0 0.8688856959342957 0.4949977397918701 0.09194499254226685 0.12160121649503708
0.0 0.7951244115829468 0.5086621046066284 0.10837474465370178 0.1302945613861084
0.0 0.7060698866844177 0.5256230235099792 0.12222561240196228 0.141566663980484
0.0 0.6069926023483276 0.5442255139350891 0.12609387934207916 0.13769853115081787
0.0 0.49789267778396606 0.564469575881958 0.12275736778974533 0.1356513798236847
0.0 0.39254799485206604 0.5738070011138916 0.12968283891677856 0.14128749072551727
0.0 0.2960628569126129 0.5840683579444885 0.11992603540420532 0.13668830692768097
0.0 0.21689142286777496 0.6033687591552734 0.11549940705299377 0.15547090768814087
0.0 0.9659165143966675 0.3817313015460968 0.05653323978185654 0.09779419004917145
0.0 0.938427209854126 0.3830670416355133 0.07245788723230362 0.10340362042188644
0.0 0.8996257781982422 0.38783884048461914 0.07554186880588531 0.10390870273113251
0.0 0.8538722395896912 0.3984993100166321 0.0883559137582779 0.11801224201917648
0.0 0.7991461753845215 0.40271273255348206 0.10144925117492676 0.1246584802865982
0.0 0.7342578172683716 0.41254886984825134 0.10786963999271393 0.12721064686775208
0.0 0.6657804250717163 0.41980624198913574 0.10966412723064423 0.12900514900684357
0.0 0.5891878008842468 0.43551772832870483 0.1214945912361145 0.12794165313243866
0.0 0.5073379278182983 0.4481319189071655 0.11815817654132843 0.12589457631111145
0.0 0.4271695911884308 0.456512451171875 0.12071031332015991 0.13231496512889862
0.0 0.3484169542789459 0.4638694226741791 0.11866328120231628 0.12897849082946777
0.0 0.2744031250476837 0.4759918749332428 0.11555273085832596 0.13747258484363556
0.0 0.20424418151378632 0.4874829649925232 0.10708527266979218 0.13158394396305084
0.0 0.9442034959793091 0.29266342520713806 0.06578506529331207 0.099309541285038
0.0 0.9097886681556702 0.290383517742157 0.07554186880588531 0.10390870273113251
0.0 0.8695716261863708 0.2961788773536682 0.08016765862703323 0.1046663448214531
0.0 0.8204948902130127 0.3010503053665161 0.08787743002176285 0.10592910647392273
0.0 0.7651241421699524 0.30616098642349243 0.09096141159534454 0.10643421858549118
0.0 0.7020435929298401 0.3125344216823578 0.10377546399831772 0.12053775042295456
0.0 0.6302164196968079 0.32350707054138184 0.10994330793619156 0.12154795974493027
0.0 0.554800271987915 0.3319009244441986 0.11583197116851807 0.13001538813114166
0.0 0.4748845100402832 0.34182336926460266 0.1150742843747139 0.1253894716501236
0.0 0.39958125352859497 0.35574033856391907 0.11148523539304733 0.1218005046248436
0.0 0.3268435001373291 0.37082040309906006 0.10994330793619156 0.12154795974493027
0.0 0.2570634186267853 0.3846244215965271 0.11353231966495514 0.12513692677021027
0.0 0.19513267278671265 0.39318451285362244 0.1045331284403801 0.12516359984874725
0.0 0.9260794520378113 0.20617438852787018 0.07195279002189636 0.10031971335411072
0.0 0.8948615193367004 0.20891247689723969 0.07094258069992065 0.09415188431739807
0.0 0.8560601472854614 0.2136842906475067 0.08170971274375916 0.10491892695426941
0.0 0.8087912797927856 0.21509301662445068 0.08891438692808151 0.10309778898954391
0.0 0.754822850227356 0.22393229603767395 0.09199824929237366 0.10360288619995117
0.0 0.6950921416282654 0.22659043967723846 0.09788691252470016 0.11207032203674316
0.0 0.6285354495048523 0.2359081655740738 0.10122332721948624 0.11411736160516739
0.0 0.5555718541145325 0.2399420142173767 0.10739116370677948 0.1151275709271431
0.0 0.478221595287323 0.2510276138782501 0.10584920644760132 0.11487501859664917
0.0 0.4041944146156311 0.2679022252559662 0.11047502607107162 0.11563266068696976
0.0 0.3298017680644989 0.27771174907684326 0.10786958038806915 0.12721063196659088
0.0 0.2646341919898987 0.2955102026462555 0.11199033260345459 0.12488438189029694
0.0 0.19601720571517944 0.30674871802330017 0.1017284169793129 0.11720128357410431
0.0 0.9242855310440063 0.1130523681640625 0.05291765555739403 0.1032043918967247
0.0 0.9028378129005432 0.11260691285133362 0.07346809655427933 0.1095714345574379
0.0 0.8714935779571533 0.11457403004169464 0.07526269555091858 0.11136595904827118
0.0 0.8308843374252319 0.12280859798192978 0.0798884853720665 0.11212360113859177
0.0 0.7869519591331482 0.12525415420532227 0.08117786794900894 0.11083418875932693
0.0 0.7356886267662048 0.13127540051937103 0.09606568515300751 0.11927496641874313
0.0 0.6774865388870239 0.13843312859535217 0.09839201718568802 0.11515422910451889
0.0 0.6108036637306213 0.1469799131155014 0.1017284244298935 0.11720127612352371
0.0 0.5425921082496643 0.15102706849575043 0.1017550528049469 0.10820209234952927
0.0 0.4689571261405945 0.165462464094162 0.10688606649637222 0.11204367130994797
0.0 0.3973824977874756 0.1779770702123642 0.10481234639883041 0.11770638078451157
0.0 0.26143792271614075 0.19865959882736206 0.10531745105981827 0.1207902804017067
0.0 0.1966625154018402 0.21401888132095337 0.09427119046449661 0.11748047918081284
0.0 0.328512966632843 0.1876736283302307 0.1094382032752037 0.11846403032541275
