0.0 0.12590491771697998 0.9856085777282715 0.03518092632293701 0.02878284454345703
0.0 0.13463640213012695 0.9850721955299377 0.05216801166534424 0.02985560894012451
0.0 0.16385877132415771 0.9819208979606628 0.05549442768096924 0.036158204078674316
0.0 0.18227124214172363 0.9796618223190308 0.05727672576904297 0.04067635536193848
0.0 0.21957182884216309 0.9782916903495789 0.05834519863128662 0.043416619300842285
0.0 0.24404245615005493 0.9748440980911255 0.05882096290588379 0.05031180381774902
0.0 0.2863911986351013 0.9713943600654602 0.06321585178375244 0.05721127986907959
0.0 0.31496042013168335 0.968748152256012 0.06499814987182617 0.06250369548797607
0.0 0.3691291809082031 0.9649707078933716 0.06499814987182617 0.07005858421325684
0.0 0.402865469455719 0.9617297053337097 0.07093727588653564 0.07654058933258057
0.0 0.46344929933547974 0.9583675861358643 0.067848801612854 0.08326482772827148
0.0 0.5006893873214722 0.9531367421150208 0.06808662414550781 0.0937265157699585
0.0 0.5615695118904114 0.9458235502243042 0.06737291812896729 0.09480667114257812
0.0 0.6019587516784668 0.9411821365356445 0.06404644250869751 0.09278655052185059
0.0 0.6494746208190918 0.9314903616905212 0.06986880302429199 0.10122168064117432
0.0 0.6869526505470276 0.9233450889587402 0.067848801612854 0.09789526462554932
0.0 0.7222331762313843 0.9163288474082947 0.06250214576721191 0.09254860877990723
0.0 0.7558504939079285 0.9087783098220825 0.062264323234558105 0.0910043716430664
0.0 0.7882198095321655 0.8982582092285156 0.0594136118888855 0.09207284450531006
0.0 0.8202928304672241 0.8909456133842468 0.0560871958732605 0.09005272388458252
0.0 0.8453561067581177 0.8791797161102295 0.058345139026641846 0.09492349624633789
0.0 0.8767759799957275 0.8727582693099976 0.058583080768585205 0.09646785259246826
0.0 0.0982658863067627 0.9247156381607056 0.029955506324768066 0.09658026695251465
0.0 0.10289657115936279 0.9137261509895325 0.04218864440917969 0.08791148662567139
0.0 0.11780518293380737 0.91301029920578 0.050269126892089844 0.10121738910675049
0.0 0.1341390609741211 0.9112843871116638 0.04872465133666992 0.10097944736480713
0.0 0.15267044305801392 0.9084293842315674 0.055139780044555664 0.10347545146942139
0.0 0.17583680152893066 0.9151363968849182 0.0571599006652832 0.10680186748504639
0.0 0.1990010142326355 0.911567747592926 0.054663896560668945 0.1003868579864502
0.0 0.23297524452209473 0.9063336849212646 0.06511914730072021 0.10953569412231445
0.0 0.26094961166381836 0.8980715870857239 0.06262326240539551 0.10312068462371826
0.0 0.30407053232192993 0.8906378746032715 0.06618773937225342 0.10668516159057617
0.0 0.3369157314300537 0.8832063674926758 0.0682077407836914 0.11001157760620117
0.0 0.3919755816459656 0.8763047456741333 0.07058262825012207 0.10585463047027588
0.0 0.42885881662368774 0.8642987608909607 0.07212686538696289 0.10609245300292969
0.0 0.4900958240032196 0.8564454913139343 0.07153421640396118 0.11203157901763916
0.0 0.5309002995491028 0.849368691444397 0.06951415538787842 0.10870516300201416
0.0 0.5908893942832947 0.8385457992553711 0.0746227502822876 0.11250746250152588
0.0 0.6316938400268555 0.8314689993858337 0.06749409437179565 0.10537874698638916
0.0 0.6661416888237 0.819047749042511 0.06951415538787842 0.10870516300201416
0.0 0.7038576602935791 0.8124467134475708 0.07201004028320312 0.1151202917098999
0.0 0.7418093681335449 0.7971143126487732 0.07201004028320312 0.1151202917098999
0.0 0.7758440971374512 0.7974041700363159 0.06796985864639282 0.10846734046936035
0.0 0.0673978328704834 0.7294830679893494 0.07426810264587402 0.11999094486236572
0.0 0.11628055572509766 0.7235330939292908 0.08127570152282715 0.11654770374298096
0.0 0.17811238765716553 0.719540536403656 0.09434378147125244 0.12308382987976074
0.0 0.25241518020629883 0.7041410803794861 0.10456109046936035 0.13068842887878418
0.0 0.3399050235748291 0.6922432780265808 0.11358880996704102 0.13057160377502441
0.0 0.4210987091064453 0.6805250644683838 0.1222618818283081 0.13793838024139404
0.0 0.5120923519134521 0.6657159924507141 0.12487465143203735 0.13532555103302002
0.0 0.6180529594421387 0.6454393267631531 0.12487465143203735 0.13532555103302002
0.0 0.7112419009208679 0.6192256212234497 0.11964917182922363 0.14055109024047852
0.0 0.7927924990653992 0.6098237633705139 0.11299622058868408 0.13651084899902344
0.0 0.04112136363983154 0.6204944849014282 0.06844568252563477 0.11155581474304199
0.0 0.08881670236587524 0.617098867893219 0.08484017848968506 0.12011206150054932
0.0 0.1477373242378235 0.6096023917198181 0.09101736545562744 0.1210637092590332
0.0 0.22210073471069336 0.5997268557548523 0.10741174221038818 0.12961995601654053
0.0 0.31202590465545654 0.5882443785667419 0.12119340896606445 0.14078891277313232
0.0 0.41198891401290894 0.5752154588699341 0.1251126527786255 0.1368699073791504
0.0 0.5219897031784058 0.5606400966644287 0.12178611755371094 0.13484975695610046
0.0 0.6250391006469727 0.5368595719337463 0.1286768913269043 0.14043426513671875
0.0 0.7199518084526062 0.5167040228843689 0.1189354658126831 0.1359182596206665
0.0 0.801206111907959 0.5105096697807312 0.11430692672729492 0.1548043191432953
0.0 0.024119675159454346 0.5319967269897461 0.04823935031890869 0.09753620624542236
0.0 0.046922266483306885 0.5247447490692139 0.07165098190307617 0.10300388932228088
0.0 0.08529138565063477 0.5172526240348816 0.07473969459533691 0.10347974300384521
0.0 0.13209563493728638 0.5132037997245789 0.08745288848876953 0.11749938130378723
0.0 0.18543171882629395 0.5002440214157104 0.10052084922790527 0.12403547763824463
0.0 0.25017255544662476 0.48947954177856445 0.10693597793579102 0.1265314519405365
0.0 0.3175261616706848 0.4751506745815277 0.1087181568145752 0.1283136010169983
0.0 0.39521604776382446 0.46634364128112793 0.12059652805328369 0.12712836265563965
0.0 0.4769439697265625 0.45296216011047363 0.11726999282836914 0.1251082718372345
0.0 0.5557607412338257 0.4360767900943756 0.11976593732833862 0.13152331113815308
0.0 0.6329142451286316 0.41865721344947815 0.11774587631225586 0.1281968355178833
0.0 0.7070397138595581 0.4072374105453491 0.11454057693481445 0.1367487907409668
0.0 0.7773045301437378 0.3964124023914337 0.10610532760620117 0.13092631101608276
0.0 0.022951841354370117 0.4405857026576996 0.045903682708740234 0.09896373748779297
0.0 0.045417070388793945 0.4277491867542267 0.07473969459533691 0.10347968339920044
0.0 0.08544939756393433 0.4207913279533386 0.07937240600585938 0.10419344902038574
0.0 0.13361841440200806 0.41020849347114563 0.08709383010864258 0.10538297891616821
0.0 0.18784558773040771 0.3979019224643707 0.09018242359161377 0.10585886240005493
0.0 0.24979418516159058 0.3844057619571686 0.10289573669433594 0.11987853050231934
0.0 0.3214843273162842 0.3725706934928894 0.10907280445098877 0.12083017826080322
0.0 0.39578717947006226 0.3571712374687195 0.11489522457122803 0.12926530838012695
0.0 0.474841833114624 0.34183016419410706 0.1141815185546875 0.12463241815567017
0.0 0.5507495403289795 0.33171671628952026 0.11061710119247437 0.1210680603981018
0.0 0.6245787143707275 0.32350441813468933 0.10907286405563354 0.12083017826080322
0.0 0.6952003240585327 0.3149958550930023 0.11263728141784668 0.1243944764137268
0.0 0.7567336559295654 0.30393505096435547 0.10360938310623169 0.12451136112213135
0.0 0.01970541477203369 0.3527390658855438 0.03941082954406738 0.09991532564163208
0.0 0.03473186492919922 0.345664381980896 0.06946372985839844 0.09373819828033447
0.0 0.07272106409072876 0.3381722867488861 0.08091676235198975 0.1044313907623291
0.0 0.11809784173965454 0.32485780119895935 0.08816242218017578 0.10253238677978516
0.0 0.1721476912498474 0.31653085350990295 0.09125089645385742 0.1030082106590271
0.0 0.22975975275039673 0.30054089426994324 0.09707331657409668 0.11144335567951202
0.0 0.29592597484588623 0.28876635432243347 0.10039973258972168 0.11346346139907837
0.0 0.3665454387664795 0.2699820399284363 0.10657691955566406 0.11441510915756226
0.0 0.44352155923843384 0.2565421164035797 0.10503268241882324 0.11417718231678009
0.0 0.5191329717636108 0.2496362030506134 0.10966545343399048 0.114890918135643
0.0 0.5929015874862671 0.23590001463890076 0.10693597793579102 0.1265314370393753
0.0 0.660376250743866 0.2326190024614334 0.11109292507171631 0.12415662407875061
0.0 0.7290967702865601 0.22203189134597778 0.1008756160736084 0.11655201017856598
0.0 0.0013428330421447754 0.26364871859550476 0.0026856660842895508 0.10299962759017944
0.0 0.016607165336608887 0.25657621026039124 0.03321433067321777 0.10918103158473969
0.0 0.03225761651992798 0.2487293928861618 0.06451523303985596 0.11096325516700745
0.0 0.06848418712615967 0.24396899342536926 0.0790177583694458 0.11167697608470917
0.0 0.11101025342941284 0.23267459869384766 0.08032405376434326 0.11037057638168335
0.0 0.16161465644836426 0.222507044672966 0.09517431259155273 0.1186889111995697
0.0 0.21916836500167847 0.21126890182495117 0.0975492000579834 0.11453191936016083
0.0 0.2852155566215515 0.1987222582101822 0.1008756160736084 0.11655202507972717
0.0 0.3513212203979492 0.18142378330230713 0.10099244117736816 0.10752424597740173
0.0 0.425803542137146 0.1723204106092453 0.10610103607177734 0.11132655292749405
0.0 0.4977315366268158 0.16202962398529053 0.10396414995193481 0.11702784895896912
0.0 0.6333904266357422 0.13954903185367584 0.10443997383117676 0.12011641263961792
0.0 0.6997360587120056 0.13407059013843536 0.093392014503479 0.11690673977136612
0.0 0.5662142038345337 0.1498982310295105 0.10859698057174683 0.11774158477783203
