0.0 0.00661158561706543 0.10391822457313538 0.01322317123413086 0.09540033340454102
0.0 0.015702486038208008 0.10051107406616211 0.031404972076416016 0.09540033340454102
0.0 0.04628098011016846 0.09625213593244553 0.03471076488494873 0.1005110889673233
0.0 0.06694215536117554 0.09795571863651276 0.03471076488494873 0.09710393100976944
0.0 0.10578513145446777 0.0894378274679184 0.038016557693481445 0.09710393100976944
0.0 0.13223141431808472 0.0894378274679184 0.038016557693481445 0.09710393100976944
0.0 0.17768597602844238 0.08603066951036453 0.04297518730163574 0.09540034830570221
0.0 0.20826441049575806 0.08347529172897339 0.044628024101257324 0.09540032595396042
0.0 0.2652892470359802 0.07495740801095963 0.044628024101257324 0.09540033340454102
0.0 0.3024793267250061 0.07410562038421631 0.051239609718322754 0.09369677305221558
0.0 0.36528921127319336 0.061328791081905365 0.04793393611907959 0.09880749881267548
0.0 0.4066115617752075 0.06388416141271591 0.04793393611907959 0.09540034830570221
0.0 0.4719008207321167 0.0579216368496418 0.04958677291870117 0.09028961509466171
0.0 0.5140495300292969 0.05195911228656769 0.04628103971481323 0.08858603239059448
0.0 0.5652892589569092 0.04855195805430412 0.04958677291870117 0.09710391610860825
0.0 0.604958713054657 0.04684838280081749 0.04628098011016846 0.09369676560163498
0.0 0.6438016891479492 0.04429301247000694 0.0446280837059021 0.08858602494001389
0.0 0.6801652908325195 0.043441224843263626 0.044628143310546875 0.08688244968652725
0.0 0.7165288925170898 0.045144807547330856 0.041322290897369385 0.09028961509466171
0.0 0.7512396574020386 0.04429301247000694 0.03801649808883667 0.08858602494001389
0.0 0.7801653146743774 0.04940374940633774 0.038016557693481445 0.09369675815105438
0.0 0.813223123550415 0.047700170427560806 0.0396694540977478 0.09540034085512161
0.0 0.003305792808532715 0.20868824422359467 0.00661158561706543 0.10391822457313538
0.0 0.011570274829864502 0.21890971064567566 0.023140549659729004 0.09028959274291992
0.0 0.026446282863616943 0.2155025452375412 0.0280991792678833 0.10391822457313538
0.0 0.04380166530609131 0.21294718980789185 0.026446223258972168 0.10391823947429657
0.0 0.06363636255264282 0.21124359965324402 0.0330578088760376 0.10391823947429657
0.0 0.08512401580810547 0.19761499762535095 0.03471076488494873 0.10732537508010864
0.0 0.10991740226745605 0.1950596272945404 0.0330578088760376 0.10051107406616211
0.0 0.1462809443473816 0.19080068171024323 0.04132235050201416 0.10902896523475647
0.0 0.17685949802398682 0.19165247678756714 0.04132235050201416 0.10221463441848755
0.0 0.22314047813415527 0.18739353120326996 0.044628024101257324 0.1056218147277832
0.0 0.25867772102355957 0.18654173612594604 0.04628109931945801 0.10732540488243103
0.0 0.3173553943634033 0.17802384495735168 0.04958677291870117 0.10221463441848755
0.0 0.3578512668609619 0.18057923018932343 0.051239609718322754 0.10221466422080994
0.0 0.4231404662132263 0.17206133902072906 0.04793393611907959 0.10902896523475647
0.0 0.46611571311950684 0.1686541736125946 0.04793393611907959 0.1056218147277832
0.0 0.5305784940719604 0.1626916527748108 0.051239728927612305 0.10902896523475647
0.0 0.5743801593780518 0.15928450226783752 0.04628098011016846 0.10221464186906815
0.0 0.613223135471344 0.1626916527748108 0.04793393611907959 0.10562178492546082
0.0 0.652892529964447 0.15928450226783752 0.04793393611907959 0.11243611574172974
0.0 0.6958677768707275 0.16439522802829742 0.04793393611907959 0.11243611574172974
0.0 0.7305784821510315 0.15502557158470154 0.04628098011016846 0.1056218147277832
0.0 0.024793386459350586 0.42333900928497314 0.04958677291870117 0.11754685640335083
0.0 0.07603305578231812 0.4156728982925415 0.057851195335388184 0.11243611574172974
0.0 0.1404958963394165 0.40289607644081116 0.0710744857788086 0.11584323644638062
0.0 0.22066110372543335 0.39863714575767517 0.08099174499511719 0.12095397710800171
0.0 0.31322312355041504 0.38671210408210754 0.09090912342071533 0.11925041675567627
0.0 0.3991735577583313 0.37649062275886536 0.09917354583740234 0.12436115741729736
0.0 0.4966942071914673 0.3671209514141083 0.10247933864593506 0.12095397710800171
0.0 0.6107438206672668 0.3586030602455139 0.10247933864593506 0.12095397710800171
0.0 0.7132230997085571 0.36115846037864685 0.09421485662460327 0.12776833772659302
0.0 0.7991735935211182 0.3483816087245941 0.09090906381607056 0.12606477737426758
0.0 0.02727276086807251 0.54514479637146 0.044628024101257324 0.1107325553894043
0.0 0.07685953378677368 0.5357751250267029 0.0611569881439209 0.11413967609405518
0.0 0.13884299993515015 0.5272572636604309 0.06776857376098633 0.11413967609405518
0.0 0.2173553705215454 0.5170357823371887 0.0842975378036499 0.11925041675567627
0.0 0.31322312355041504 0.504258930683136 0.09586787223815918 0.12776827812194824
0.0 0.4190082550048828 0.4906303286552429 0.10247933864593506 0.12265756726264954
0.0 0.5347107648849487 0.47529810667037964 0.09917360544204712 0.12095394730567932
0.0 0.6471074223518372 0.47189098596572876 0.10578513145446777 0.12606477737426758
0.0 0.7495867609977722 0.46678024530410767 0.09586775302886963 0.12265762686729431
0.0 0.8338842988014221 0.45059627294540405 0.0842975378036499 0.1465076208114624
0.0 0.029752075672149658 0.644804060459137 0.03471076488494873 0.09710383415222168
0.0 0.05867767333984375 0.644804060459137 0.051239609718322754 0.09880757331848145
0.0 0.09999996423721313 0.6422487497329712 0.05454552173614502 0.09880757331848145
0.0 0.14876031875610352 0.6337308287620544 0.06446278095245361 0.1107325553894043
0.0 0.20743799209594727 0.6320272088050842 0.07768595218658447 0.11413967609405518
0.0 0.27603304386138916 0.6260647177696228 0.0842975378036499 0.11584329605102539
0.0 0.34876030683517456 0.6218057870864868 0.08595037460327148 0.1175469160079956
0.0 0.43057847023010254 0.6098807454109192 0.09917354583740234 0.11243605613708496
0.0 0.5181818008422852 0.6013628244400024 0.09752070903778076 0.1107325553894043
0.0 0.6033057570457458 0.5971038937568665 0.09752070903778076 0.1175469160079956
0.0 0.6867768168449402 0.5936967134475708 0.09586775302886963 0.11413967609405518
0.0 0.7652892470359802 0.5851788520812988 0.09090912342071533 0.12606477737426758
0.0 0.8404958844184875 0.577512800693512 0.08264458179473877 0.12095391750335693
0.0 0.04710739850997925 0.7427597641944885 0.044628024101257324 0.09540033340454102
0.0 0.08347105979919434 0.7478705644607544 0.05454552173614502 0.09880757331848145
0.0 0.12644630670547485 0.7436116337776184 0.057851195335388184 0.09880757331848145
0.0 0.17851239442825317 0.7419080138206482 0.06776857376098633 0.09880757331848145
0.0 0.23719006776809692 0.7393526434898376 0.0710744857788086 0.09710383415222168
0.0 0.30413228273391724 0.7367972731590271 0.08264458179473877 0.10902893543243408
0.0 0.38099169731140137 0.7291311621665955 0.08925628662109375 0.10902893543243408
0.0 0.46115702390670776 0.7248722314834595 0.09256196022033691 0.1175469160079956
0.0 0.5454545617103577 0.718909740447998 0.0942147970199585 0.1107325553894043
0.0 0.6264462471008301 0.7086881995201111 0.09090906381607056 0.10902893543243408
0.0 0.7041321992874146 0.6967632174491882 0.08925622701644897 0.10902893543243408
0.0 0.7785124182701111 0.6856899261474609 0.09090912342071533 0.11243605613708496
0.0 0.844628095626831 0.6805792450904846 0.08099174499511719 0.11413967609405518
0.0 0.061157047748565674 0.8381601572036743 0.051239609718322754 0.09540033340454102
0.0 0.09421491622924805 0.8373083472251892 0.05289256572723389 0.08858597278594971
0.0 0.13553720712661743 0.8347529768943787 0.0611569881439209 0.09710383415222168
0.0 0.1851239800453186 0.835604727268219 0.06942141056060791 0.09540033340454102
0.0 0.24297523498535156 0.8296422362327576 0.07272732257843018 0.0936967134475708
0.0 0.3066115379333496 0.8304940462112427 0.07768595218658447 0.10051107406616211
0.0 0.37685948610305786 0.8245315551757812 0.08099174499511719 0.10221469402313232
0.0 0.45454543828964233 0.8245315551757812 0.08760333061218262 0.10221469402313232
0.0 0.5363636612892151 0.8177171945571899 0.08595037460327148 0.10221469402313232
0.0 0.6157025098800659 0.8040885925292969 0.09090906381607056 0.10221469402313232
0.0 0.695041298866272 0.7981260418891907 0.08429741859436035 0.11584329605102539
0.0 0.7652892470359802 0.7827938795089722 0.0892561674118042 0.11243605613708496
0.0 0.8380165100097656 0.7742760181427002 0.08264464139938354 0.1056218147277832
0.0 0.055371880531311035 0.9386711716651917 0.0330578088760376 0.10391819477081299
0.0 0.08016526699066162 0.941226601600647 0.051239609718322754 0.1056218147277832
0.0 0.113223135471344 0.941226601600647 0.05289256572723389 0.10732543468475342
0.0 0.1561983823776245 0.9352640509605408 0.057851195335388184 0.10732543468475342
0.0 0.20330578088760376 0.9352640509605408 0.059504151344299316 0.10562169551849365
0.0 0.257851243019104 0.9318569302558899 0.0710744857788086 0.1107325553894043
0.0 0.31983470916748047 0.9275979399681091 0.07768595218658447 0.10391819477081299
0.0 0.39008259773254395 0.9224872589111328 0.08099174499511719 0.1056218147277832
0.0 0.4628099501132965 0.9224872589111328 0.08264464139938354 0.09540033340454102
0.0 0.5413222908973694 0.9114139676094055 0.08760333061218262 0.09880757331848145
0.0 0.6173553466796875 0.9020442962646484 0.08595043420791626 0.1056218147277832
0.0 0.7628099322319031 0.8884156942367554 0.0842975378036499 0.10902893543243408
0.0 0.8322314023971558 0.8756388425827026 0.0727272629737854 0.10902893543243408
0.0 0.6909090876579285 0.8960817456245422 0.0892561674118042 0.10562169551849365
