0.0 0.002805445808917284 0.8939440250396729 0.005610891617834568 0.08761614561080933
0.0 0.011224736459553242 0.8980277180671692 0.022449472919106483 0.08778312802314758
0.0 0.035556212067604065 0.9026705026626587 0.0345420315861702 0.0927778035402298
0.0 0.05530957877635956 0.9016507267951965 0.03576159477233887 0.08983761817216873
0.0 0.09209385514259338 0.9103190898895264 0.03886869177222252 0.09017159044742584
0.0 0.11642437428236008 0.9105769991874695 0.037315137684345245 0.09000460058450699
0.0 0.1600073128938675 0.9144758582115173 0.041808824986219406 0.08895203471183777
0.0 0.18874800205230713 0.917565107345581 0.04319538176059723 0.08756549656391144
0.0 0.24201156198978424 0.926433265209198 0.04474892467260361 0.0877324789762497
0.0 0.27721694111824036 0.9278600811958313 0.04924258589744568 0.08667990565299988
0.0 0.33636072278022766 0.9405032992362976 0.046803463250398636 0.0925600528717041
0.0 0.3757839798927307 0.9392404556274414 0.04630251228809357 0.08789946883916855
0.0 0.4371492266654968 0.9458364248275757 0.050462160259485245 0.08373972028493881
0.0 0.47659778594970703 0.9516481757164001 0.04424802213907242 0.08307178318500519
0.0 0.5247579216957092 0.9552305936813354 0.04835699126124382 0.08953879773616791
0.0 0.5628199577331543 0.9573596715927124 0.04524993523955345 0.0852806493639946
0.0 0.5993283987045288 0.9601402878761292 0.0433623231947422 0.07971945405006409
0.0 0.6337569952011108 0.9611585736274719 0.04474898427724838 0.07768283784389496
0.0 0.6670495271682739 0.9599300622940063 0.04008828476071358 0.0801398828625679
0.0 0.7000080943107605 0.9606017470359802 0.03681424632668495 0.07879647612571716
0.0 0.7288069128990173 0.957832396030426 0.03698122873902321 0.08433524519205093
0.0 0.7598779797554016 0.9587254524230957 0.03731519356369972 0.08254905045032501
0.0 0.0002977536933030933 0.7982842922210693 0.0005955073866061866 0.0953839048743248
0.0 0.008357737213373184 0.789162814617157 0.01671547442674637 0.0843421071767807
0.0 0.019030842930078506 0.7932465076446533 0.028661783784627914 0.09521691501140594
0.0 0.035259637981653214 0.7957766056060791 0.027108237147331238 0.09504993259906769
0.0 0.05390225723385811 0.797780454158783 0.03332244232296944 0.09571787714958191
0.0 0.0745665654540062 0.8102163672447205 0.03520996496081352 0.09899191558361053
0.0 0.09778634458780289 0.8134979009628296 0.032988473773002625 0.09261082112789154
0.0 0.131880983710289 0.8179484009742737 0.042977724224328995 0.09982684999704361
0.0 0.16095565259456635 0.8179305195808411 0.040923215448856354 0.0949992761015892
0.0 0.20445509254932404 0.8226061463356018 0.044197313487529755 0.0968867763876915
0.0 0.23810690641403198 0.8238660097122192 0.045917823910713196 0.09860729426145554
0.0 0.29370078444480896 0.8329845666885376 0.04852398857474327 0.0942806825041771
0.0 0.3316539525985718 0.8307780623435974 0.04852398857474327 0.0942806825041771
0.0 0.393545538187027 0.8397878408432007 0.04763839393854141 0.10032781213521957
0.0 0.4339378774166107 0.8441294431686401 0.0473044253885746 0.0972207561135292
0.0 0.49452638626098633 0.8506419062614441 0.0491919219493866 0.10049479454755783
0.0 0.535695493221283 0.8550670742988586 0.04558391496539116 0.09550023823976517
0.0 0.5729553699493408 0.8520002961158752 0.045750901103019714 0.09705376625061035
0.0 0.610240638256073 0.856007993221283 0.049525901675224304 0.10360196232795715
0.0 0.6506910920143127 0.8524983525276184 0.049525901675224304 0.10360196232795715
0.0 0.683508038520813 0.8615259528160095 0.045750901103019714 0.09705376625061035
0.0 0.02245684713125229 0.6023191809654236 0.04491369426250458 0.10842953622341156
0.0 0.06936343014240265 0.6100765466690063 0.05729365721344948 0.10443689674139023
0.0 0.13006077706813812 0.6228866577148438 0.06833550333976746 0.1071593314409256
0.0 0.20565848052501678 0.628655195236206 0.07815776020288467 0.11282194405794144
0.0 0.29310014843940735 0.6411970257759094 0.0871451273560524 0.11071669310331345
0.0 0.37441113591194153 0.6522940993309021 0.09541384875774384 0.11621232330799103
0.0 0.4659871757030487 0.6629230976104736 0.09801993519067764 0.11188559234142303
0.0 0.5741260051727295 0.6729750633239746 0.09801993519067764 0.11188559234142303
0.0 0.6708382964134216 0.6723698377609253 0.09108711034059525 0.11881841719150543
0.0 0.7518987655639648 0.6857972741127014 0.08781307190656662 0.11693092435598373
0.0 0.025625571608543396 0.4906558394432068 0.044698260724544525 0.10154744982719421
0.0 0.07250794023275375 0.5004095435142517 0.05901419743895531 0.10615740716457367
0.0 0.1312924176454544 0.5090852975845337 0.06661497056484222 0.10543881356716156
0.0 0.2047521322965622 0.5201242566108704 0.08093089610338211 0.11004874110221863
0.0 0.2952174246311188 0.5337768197059631 0.0926406979560852 0.11898540705442429
0.0 0.39508751034736633 0.5476545691490173 0.09974050521850586 0.11360611021518707
0.0 0.5041119456291199 0.5640877485275269 0.09663339704275131 0.11327213048934937
0.0 0.610421359539032 0.5692285895347595 0.10162807255983353 0.11688027530908585
0.0 0.7071590423583984 0.5756978988647461 0.09213969111442566 0.11432481557130814
0.0 0.7863319516181946 0.5920653939247131 0.08049561828374863 0.1345716118812561
0.0 0.029956838116049767 0.3991885781288147 0.034375037997961044 0.09122421592473984
0.0 0.057394467294216156 0.3997805118560791 0.04974355548620224 0.09134048968553543
0.0 0.09631674736738205 0.4031783938407898 0.05301765352487564 0.0932280495762825
0.0 0.14258930087089539 0.411295086145401 0.06317388266324997 0.1019977256655693
0.0 0.1980743557214737 0.4141159951686859 0.07593625783920288 0.10644073039293289
0.0 0.26254674792289734 0.4210459291934967 0.08215047419071198 0.10710867494344711
0.0 0.3311534821987152 0.42606300115585327 0.083871029317379 0.10882919281721115
0.0 0.4083300828933716 0.43907293677330017 0.09563148021697998 0.1039508506655693
0.0 0.49066829681396484 0.4479232132434845 0.0940779522061348 0.10378386825323105
0.0 0.571010172367096 0.4534159004688263 0.09319236874580383 0.10983110964298248
0.0 0.6497985124588013 0.45874160528182983 0.09285839647054672 0.10672399401664734
0.0 0.7242854833602905 0.4675337076187134 0.08781307190656662 0.11693092435598373
0.0 0.7948885560035706 0.4759083688259125 0.08109788596630096 0.11160232871770859
0.0 0.04818657040596008 0.31000104546546936 0.043195389211177826 0.08756549656391144
0.0 0.08242285251617432 0.3058234751224518 0.05285066366195679 0.09167446941137314
0.0 0.12359196692705154 0.31024861335754395 0.05751132220029831 0.0921754240989685
0.0 0.17200253903865814 0.3130948543548584 0.06511209160089493 0.0914568305015564
0.0 0.22818085551261902 0.3167760372161865 0.06805219501256943 0.09023727476596832
0.0 0.2906568944454193 0.3203483819961548 0.07992897927761078 0.10072746127843857
0.0 0.3636738061904907 0.3281967341899872 0.08614321053028107 0.10139540582895279
0.0 0.4392715394496918 0.3339652419090271 0.09008520096540451 0.10949712991714478
0.0 0.518669605255127 0.34092795848846436 0.09097080677747726 0.10344988852739334
0.0 0.595319926738739 0.35152411460876465 0.08769673854112625 0.10156238824129105
0.0 0.6686126589775085 0.3641166090965271 0.08614321053028107 0.10139540582895279
0.0 0.7381049990653992 0.3755148649215698 0.08803071081638336 0.10466950386762619
0.0 0.8011073470115662 0.3815010190010071 0.07887641340494156 0.10522112250328064
0.0 0.06305871903896332 0.222809836268425 0.04957657307386398 0.08978696912527084
0.0 0.094380222260952 0.22381924092769623 0.051848750561475754 0.08235318213701248
0.0 0.1333025097846985 0.22721709311008453 0.05889788642525673 0.09078888595104218
0.0 0.1804099977016449 0.22756604850292206 0.06943876296281815 0.08885066956281662
0.0 0.2347843050956726 0.2334105521440506 0.07254587858915329 0.08918464183807373
0.0 0.29518046975135803 0.23440207540988922 0.07304682582616806 0.09384530037641525
0.0 0.3612898886203766 0.24072223901748657 0.07787449657917023 0.09589983522891998
0.0 0.4349747598171234 0.24235635995864868 0.08408866822719574 0.09656777232885361
0.0 0.5119590163230896 0.24984540045261383 0.08236812055110931 0.09484721720218658
0.0 0.5866383910179138 0.2641584277153015 0.08702879399061203 0.09534817934036255
0.0 0.661292314529419 0.27139702439308167 0.08215045928955078 0.10710866004228592
0.0 0.7280368208885193 0.28642866015434265 0.08647718280553818 0.10450252145528793
0.0 0.7962261438369751 0.29532963037490845 0.07976199686527252 0.09917391836643219
0.0 0.05962222069501877 0.130507692694664 0.03332244232296944 0.09571787714958191
0.0 0.08342645317316055 0.1283518224954605 0.048857949674129486 0.09738773852586746
0.0 0.11397118121385574 0.12927773594856262 0.05213204026222229 0.09927526861429214
0.0 0.15497331321239471 0.13525640964508057 0.058346256613731384 0.09994321316480637
0.0 0.19966697692871094 0.1361316442489624 0.05817927047610283 0.0983896553516388
0.0 0.25110116600990295 0.14008863270282745 0.07094164192676544 0.10283263772726059
0.0 0.3094428479671478 0.14557383954524994 0.07493437081575394 0.09711939841508865
0.0 0.3756357729434967 0.15111719071865082 0.07804147899150848 0.09745337069034576
0.0 0.4445764720439911 0.15302717685699463 0.08031360805034637 0.090019591152668
0.0 0.5180361866950989 0.1640661209821701 0.08375469595193863 0.09346066415309906
0.0 0.5900258421897888 0.17416128516197205 0.08270206302404404 0.09795431792736053
0.0 0.7274316549301147 0.18971633911132812 0.08148250728845596 0.10089444369077682
0.0 0.7928730845451355 0.20225068926811218 0.07077468186616898 0.10127910226583481
0.0 0.6591588854789734 0.1815921813249588 0.08580923825502396 0.09828829765319824
