0.0 0.9865108132362366 0.9419354796409607 0.01528775691986084 0.08548390865325928
0.0 0.9640288352966309 0.9459677338600159 0.023381292819976807 0.08870971202850342
0.0 0.9451438784599304 0.948387086391449 0.02517986297607422 0.08870971202850342
0.0 0.9118704795837402 0.949999988079071 0.028776943683624268 0.0927419662475586
0.0 0.8893884420394897 0.9467741847038269 0.02967625856399536 0.08951616287231445
0.0 0.846222996711731 0.9516129493713379 0.033273398876190186 0.08951616287231445
0.0 0.818345308303833 0.94919353723526 0.03237408399581909 0.09032261371612549
0.0 0.7679855823516846 0.948387086391449 0.03776979446411133 0.08790314197540283
0.0 0.7347122430801392 0.948387086391449 0.03956836462020874 0.08709681034088135
0.0 0.6726618409156799 0.9516129493713379 0.04046761989593506 0.08629035949707031
0.0 0.6321942210197449 0.94919353723526 0.04586327075958252 0.08548390865325928
0.0 0.5629496574401855 0.9550403356552124 0.043165504932403564 0.0899193286895752
0.0 0.5179855823516846 0.949999988079071 0.043165504932403564 0.08629024028778076
0.0 0.44694244861602783 0.949999988079071 0.04766190052032471 0.08225798606872559
0.0 0.4010791778564453 0.9516129493713379 0.042266130447387695 0.0814516544342041
0.0 0.34532374143600464 0.9516129493713379 0.04496407508850098 0.09112906455993652
0.0 0.30125898122787476 0.9516129493713379 0.042266130447387695 0.09193539619445801
0.0 0.2589927911758423 0.9516129493713379 0.039568305015563965 0.08870971202850342
0.0 0.21942442655563354 0.94919353723526 0.04046761989593506 0.08709681034088135
0.0 0.181654691696167 0.9427419304847717 0.03597116470336914 0.08629024028778076
0.0 0.1438848376274109 0.9395161271095276 0.03327333927154541 0.08548390865325928
0.0 0.1115107536315918 0.9314516186714172 0.03237414360046387 0.08709681034088135
0.0 0.07553952932357788 0.9314516186714172 0.03327333927154541 0.08951616287231445
0.0 0.9820144176483154 0.8483871221542358 0.023381292819976807 0.09596765041351318
0.0 0.9631295204162598 0.8370967507362366 0.021582722663879395 0.08467745780944824
0.0 0.9442446231842041 0.8395161628723145 0.02158278226852417 0.09596765041351318
0.0 0.9253597259521484 0.8403225541114807 0.019784212112426758 0.09677422046661377
0.0 0.903777003288269 0.8403225541114807 0.02697843313217163 0.09596765041351318
0.0 0.8785971403121948 0.850806474685669 0.028776943683624268 0.09999990463256836
0.0 0.8516187071800232 0.85161292552948 0.026978373527526855 0.0927419662475586
0.0 0.8120503425598145 0.852419376373291 0.036870479583740234 0.09999990463256836
0.0 0.778777003288269 0.8491935133934021 0.035971224308013916 0.09435486793518066
0.0 0.7284172773361206 0.8491935133934021 0.03866910934448242 0.09677422046661377
0.0 0.689748227596283 0.8467742204666138 0.04136693477630615 0.09838712215423584
0.0 0.625 0.8499999642372131 0.04406476020812988 0.0927419662475586
0.0 0.5818345546722412 0.8435484170913696 0.04586327075958252 0.0927419662475586
0.0 0.5098921060562134 0.845967710018158 0.04316544532775879 0.09999990463256836
0.0 0.46312952041625977 0.845967710018158 0.04316544532775879 0.09677422046661377
0.0 0.39298564195632935 0.845967710018158 0.04586338996887207 0.09999990463256836
0.0 0.34532374143600464 0.845967710018158 0.04136693477630615 0.09435486793518066
0.0 0.30305755138397217 0.8387097120285034 0.042266130447387695 0.09677422046661377
0.0 0.2598920464515686 0.8387097120285034 0.04406464099884033 0.10322582721710205
0.0 0.21402877569198608 0.8306452035903931 0.04406464099884033 0.10322582721710205
0.0 0.17535966634750366 0.8362902998924255 0.04136693477630615 0.09596765041351318
0.0 0.9676259160041809 0.6435483694076538 0.04676258563995361 0.10806441307067871
0.0 0.9091726541519165 0.6459677815437317 0.05395686626434326 0.10322582721710205
0.0 0.8381295204162598 0.6524193286895752 0.0665467381477356 0.10483872890472412
0.0 0.7508992552757263 0.6500000357627869 0.07733809947967529 0.10967743396759033
0.0 0.6492805480957031 0.653225839138031 0.08812952041625977 0.10645163059234619
0.0 0.5548561215400696 0.6556451320648193 0.09622299671173096 0.1112903356552124
0.0 0.44874095916748047 0.6564515829086304 0.09982013702392578 0.10645163059234619
0.0 0.32374095916748047 0.6548386812210083 0.10071945190429688 0.10645163059234619
0.0 0.21312952041625977 0.6435483694076538 0.09172654151916504 0.11451613903045654
0.0 0.11870503425598145 0.64838707447052 0.08723020553588867 0.11290323734283447
0.0 0.9739208221435547 0.528225839138031 0.038669049739837646 0.10161292552947998
0.0 0.9190647602081299 0.5330645442008972 0.0557553768157959 0.10483872890472412
0.0 0.8507194519042969 0.5354838371276855 0.06384891271591187 0.10322582721710205
0.0 0.7652877569198608 0.5387096405029297 0.08093523979187012 0.1064516007900238
0.0 0.6600719690322876 0.5427418947219849 0.09352517127990723 0.11451610922813416
0.0 0.5440647602081299 0.5459677577018738 0.10161876678466797 0.1080644428730011
0.0 0.41726619005203247 0.55080646276474 0.0980215072631836 0.1080644428730011
0.0 0.2949640154838562 0.5443548560142517 0.1043165922164917 0.1112903356552124
0.0 0.18345320224761963 0.5403226017951965 0.09352517127990723 0.10967746376991272
0.0 0.0908273458480835 0.5483871102333069 0.07823741436004639 0.13225805759429932
0.0 0.9802157878875732 0.43387094140052795 0.028776943683624268 0.09112906455993652
0.0 0.9487409591674805 0.43145161867141724 0.045863330364227295 0.08951610326766968
0.0 0.903777003288269 0.4306451678276062 0.051258981227874756 0.09112906455993652
0.0 0.8498201370239258 0.43387094140052795 0.06025177240371704 0.10000002384185791
0.0 0.7859712243080139 0.4306451678276062 0.07464027404785156 0.10322582721710205
0.0 0.7113308906555176 0.4306451678276062 0.08363312482833862 0.10322582721710205
0.0 0.6321942210197449 0.4282258152961731 0.08453238010406494 0.10483872890472412
0.0 0.5422662496566772 0.4330645203590393 0.09892088174819946 0.09838706254959106
0.0 0.44694244861602783 0.4330645203590393 0.09712231159210205 0.09838706254959106
0.0 0.3543165326118469 0.4298386871814728 0.09622299671173096 0.10483872890472412
0.0 0.2634891867637634 0.426612913608551 0.09532380104064941 0.1016128659248352
0.0 0.17715829610824585 0.4274193346500397 0.08812952041625977 0.11290323734283447
0.0 0.09532374143600464 0.4282258152961731 0.08003592491149902 0.10806453227996826
0.0 0.9703237414360046 0.3403225839138031 0.039568305015563965 0.08629029989242554
0.0 0.931654691696167 0.33225807547569275 0.05035972595214844 0.08951610326766968
0.0 0.8839927911758423 0.33225807547569275 0.05485612154006958 0.08951610326766968
0.0 0.8282374143600464 0.32983872294425964 0.06384891271591187 0.08790326118469238
0.0 0.7634892463684082 0.32741937041282654 0.06834530830383301 0.08629029989242554
0.0 0.6915467381477356 0.32419353723526 0.08093523979187012 0.09596776962280273
0.0 0.6070144176483154 0.32419353723526 0.08812952041625977 0.09596776962280273
0.0 0.5197842121124268 0.3217742145061493 0.09172660112380981 0.10483872890472412
0.0 0.42805761098861694 0.32016128301620483 0.09262597560882568 0.09838706254959106
0.0 0.3390287756919861 0.32258063554763794 0.08902871608734131 0.09677422046661377
0.0 0.2535971403121948 0.32741937041282654 0.08812952041625977 0.09596776962280273
0.0 0.1726619005203247 0.3314516246318817 0.08902871608734131 0.10000002384185791
0.0 0.09982019662857056 0.3306451439857483 0.07913672924041748 0.1016128659248352
0.0 0.9640287756919861 0.24919354915618896 0.04586327075958252 0.08790324628353119
0.0 0.9280575513839722 0.24677421152591705 0.05035972595214844 0.07983872294425964
0.0 0.8830934762954712 0.24596773087978363 0.05665463209152222 0.08790323138237
0.0 0.8291367292404175 0.2411290407180786 0.06924456357955933 0.08467741310596466
0.0 0.7661870121955872 0.2411290407180786 0.07284176349639893 0.08467741310596466
0.0 0.6969424486160278 0.23548386991024017 0.07464027404785156 0.08951613306999207
0.0 0.6205036044120789 0.23467743396759033 0.07913672924041748 0.09112904965877533
0.0 0.5359712243080139 0.22822579741477966 0.08633089065551758 0.09112904965877533
0.0 0.44694244861602783 0.22741936147212982 0.08453238010406494 0.08951613306999207
0.0 0.3597121834754944 0.2338709682226181 0.0899280309677124 0.08951613306999207
0.0 0.2733812928199768 0.23306453227996826 0.08273375034332275 0.10322582721710205
0.0 0.19514387845993042 0.2411290407180786 0.08812952041625977 0.10000002384185791
0.0 0.11600720882415771 0.24274194240570068 0.08003592491149902 0.09435482323169708
0.0 0.9793165922164917 0.1548387110233307 0.02697843313217163 0.09677419066429138
0.0 0.9523380994796753 0.14999999105930328 0.045863330364227295 0.09677419066429138
0.0 0.9172661304473877 0.14758065342903137 0.048561155796051025 0.09838709235191345
0.0 0.8696043491363525 0.14919354021549225 0.05485612154006958 0.09838709235191345
0.0 0.818345308303833 0.14516128599643707 0.0557553768157959 0.09677419066429138
0.0 0.7589927911758423 0.143548384308815 0.0692446231842041 0.09999999403953552
0.0 0.6915467381477356 0.14274193346500397 0.07553958892822266 0.0927419364452362
0.0 0.6151078939437866 0.1411290317773819 0.07913672924041748 0.0927419364452362
0.0 0.5359712243080139 0.13548387587070465 0.08273375034332275 0.08467742800712585
0.0 0.45053958892822266 0.1387096792459488 0.08633089065551758 0.08790323138237
0.0 0.36690646409988403 0.1411290317773819 0.08363306522369385 0.0927419364452362
0.0 0.2077338695526123 0.14193548262119293 0.08183455467224121 0.09677419066429138
0.0 0.13129496574401855 0.14758065342903137 0.0701439380645752 0.09838709235191345
0.0 0.28687047958374023 0.1411290317773819 0.08812952041625977 0.0927419364452362
