0.0 0.9544562101364136 0.033602334558963776 0.01976853609085083 0.06720466911792755
0.0 0.9341456294059753 0.03376515582203865 0.02601790428161621 0.0675303116440773
0.0 0.9177301526069641 0.03310338407754898 0.027558565139770508 0.06620676815509796
0.0 0.8880671858787537 0.03488282859325409 0.03072667121887207 0.06976565718650818
0.0 0.8685486912727356 0.0358051136136055 0.03231072425842285 0.071610227227211
0.0 0.8310414552688599 0.03529530391097069 0.03541374206542969 0.07059060782194138
0.0 0.8068467378616333 0.037020474672317505 0.03389477729797363 0.07404094934463501
0.0 0.7638930082321167 0.03811643272638321 0.03860354423522949 0.07623286545276642
0.0 0.7350003719329834 0.03910384327173233 0.04018765687942505 0.07820768654346466
0.0 0.6810993552207947 0.03948375955224037 0.04174995422363281 0.07896751910448074
0.0 0.6459681987762451 0.041306622326374054 0.046480417251586914 0.08261324465274811
0.0 0.5850366353988647 0.04171910136938095 0.04335576295852661 0.0834382027387619
0.0 0.5468241572380066 0.04618062078952789 0.04337751865386963 0.08651536703109741
0.0 0.48515480756759644 0.05016284063458443 0.04799938201904297 0.0818934366106987
0.0 0.445314884185791 0.05071642994880676 0.04174995422363281 0.08180660009384155
0.0 0.3969254493713379 0.054514117538928986 0.045004963874816895 0.09122411906719208
0.0 0.35866957902908325 0.05660834163427353 0.041880249977111816 0.0911806970834732
0.0 0.32198697328567505 0.059462036937475204 0.04027450084686279 0.08803427964448929
0.0 0.2876695990562439 0.06384551525115967 0.04181504249572754 0.08649364113807678
0.0 0.2557499408721924 0.07210230082273483 0.03712809085845947 0.08642852306365967
0.0 0.2230057716369629 0.07724524289369583 0.0339815616607666 0.08482275903224945
0.0 0.195794939994812 0.08699925243854523 0.034003376960754395 0.0863850936293602
0.0 0.1645696759223938 0.0889957919716835 0.03404676914215088 0.08950980007648468
0.0 0.9556610584259033 0.11706958711147308 0.026321887969970703 0.09565063565969467
0.0 0.9394300580024719 0.1297963261604309 0.024607539176940918 0.08469248563051224
0.0 0.9230036735534668 0.12846194207668304 0.024759531021118164 0.09562894701957703
0.0 0.9065990447998047 0.12868988513946533 0.023175418376922607 0.09404487162828445
0.0 0.8878617286682129 0.12973156571388245 0.029446542263031006 0.09569406509399414
0.0 0.865869402885437 0.12144257873296738 0.031052350997924805 0.09884046018123627
0.0 0.8424341678619385 0.12176822125911713 0.02940315008163452 0.09256937354803085
0.0 0.8080732822418213 0.12302699685096741 0.038864076137542725 0.09894902259111404
0.0 0.7792350053787231 0.1281156688928604 0.037236571311950684 0.09424027055501938
0.0 0.7355217933654785 0.13106705248355865 0.040382981300354004 0.0958460345864296
0.0 0.7019855380058289 0.1354396790266037 0.041967034339904785 0.09743008762598038
0.0 0.6457409858703613 0.13622121512889862 0.045026540756225586 0.09278646111488342
0.0 0.6091451644897461 0.14532430469989777 0.045026540756225586 0.09278646111488342
0.0 0.545880913734436 0.14698471128940582 0.04355114698410034 0.09901416301727295
0.0 0.5060735940933228 0.14988182485103607 0.04350763559341431 0.09588944911956787
0.0 0.4451853632926941 0.15385319292545319 0.045113563537597656 0.09903588145971298
0.0 0.40381568670272827 0.15677200257778168 0.0419236421585083 0.09430539608001709
0.0 0.36721986532211304 0.16587509214878082 0.04194533824920654 0.09586775302886963
0.0 0.32974523305892944 0.16795846819877625 0.04515695571899414 0.10216056555509567
0.0 0.29082757234573364 0.1786564737558365 0.04515695571899414 0.10216054320335388
0.0 0.257182776927948 0.17521734535694122 0.04194533824920654 0.09586775302886963
0.0 0.9560854434967041 0.3163016736507416 0.04678434133529663 0.10686928033828735
0.0 0.9053091406822205 0.3170072138309479 0.052968621253967285 0.10226911306381226
0.0 0.8435637354850769 0.3155212104320526 0.06394851207733154 0.1055457592010498
0.0 0.7678766846656799 0.32282352447509766 0.0733877420425415 0.11036306619644165
0.0 0.6796256303787231 0.32561245560646057 0.0827183723449707 0.10736864805221558
0.0 0.5976240634918213 0.32831454277038574 0.0921792984008789 0.11374831199645996
0.0 0.5054997205734253 0.33350127935409546 0.09367656707763672 0.10908293724060059
0.0 0.39701414108276367 0.34204062819480896 0.09367656707763672 0.10908299684524536
0.0 0.3019387722015381 0.3597695827484131 0.08753573894500732 0.11680787801742554
0.0 0.2199046015739441 0.36012813448905945 0.08436763286590576 0.11363977193832397
0.0 0.9685633182525635 0.4270764887332916 0.040448129177093506 0.100533127784729
0.0 0.9208899140357971 0.4261762797832489 0.05457437038421631 0.10541552305221558
0.0 0.8615314960479736 0.42778241634368896 0.062364399433135986 0.10396170616149902
0.0 0.7873307466506958 0.4295947849750519 0.07646900415420532 0.10728180408477783
0.0 0.6959441900253296 0.431645929813385 0.08909803628921509 0.11682957410812378
0.0 0.595194399356842 0.4346085488796234 0.0952606201171875 0.11066699028015137
0.0 0.48507046699523926 0.43770140409469604 0.09213590621948242 0.11062359809875488
0.0 0.37899357080459595 0.4508952498435974 0.09842872619628906 0.11383509635925293
0.0 0.2830284833908081 0.46082329750061035 0.08747053146362305 0.11212077736854553
0.0 0.20174294710159302 0.45882749557495117 0.07525396347045898 0.13225767016410828
0.0 0.9807697534561157 0.5183219313621521 0.03094381093978882 0.09102877974510193
0.0 0.9534828662872314 0.522607684135437 0.046545565128326416 0.08968344330787659
0.0 0.9144567251205444 0.5254940390586853 0.04969191551208496 0.09128928184509277
0.0 0.8675754070281982 0.525364100933075 0.059196293354034424 0.10079360008239746
0.0 0.8121988773345947 0.5323841571807861 0.07173854112625122 0.10409191250801086
0.0 0.7474156022071838 0.5371909737586975 0.0779879093170166 0.104178786277771
0.0 0.6787482500076294 0.5436144471168518 0.07957196235656738 0.10576283931732178
0.0 0.600619912147522 0.5439187288284302 0.09200561046600342 0.10124948620796204
0.0 0.5178805589675903 0.5497564077377319 0.09044337272644043 0.1012277901172638
0.0 0.43829840421676636 0.5578941702842712 0.08896780014038086 0.10745549201965332
0.0 0.35950833559036255 0.5668022036552429 0.08892428874969482 0.10433077812194824
0.0 0.2845590114593506 0.5709689259529114 0.08436763286590576 0.1136397123336792
0.0 0.21350467205047607 0.574300229549408 0.07649075984954834 0.10884416103363037
0.0 0.9781229496002197 0.6089925169944763 0.040252745151519775 0.08647191524505615
0.0 0.9446735978126526 0.6196144819259644 0.04967021942138672 0.08972680568695068
0.0 0.9032930135726929 0.6217522025108337 0.054379045963287354 0.0913543701171875
0.0 0.8549362421035767 0.6278933882713318 0.062169015407562256 0.08990049362182617
0.0 0.7995378971099854 0.6333510875701904 0.06527203321456909 0.08838164806365967
0.0 0.7371307611465454 0.6404688954353333 0.07633870840072632 0.0979076623916626
0.0 0.6637547016143799 0.6453951001167297 0.08258813619613647 0.09799444675445557
0.0 0.5880675315856934 0.6526973843574524 0.08584314584732056 0.10741209983825684
0.0 0.5092557668685913 0.6600431203842163 0.08731859922409058 0.10118436813354492
0.0 0.4319412112236023 0.6626800298690796 0.08417224884033203 0.0995786190032959
0.0 0.3577187657356262 0.6629300713539124 0.0825880765914917 0.09799444675445557
0.0 0.28663188219070435 0.6639178395271301 0.08421564102172852 0.10270333290100098
0.0 0.22419220209121704 0.6686921119689941 0.07484149932861328 0.10257303714752197
0.0 0.9776586294174194 0.698057234287262 0.04468268156051636 0.08812105655670166
0.0 0.9473865032196045 0.7023972868919373 0.04953998327255249 0.080352783203125
0.0 0.9083603620529175 0.7052835822105408 0.055919647216796875 0.0898137092590332
0.0 0.8615875840187073 0.7129654288291931 0.06681263446807861 0.08684098720550537
0.0 0.8069487810134888 0.7168499827384949 0.06993734836578369 0.08688437938690186
0.0 0.7476989030838013 0.7262678146362305 0.07000255584716797 0.09157156944274902
0.0 0.6813533306121826 0.7310963273048401 0.07471126317977905 0.09319901466369629
0.0 0.6088452339172363 0.7422610521316528 0.08096063137054443 0.09328579902648926
0.0 0.5315849184989929 0.7488039135932922 0.07937657833099365 0.09170174598693848
0.0 0.45499730110168457 0.7475241422653198 0.08408546447753906 0.09332919120788574
0.0 0.38085079193115234 0.7532423734664917 0.0779879093170166 0.104178786277771
0.0 0.3120422959327698 0.7495105266571045 0.08263146877288818 0.1011192798614502
0.0 0.24333149194717407 0.7528092861175537 0.07631707191467285 0.09634530544281006
0.0 0.9915356636047363 0.787696897983551 0.01692873239517212 0.09558546543121338
0.0 0.974446177482605 0.7942177057266235 0.04507005214691162 0.09591114521026611
0.0 0.9440346360206604 0.7985469102859497 0.04821646213531494 0.09751689434051514
0.0 0.9026432037353516 0.799903392791748 0.054487526416778564 0.0991661548614502
0.0 0.8582030534744263 0.8067715167999268 0.05446583032608032 0.0976036787033081
0.0 0.807481050491333 0.8113829493522644 0.06700807809829712 0.10090219974517822
0.0 0.7489472031593323 0.816102921962738 0.07160830497741699 0.09471786022186279
0.0 0.6826233863830566 0.8224937319755554 0.0747329592704773 0.09476125240325928
0.0 0.6147805452346802 0.8320310115814209 0.07774913311004639 0.08699297904968262
0.0 0.5397986769676208 0.8338542580604553 0.08091723918914795 0.09016108512878418
0.0 0.4671711325645447 0.8364260792732239 0.07941997051239014 0.09482645988464355
0.0 0.3297712206840515 0.8445859551429749 0.07790112495422363 0.09792935848236084
0.0 0.26256853342056274 0.8439570665359497 0.0669863224029541 0.09933984279632568
0.0 0.3984820246696472 0.8412871956825256 0.08254468441009521 0.09486985206604004
