0.0 0.938281238079071 0.964062511920929 0.08749997615814209 0.01874995231628418
0.0 0.940625011920929 0.9554687738418579 0.08906245231628418 0.03593754768371582
0.0 0.942187488079071 0.926562488079071 0.09375 0.0390625
0.0 0.9398437738418579 0.907031238079071 0.09062504768371582 0.04062497615814209
0.0 0.944531261920929 0.8695312738418579 0.09062504768371582 0.04218745231628418
0.0 0.9429687261581421 0.8453124761581421 0.09062504768371582 0.04218745231628418
0.0 0.9429687261581421 0.801562488079071 0.09062504768371582 0.046875
0.0 0.9437500238418579 0.772656261920929 0.09062504768371582 0.04843747615814209
0.0 0.9476562738418579 0.71875 0.09062504768371582 0.04843747615814209
0.0 0.946093738079071 0.68359375 0.08906245231628418 0.0546875
0.0 0.953125 0.6234375238418579 0.09375 0.05156254768371582
0.0 0.948437511920929 0.5843750238418579 0.09062504768371582 0.05156254768371582
0.0 0.94921875 0.522656261920929 0.0859375 0.05312502384185791
0.0 0.952343761920929 0.4828124940395355 0.08437502384185791 0.050000011920928955
0.0 0.952343761920929 0.43359375 0.09218752384185791 0.05312502384185791
0.0 0.9507812261581421 0.39531248807907104 0.08906245231628418 0.051562488079071045
0.0 0.9507812261581421 0.359375 0.08437502384185791 0.04843747615814209
0.0 0.94921875 0.32499998807907104 0.08281254768371582 0.046875
0.0 0.9453125 0.2914062440395355 0.0859375 0.04531252384185791
0.0 0.9437500238418579 0.25859373807907104 0.08281254768371582 0.042187511920928955
0.0 0.936718761920929 0.23124998807907104 0.08749997615814209 0.04218749701976776
0.0 0.936718761920929 0.19921875 0.08906245231628418 0.042187511920928955
0.0 0.8421875238418579 0.9742187261581421 0.09531247615814209 0.01250004768371582
0.0 0.832812488079071 0.9671875238418579 0.08437502384185791 0.02812504768371582
0.0 0.8343750238418579 0.953125 0.09687495231628418 0.03281247615814209
0.0 0.8359375 0.9359375238418579 0.09687495231628418 0.03125
0.0 0.8359375 0.917187511920929 0.09687495231628418 0.03750002384185791
0.0 0.846875011920929 0.8960937261581421 0.10000002384185791 0.0390625
0.0 0.84765625 0.8726562261581421 0.09375 0.03750002384185791
0.0 0.8492187261581421 0.8382812738418579 0.10312497615814209 0.04531252384185791
0.0 0.846875011920929 0.809374988079071 0.09687495231628418 0.04531252384185791
0.0 0.84765625 0.765625 0.10000002384185791 0.04843747615814209
0.0 0.8460937738418579 0.7320312261581421 0.1015625 0.04999995231628418
0.0 0.8500000238418579 0.67578125 0.09687495231628418 0.05312502384185791
0.0 0.844531238079071 0.6382812261581421 0.09687495231628418 0.0546875
0.0 0.848437488079071 0.5757812261581421 0.10312497615814209 0.05156254768371582
0.0 0.848437488079071 0.53515625 0.10000002384185791 0.05156254768371582
0.0 0.8500000238418579 0.4742187261581421 0.10312497615814209 0.05468747019767761
0.0 0.8500000238418579 0.43281251192092896 0.09687495231628418 0.050000011920928955
0.0 0.844531238079071 0.3960937559604645 0.10000002384185791 0.051562488079071045
0.0 0.844531238079071 0.35859376192092896 0.10625004768371582 0.05312502384185791
0.0 0.8374999761581421 0.3179687559604645 0.10625004768371582 0.05312502384185791
0.0 0.84375 0.28515625 0.10000002384185791 0.050000011920928955
0.0 0.64453125 0.967968761920929 0.11093747615814209 0.0546875
0.0 0.6484375 0.918749988079071 0.10625004768371582 0.0625
0.0 0.655468761920929 0.8570312261581421 0.11093747615814209 0.07500004768371582
0.0 0.6546875238418579 0.78125 0.11562502384185791 0.08437502384185791
0.0 0.659375011920929 0.6929687261581421 0.11562502384185791 0.09375
0.0 0.6625000238418579 0.6117187738418579 0.12031245231628418 0.1015625
0.0 0.664843738079071 0.518750011920929 0.1171875 0.10468748211860657
0.0 0.6656249761581421 0.41093748807907104 0.1171875 0.10468751192092896
0.0 0.65625 0.3140625059604645 0.12343752384185791 0.09687501192092896
0.0 0.6625000238418579 0.23281249403953552 0.12187504768371582 0.09218750894069672
0.0 0.5328124761581421 0.973437488079071 0.10468748211860657 0.04843747615814209
0.0 0.538281261920929 0.92578125 0.10781252384185791 0.06562495231628418
0.0 0.542187511920929 0.866406261920929 0.109375 0.07187497615814209
0.0 0.546093761920929 0.792187511920929 0.11406251788139343 0.08749997615814209
0.0 0.551562488079071 0.7007812261581421 0.12343752384185791 0.09843754768371582
0.0 0.5570312738418579 0.6000000238418579 0.11874997615814209 0.10468745231628418
0.0 0.563281238079071 0.4898437261581421 0.1171875 0.10156247019767761
0.0 0.559374988079071 0.38359373807907104 0.12187501788139343 0.10781252384185791
0.0 0.5570312738418579 0.2867187559604645 0.11874997615814209 0.09843748807907104
0.0 0.56640625 0.20624999701976776 0.1390625238418579 0.08906248211860657
0.0 0.44140625 0.977343738079071 0.09062498807907104 0.0390625
0.0 0.4398437440395355 0.949999988079071 0.09375 0.0546875
0.0 0.4390625059604645 0.910937488079071 0.09375 0.05781245231628418
0.0 0.4437499940395355 0.864062488079071 0.10624998807907104 0.06718754768371582
0.0 0.44140625 0.80859375 0.109375 0.08124995231628418
0.0 0.4429687559604645 0.7437499761581421 0.11093747615814209 0.08749997615814209
0.0 0.44140625 0.675000011920929 0.11250001192092896 0.08906245231628418
0.0 0.4468749761581421 0.596875011920929 0.10937497019767761 0.10000002384185791
0.0 0.44921875 0.5140625238418579 0.10781252384185791 0.09843751788139343
0.0 0.4476562440395355 0.43281251192092896 0.11406248807907104 0.10000002384185791
0.0 0.4453125 0.3539062440395355 0.11093747615814209 0.09843748807907104
0.0 0.4476562440395355 0.2796874940395355 0.12187498807907104 0.09375
0.0 0.44999998807907104 0.20859375596046448 0.11562502384185791 0.0859375
0.0 0.35078126192092896 0.9671875238418579 0.09062498807907104 0.04843747615814209
0.0 0.34375 0.932812511920929 0.09375 0.05781245231628418
0.0 0.3453125059604645 0.8921874761581421 0.09375 0.0625
0.0 0.34296876192092896 0.842968761920929 0.09375 0.0703125
0.0 0.3414062559604645 0.7875000238418579 0.09375 0.07343745231628418
0.0 0.33984375 0.7242187261581421 0.10468751192092896 0.08437502384185791
0.0 0.3414062559604645 0.651562511920929 0.10624998807907104 0.09062504768371582
0.0 0.33984375 0.5757812261581421 0.11406248807907104 0.09531247615814209
0.0 0.33984375 0.49531251192092896 0.10781252384185791 0.09531247615814209
0.0 0.34375 0.41874998807907104 0.10624998807907104 0.09218752384185791
0.0 0.3499999940395355 0.34453123807907104 0.10624998807907104 0.09062498807907104
0.0 0.35468751192092896 0.2734375 0.109375 0.09218750894069672
0.0 0.35546875 0.2109375 0.109375 0.08437500894069672
0.0 0.26249998807907104 0.960156261920929 0.09062498807907104 0.0546875
0.0 0.26171875 0.928906261920929 0.08437500894069672 0.05624997615814209
0.0 0.26093751192092896 0.889843761920929 0.09218750894069672 0.06406247615814209
0.0 0.25703126192092896 0.842968761920929 0.09062498807907104 0.07187497615814209
0.0 0.25859373807907104 0.7875000238418579 0.09062498807907104 0.07500004768371582
0.0 0.25390625 0.7281249761581421 0.09687501192092896 0.07968747615814209
0.0 0.25468748807907104 0.660937488079071 0.09843748807907104 0.08281254768371582
0.0 0.24921874701976776 0.5882812738418579 0.09999999403953552 0.08906245231628418
0.0 0.25 0.5101562738418579 0.09843748807907104 0.08749997615814209
0.0 0.25703126192092896 0.43437498807907104 0.10000000894069672 0.09218752384185791
0.0 0.2578125 0.359375 0.11093749105930328 0.08749997615814209
0.0 0.2671875059604645 0.29218751192092896 0.109375 0.09062498807907104
0.0 0.27031248807907104 0.22343750298023224 0.1015625 0.08281251788139343
0.0 0.17109374701976776 0.971875011920929 0.09687498956918716 0.03750002384185791
0.0 0.16718749701976776 0.948437511920929 0.09999999403953552 0.0546875
0.0 0.16484375298023224 0.917187511920929 0.1015625 0.05624997615814209
0.0 0.16796875 0.8765624761581421 0.1015625 0.06093752384185791
0.0 0.16484375298023224 0.83203125 0.09999999403953552 0.0625
0.0 0.1640625 0.780468761920929 0.10624999552965164 0.07500004768371582
0.0 0.1640625 0.721875011920929 0.09999999403953552 0.07968747615814209
0.0 0.1640625 0.6546875238418579 0.1015625 0.08281254768371582
0.0 0.15937499701976776 0.586718738079071 0.09218749403953552 0.08437502384185791
0.0 0.1640625 0.51171875 0.09687500447034836 0.08906248211860657
0.0 0.16796875 0.4390625059604645 0.1015625 0.0859375
0.0 0.17031249403953552 0.30156248807907104 0.10468750447034836 0.0859375
0.0 0.17734375596046448 0.23515625298023224 0.10468751192092896 0.07500001788139343
0.0 0.16796875 0.3695312440395355 0.10312500596046448 0.09062498807907104
