0.0 0.9484565854072571 0.9680117964744568 0.018780231475830078 0.06397640705108643
0.0 0.9286842942237854 0.968286395072937 0.02680826187133789 0.06342720985412598
0.0 0.912147045135498 0.968799352645874 0.028366267681121826 0.06240129470825195
0.0 0.8832058310508728 0.9672478437423706 0.031839728355407715 0.06550431251525879
0.0 0.8639698624610901 0.965723991394043 0.03160130977630615 0.06855201721191406
0.0 0.8262215256690979 0.9665711522102356 0.03471720218658447 0.06685769557952881
0.0 0.8022521138191223 0.9644790291786194 0.03471720218658447 0.07104194164276123
0.0 0.7586891651153564 0.9631105661392212 0.039152681827545166 0.07377886772155762
0.0 0.7298671007156372 0.9619783759117126 0.040710628032684326 0.07604324817657471
0.0 0.6758795976638794 0.961480438709259 0.0407106876373291 0.07703912258148193
0.0 0.6410045027732849 0.9592414498329163 0.04682326316833496 0.08151710033416748
0.0 0.5805467367172241 0.9589542746543884 0.04406493902206421 0.08209145069122314
0.0 0.5420151948928833 0.9545289278030396 0.04382658004760742 0.08698952198028564
0.0 0.4804762601852417 0.9498212337493896 0.0465848445892334 0.08255410194396973
0.0 0.44062942266464233 0.948340117931366 0.04334986209869385 0.080757737159729
0.0 0.3923330307006836 0.9446454644203186 0.045622825622558594 0.09022462368011475
0.0 0.3541632890701294 0.9417255520820618 0.044184088706970215 0.09166336059570312
0.0 0.31755155324935913 0.9389247894287109 0.04082977771759033 0.08830916881561279
0.0 0.28345543146133423 0.9339658617973328 0.04071056842803955 0.08675122261047363
0.0 0.25121527910232544 0.9252312183380127 0.03759479522705078 0.08651280403137207
0.0 0.2187367081642151 0.9196125268936157 0.03435969352722168 0.0847165584564209
0.0 0.19128954410552979 0.9096775650978088 0.03447890281677246 0.08627450466156006
0.0 0.1601305603981018 0.9072939157485962 0.03471732139587402 0.08939027786254883
0.0 0.9514742493629456 0.8871269822120667 0.027404189109802246 0.09502625465393066
0.0 0.9359500408172607 0.8749699592590332 0.024892807006835938 0.0824434757232666
0.0 0.9194128513336182 0.8760554790496826 0.025846242904663086 0.09490704536437988
0.0 0.9029947519302368 0.8755830526351929 0.0242883563041687 0.0947878360748291
0.0 0.8842993974685669 0.8741528391838074 0.030520081520080566 0.09526455402374268
0.0 0.8617134094238281 0.8826109766960144 0.032316386699676514 0.09849965572357178
0.0 0.8382846117019653 0.8816022276878357 0.03028172254562378 0.0921487808227539
0.0 0.8039501905441284 0.8797591924667358 0.03854823112487793 0.09897637367248535
0.0 0.7753665447235107 0.874438464641571 0.03807145357131958 0.09274470806121826
0.0 0.7317439913749695 0.8711013793945312 0.04142582416534424 0.0960988998413086
0.0 0.6984269022941589 0.8662021160125732 0.04310286045074463 0.09777593612670898
0.0 0.6421024203300476 0.8650274276733398 0.044303297996520996 0.09322142601013184
0.0 0.6051883697509766 0.855935275554657 0.047419071197509766 0.09345972537994385
0.0 0.542691707611084 0.8535049557685852 0.04478001594543457 0.09945309162139893
0.0 0.5021849870681763 0.8504062294960022 0.04454165697097778 0.0963371992111206
0.0 0.44142502546310425 0.8457581400871277 0.04789590835571289 0.09969139099121094
0.0 0.40013939142227173 0.8425998091697693 0.042745351791381836 0.09310221672058105
0.0 0.36406397819519043 0.832788348197937 0.04454159736633301 0.0963371992111206
0.0 0.3266732096672058 0.8299279808998108 0.04501843452453613 0.1025691032409668
0.0 0.2875414490699768 0.8190991282463074 0.04501843452453613 0.1025691032409668
0.0 0.25362837314605713 0.8219895362854004 0.0429837703704834 0.09621810913085938
0.0 0.954146683216095 0.6883141398429871 0.048491835594177246 0.10748124122619629
0.0 0.9033346176147461 0.686777651309967 0.05436605215072632 0.10328412055969238
0.0 0.8413189649581909 0.6883017420768738 0.06539088487625122 0.10567629337310791
0.0 0.7659372091293335 0.6801846027374268 0.07509613037109375 0.11106526851654053
0.0 0.6776747703552246 0.6765667200088501 0.08420544862747192 0.10866439342498779
0.0 0.5957037806510925 0.6726465821266174 0.09235274791717529 0.11393427848815918
0.0 0.5037252306938171 0.6663938760757446 0.09511101245880127 0.10949873924255371
0.0 0.39556699991226196 0.6565528512001038 0.09511101245880127 0.10949873924255371
0.0 0.3005874752998352 0.6383175253868103 0.08791720867156982 0.11669254302978516
0.0 0.21843767166137695 0.6367343664169312 0.08312427997589111 0.1147770881652832
0.0 0.9681209325790405 0.5773380398750305 0.041783273220062256 0.10077273845672607
0.0 0.9202460050582886 0.578376829624176 0.056043148040771484 0.10496127605438232
0.0 0.8608652353286743 0.5761848092079163 0.06371372938156128 0.10399925708770752
0.0 0.7866243124008179 0.5736395716667175 0.07797360420227051 0.10818767547607422
0.0 0.6951863765716553 0.5705623626708984 0.08947521448135376 0.11681175231933594
0.0 0.5944604277610779 0.5659910440444946 0.09523022174835205 0.11105656623840332
0.0 0.48426753282546997 0.5622625946998596 0.09211432933807373 0.11081826686859131
0.0 0.3788037896156311 0.5479265451431274 0.09858453273773193 0.11441096663475037
0.0 0.2825089693069458 0.5366424322128296 0.08911752700805664 0.11213791370391846
0.0 0.20167875289916992 0.5382943153381348 0.0783226490020752 0.13299572467803955
0.0 0.9805458784103394 0.4866151213645935 0.03160136938095093 0.08915194869041443
0.0 0.9534605741500854 0.4821925461292267 0.047180771827697754 0.09034377336502075
0.0 0.9145714640617371 0.47843408584594727 0.050296664237976074 0.09058216214179993
0.0 0.8675946593284607 0.477974534034729 0.06035947799682617 0.10064497590065002
0.0 0.8125258684158325 0.47062769532203674 0.07306140661239624 0.10471433401107788
0.0 0.7478710412979126 0.46568164229393005 0.07929325103759766 0.10519105195999146
0.0 0.6795001029968262 0.45810073614120483 0.08097028732299805 0.10686811804771423
0.0 0.6012451648712158 0.4568154811859131 0.09295719861984253 0.10158976912498474
0.0 0.5186738967895508 0.45049893856048584 0.09139925241470337 0.10147061944007874
0.0 0.43867790699005127 0.4412451684474945 0.09187602996826172 0.10770243406295776
0.0 0.3602399230003357 0.43211063742637634 0.090079665184021 0.10446733236312866
0.0 0.28539884090423584 0.4271688759326935 0.08468222618103027 0.11489623785018921
0.0 0.2144526243209839 0.4225251376628876 0.07653486728668213 0.10962653160095215
0.0 0.9788897037506104 0.3955986797809601 0.0407106876373291 0.08675122261047363
0.0 0.945989727973938 0.38524654507637024 0.050296664237976074 0.09058213233947754
0.0 0.9047040939331055 0.38208824396133423 0.05341261625289917 0.09082049131393433
0.0 0.8565864562988281 0.3760567009449005 0.06252193450927734 0.08841973543167114
0.0 0.800679087638855 0.36942926049232483 0.06563776731491089 0.08865809440612793
0.0 0.7385995388031006 0.3615460693836212 0.07725852727890015 0.09884005784988403
0.0 0.6653760075569153 0.35594457387924194 0.08349037170410156 0.09931677579879761
0.0 0.5899943113327026 0.34782734513282776 0.08720207214355469 0.1073448657989502
0.0 0.5106581449508667 0.34019115567207336 0.08828336000442505 0.10123223066329956
0.0 0.4333609342575073 0.33662858605384827 0.08504831790924072 0.09943592548370361
0.0 0.3590008616447449 0.3356413245201111 0.08349037170410156 0.09931677579879761
0.0 0.2885952591896057 0.3341730535030365 0.08528661727905273 0.10255187749862671
0.0 0.22555798292160034 0.3285672068595886 0.07605814933776855 0.10339468717575073
0.0 0.9783496856689453 0.3071574866771698 0.0433005690574646 0.08722794055938721
0.0 0.9491904377937317 0.3024369478225708 0.04958164691925049 0.08123445510864258
0.0 0.9103013277053833 0.2986784279346466 0.0562901496887207 0.08794301748275757
0.0 0.8639204502105713 0.29042914509773254 0.0653994083404541 0.08554220199584961
0.0 0.8093922138214111 0.286257803440094 0.0685153603553772 0.0857805609703064
0.0 0.7498283982276917 0.2762164771556854 0.07210791110992432 0.09225070476531982
0.0 0.6836751699447632 0.27037230134010315 0.07522386312484741 0.09248906373977661
0.0 0.6109283566474915 0.25853896141052246 0.08145558834075928 0.09296578168869019
0.0 0.5338696241378784 0.25186052918434143 0.07989770174026489 0.0928465873003006
0.0 0.4578322470188141 0.252312034368515 0.08457154035568237 0.09320414066314697
0.0 0.3831104040145874 0.24581237137317657 0.07929325103759766 0.10519102215766907
0.0 0.3147437572479248 0.24841773509979248 0.08372867107391357 0.10243268311023712
0.0 0.2460748553276062 0.24473169445991516 0.0754622220993042 0.09560497105121613
0.0 0.9925626516342163 0.21703055500984192 0.014874756336212158 0.09526461362838745
0.0 0.9767724275588989 0.21056899428367615 0.04645514488220215 0.09657560288906097
0.0 0.9471724033355713 0.20590804517269135 0.04933464527130127 0.09825274348258972
0.0 0.9057676196098328 0.2043076753616333 0.05400848388671875 0.0986102819442749
0.0 0.8616640567779541 0.1970161348581314 0.055447280406951904 0.09717151522636414
0.0 0.810370922088623 0.19152520596981049 0.06659126281738281 0.10112166404724121
0.0 0.7520074844360352 0.18627692759037018 0.07234638929367065 0.09536659717559814
0.0 0.6859138607978821 0.17965376377105713 0.0754622220993042 0.09560495615005493
0.0 0.6177812814712524 0.16895698010921478 0.07786297798156738 0.08649563789367676
0.0 0.543540358543396 0.16641175746917725 0.08121728897094727 0.08984988927841187
0.0 0.4709170460700989 0.16320674121379852 0.07857811450958252 0.09584331512451172
0.0 0.33297908306121826 0.15343816578388214 0.07881641387939453 0.09895922988653183
0.0 0.2663491368293762 0.1538257896900177 0.06802999973297119 0.09968291968107224
0.0 0.4015883207321167 0.15790316462516785 0.083251953125 0.09620087593793869
