0.0 0.9187204241752625 0.9819068312644958 0.08782327175140381 0.015011429786682129
0.0 0.9215970039367676 0.97322678565979 0.0883176326751709 0.03219175338745117
0.0 0.9246702790260315 0.9442201852798462 0.09309303760528564 0.03545022010803223
0.0 0.9225466847419739 0.9247419238090515 0.09001433849334717 0.03692221641540527
0.0 0.9292999505996704 0.8878136873245239 0.09005922079086304 0.03848409652709961
0.0 0.9285808801651001 0.862824022769928 0.09005922079086304 0.03848409652709961
0.0 0.9304687976837158 0.8197831511497498 0.08863216638565063 0.04312467575073242
0.0 0.9319802522659302 0.7908214926719666 0.08867710828781128 0.04468655586242676
0.0 0.9382392168045044 0.7367128729820251 0.08867710828781128 0.04468655586242676
0.0 0.9380090236663818 0.70154869556427 0.0872950553894043 0.050889015197753906
0.0 0.9480152726173401 0.6418612003326416 0.09189069271087646 0.04790019989013672
0.0 0.9445490837097168 0.6028822660446167 0.08876699209213257 0.04781031608581543
0.0 0.9482405185699463 0.5410317778587341 0.08412641286849976 0.04923737049102783
0.0 0.95256108045578 0.5010472536087036 0.08247458934783936 0.046068668365478516
0.0 0.9542917013168335 0.45253986120224 0.09037375450134277 0.049417078495025635
0.0 0.9547525644302368 0.41422951221466064 0.08720511198043823 0.047765374183654785
0.0 0.956061840057373 0.3782394528388977 0.08242970705032349 0.044506847858428955
0.0 0.955854058265686 0.34385621547698975 0.08086782693862915 0.04446190595626831
0.0 0.9533035755157471 0.30954036116600037 0.08390170335769653 0.04142802953720093
0.0 0.9531408548355103 0.27671897411346436 0.08224993944168091 0.03825938701629639
0.0 0.9476688504219055 0.24952134490013123 0.08693552017211914 0.03839421272277832
0.0 0.9483095407485962 0.21745841205120087 0.0884973406791687 0.03843912482261658
0.0 0.822756290435791 0.9877942204475403 0.09545278549194336 0.008988618850708008
0.0 0.8131605386734009 0.980254590511322 0.08340734243392944 0.02424764633178711
0.0 0.815879762172699 0.9661080837249756 0.09603703022003174 0.029292702674865723
0.0 0.8177506923675537 0.9496411681175232 0.0959920883178711 0.027730822563171387
0.0 0.8187732696533203 0.9308540225028992 0.0961717963218689 0.03397822380065918
0.0 0.8306839466094971 0.9101904034614563 0.09934043884277344 0.035629987716674805
0.0 0.8323526382446289 0.886695146560669 0.093048095703125 0.03388833999633789
0.0 0.8352686762809753 0.8522220849990845 0.10108208656311035 0.04192233085632324
0.0 0.833656370639801 0.8233502507209778 0.09483468532562256 0.041742563247680664
0.0 0.8363027572631836 0.7795059680938721 0.09804821014404297 0.044956088066101074
0.0 0.8361175060272217 0.7459036707878113 0.09965503215789795 0.046563029289245605
0.0 0.8423315286636353 0.6902331709861755 0.095059335231781 0.04955184459686279
0.0 0.8388876914978027 0.6520351767539978 0.09510427713394165 0.05111372470855713
0.0 0.8449219465255737 0.5901172757148743 0.10126185417175293 0.048169851303100586
0.0 0.8468773365020752 0.5494191646575928 0.09813815355300903 0.0480799674987793
0.0 0.8505911827087402 0.4883496165275574 0.10135167837142944 0.05129349231719971
0.0 0.8525240421295166 0.4468706250190735 0.09496951103210449 0.046428143978118896
0.0 0.8483443260192871 0.41025692224502563 0.09813809394836426 0.04807990789413452
0.0 0.8503894805908203 0.3726825714111328 0.10438555479049683 0.0482596755027771
0.0 0.8445355892181396 0.33220916986465454 0.10438555479049683 0.0482596755027771
0.0 0.8521820902824402 0.2991631031036377 0.09809315204620361 0.046518027782440186
0.0 0.6253785490989685 0.9731523394584656 0.1091160774230957 0.049956321716308594
0.0 0.631013810634613 0.9245326519012451 0.10465514659881592 0.05763077735900879
0.0 0.6409751176834106 0.8632832765579224 0.10813838243484497 0.07021546363830566
0.0 0.6427003145217896 0.7874211072921753 0.11309361457824707 0.07972145080566406
0.0 0.6511167287826538 0.6996426582336426 0.11180132627487183 0.08904755115509033
0.0 0.6581511497497559 0.6181566715240479 0.1167115569114685 0.0969916582107544
0.0 0.6640900373458862 0.5257601737976074 0.1136777400970459 0.10002550482749939
0.0 0.668798565864563 0.41776755452156067 0.1136777400970459 0.10002553462982178
0.0 0.6636695861816406 0.32100003957748413 0.11970049142837524 0.09239602088928223
0.0 0.6730467677116394 0.23944661021232605 0.11800384521484375 0.08766549825668335
0.0 0.5136386156082153 0.9740225672721863 0.10273385047912598 0.04509091377258301
0.0 0.5208806991577148 0.9269198179244995 0.10630685091018677 0.060799360275268555
0.0 0.5270047783851624 0.8681256175041199 0.10648667812347412 0.06704676151275635
0.0 0.5342413187026978 0.7936679124832153 0.11162155866622925 0.08280014991760254
0.0 0.5433488488197327 0.702743411064148 0.11974537372589111 0.09395790100097656
0.0 0.5529676675796509 0.6024252772331238 0.11523956060409546 0.10007035732269287
0.0 0.5638787150382996 0.4926910698413849 0.11358785629272461 0.09690183401107788
0.0 0.5639466047286987 0.3863951563835144 0.11845320463180542 0.10328406095504761
0.0 0.5658460855484009 0.28942540287971497 0.11505985260009766 0.09382301568984985
0.0 0.5783918499946594 0.20934395492076874 0.1366112232208252 0.08351919054985046
0.0 0.4222027659416199 0.9743086695671082 0.08996927738189697 0.03536033630371094
0.0 0.42141640186309814 0.9469762444496155 0.09198057651519775 0.05102384090423584
0.0 0.42263567447662354 0.9078624844551086 0.09207046031951904 0.05414760112762451
0.0 0.4291192889213562 0.8615630865097046 0.10327303409576416 0.06383323669433594
0.0 0.429085910320282 0.8060723543167114 0.10675621032714844 0.07641792297363281
0.0 0.4326874017715454 0.741098165512085 0.1084979772567749 0.08271026611328125
0.0 0.43461477756500244 0.6722642779350281 0.11010468006134033 0.08431708812713623
0.0 0.44332337379455566 0.594637930393219 0.10577857494354248 0.09667706489562988
0.0 0.44875091314315796 0.5116350054740906 0.10417187213897705 0.09507036209106445
0.0 0.45034128427505493 0.4310871958732605 0.11041927337646484 0.09525007009506226
0.0 0.4511956572532654 0.3521237075328827 0.10725057125091553 0.09359830617904663
0.0 0.4568703770637512 0.2777109742164612 0.1180487871170044 0.0892273336648941
0.0 0.4618539810180664 0.2064443975687027 0.11313843727111816 0.08128327131271362
0.0 0.3319243788719177 0.9604931473731995 0.0886770486831665 0.04468655586242676
0.0 0.3262501358985901 0.926267147064209 0.09207046031951904 0.05414760112762451
0.0 0.32898634672164917 0.8855465650558472 0.09220528602600098 0.05883312225341797
0.0 0.32913273572921753 0.8363032937049866 0.09086811542510986 0.06659746170043945
0.0 0.3298801779747009 0.7807900905609131 0.09095799922943115 0.06972122192382812
0.0 0.3304029703140259 0.7174675464630127 0.10220551490783691 0.08096873760223389
0.0 0.33534175157546997 0.6446391940116882 0.10238528251647949 0.08721613883972168
0.0 0.3370668888092041 0.5687769055366516 0.11028444766998291 0.09056448936462402
0.0 0.34024155139923096 0.48896509408950806 0.10408198833465576 0.09194660186767578
0.0 0.34741073846817017 0.4121646583080292 0.10243022441864014 0.08877795934677124
0.0 0.35623157024383545 0.33844298124313354 0.10238528251647949 0.08721613883972168
0.0 0.3643614649772644 0.26786744594573975 0.10555386543273926 0.08886784315109253
0.0 0.3672494888305664 0.20525850355625153 0.10684609413146973 0.0795416533946991
0.0 0.24407851696014404 0.9497338533401489 0.08885681629180908 0.05093395709991455
0.0 0.2439606785774231 0.9184743165969849 0.08265435695648193 0.05231606960296631
0.0 0.24518007040023804 0.879360556602478 0.09068834781646729 0.06034994125366211
0.0 0.24305099248886108 0.8325274586677551 0.08778929710388184 0.06806933879852295
0.0 0.24694466590881348 0.7777052521705627 0.08787918090820312 0.07119309902191162
0.0 0.24443364143371582 0.7175964117050171 0.09426140785217285 0.07605838775634766
0.0 0.24799025058746338 0.6510603427886963 0.09591317176818848 0.07922708988189697
0.0 0.2458781599998474 0.5776532292366028 0.09609293937683105 0.08547461032867432
0.0 0.2499011754989624 0.5001616477966309 0.09604799747467041 0.08391261100769043
0.0 0.26023900508880615 0.424833208322525 0.09618282318115234 0.08859819173812866
0.0 0.26354849338531494 0.3497069776058197 0.1084979772567749 0.08271026611328125
0.0 0.2756953239440918 0.28292375802993774 0.10550892353057861 0.08730600774288177
0.0 0.2815272808074951 0.21397748589515686 0.0990368127822876 0.07931695878505707
0.0 0.15208649635314941 0.9578517079353333 0.09617185592651367 0.03397822380065918
0.0 0.14906960725784302 0.9344913363456726 0.09822797775268555 0.05120360851287842
0.0 0.14817088842391968 0.9032542705535889 0.09983479976654053 0.05281031131744385
0.0 0.1524689793586731 0.8624887466430664 0.09996962547302246 0.057495951652526855
0.0 0.15118825435638428 0.8179759383201599 0.09845268726348877 0.05901288986206055
0.0 0.15282899141311646 0.7663449048995972 0.10349774360656738 0.07164251804351807
0.0 0.15504848957061768 0.7076630592346191 0.09738516807556152 0.07614827156066895
0.0 0.15782415866851807 0.6411494612693787 0.0990368127822876 0.07931697368621826
0.0 0.15584689378738403 0.5724278688430786 0.08971071243286133 0.08060920238494873
0.0 0.16386443376541138 0.49794772267341614 0.09296929836273193 0.08538466691970825
0.0 0.17038744688034058 0.42585527896881104 0.09912669658660889 0.08244067430496216
0.0 0.17892777919769287 0.28805267810821533 0.10225045680999756 0.08253055810928345
0.0 0.18875426054000854 0.22211778163909912 0.10193586349487305 0.07159757614135742
0.0 0.1738542914390564 0.3561955392360687 0.09926152229309082 0.08712625503540039
