0.0 0.9875907897949219 0.13749252259731293 0.024818431586027145 0.09507817029953003
0.0 0.9766623973846436 0.13703389465808868 0.04181615635752678 0.0919698104262352
0.0 0.940944254398346 0.12547892332077026 0.04492459073662758 0.09229186177253723
0.0 0.9160773754119873 0.1229025349020958 0.04492459073662758 0.09229186177253723
0.0 0.8736594319343567 0.11536600440740585 0.049426037818193436 0.09122075140476227
0.0 0.8451486825942993 0.11005578190088272 0.05098019167780876 0.09138176590204239
0.0 0.7923345565795898 0.09672953188419342 0.05098019167780876 0.09138176590204239
0.0 0.7574459910392761 0.09232939779758453 0.057035915553569794 0.09047168493270874
0.0 0.6995947957038879 0.07455411553382874 0.054410673677921295 0.09481218457221985
0.0 0.6604987978935242 0.07285977900028229 0.05408862605690956 0.09170382469892502
0.0 0.5996721982955933 0.06105968356132507 0.055159710347652435 0.08720230311155319
0.0 0.5606042146682739 0.051513928920030594 0.05189033970236778 0.08532606810331345
0.0 0.5127466320991516 0.045061659067869186 0.0558038055896759 0.09012331813573837
0.0 0.475607305765152 0.04149467870593071 0.052373386919498444 0.08298935741186142
0.0 0.43932560086250305 0.03723111376166344 0.05033615604043007 0.07446222752332687
0.0 0.4052141606807709 0.034682754427194595 0.05017513036727905 0.06936550885438919
0.0 0.37086114287376404 0.034385159611701965 0.04738880693912506 0.06877031922340393
0.0 0.3383038640022278 0.031836796551942825 0.04411941021680832 0.06367359310388565
0.0 0.3106226325035095 0.03392474353313446 0.04460248351097107 0.06784948706626892
0.0 0.27970004081726074 0.031966209411621094 0.0463176928460598 0.06393241882324219
0.0 0.9927536845207214 0.24821744859218597 0.014492607675492764 0.09754243493080139
0.0 0.9851035475730896 0.24419543147087097 0.029792938381433487 0.09738141298294067
0.0 0.9690626263618469 0.24070894718170166 0.04090609773993492 0.09802550822496414
0.0 0.9501464366912842 0.22618219256401062 0.04278230294585228 0.1012948751449585
0.0 0.9270752668380737 0.221435546875 0.04058405011892319 0.09491714090108871
0.0 0.8932859301567078 0.21400757133960724 0.049160074442625046 0.10349316149950027
0.0 0.8644530177116394 0.21180570125579834 0.04851597547531128 0.09727644920349121
0.0 0.8213385343551636 0.20341157913208008 0.05194633826613426 0.10070685297250748
0.0 0.7880041599273682 0.1991724669933319 0.053661640733480453 0.1024220734834671
0.0 0.7336358428001404 0.1856851875782013 0.056286878883838654 0.0980815663933754
0.0 0.6953169107437134 0.1840713769197464 0.05784103646874428 0.09824258834123611
0.0 0.6347318887710571 0.1699400097131729 0.055376820266246796 0.10413726419210434
0.0 0.5946452617645264 0.16264499723911285 0.05505477264523506 0.1010289117693901
0.0 0.534595787525177 0.1509254276752472 0.05848516523838043 0.10445930808782578
0.0 0.4937320351600647 0.14354991912841797 0.05317850783467293 0.09775951504707336
0.0 0.45688673853874207 0.14287421107292175 0.05505477264523506 0.10102889686822891
0.0 0.41990846395492554 0.13590127229690552 0.05569887161254883 0.10724563896656036
0.0 0.3790166974067688 0.13637717068195343 0.05569887161254883 0.10724563896656036
0.0 0.34726452827453613 0.12444767355918884 0.05350055545568466 0.10086788237094879
0.0 0.9783351421356201 0.4379885196685791 0.043329719454050064 0.11206921935081482
0.0 0.9380833506584167 0.42600294947624207 0.06502392888069153 0.10821174830198288
0.0 0.8786779642105103 0.40806663036346436 0.07777947187423706 0.11260832101106644
0.0 0.8037028312683105 0.3963715136051178 0.08758760243654251 0.11823699623346329
0.0 0.7177958488464355 0.37647488713264465 0.0967516377568245 0.11764898151159286
0.0 0.6379445791244507 0.3587765395641327 0.10500561445951462 0.123116634786129
0.0 0.5471335649490356 0.3407280743122101 0.10779190808534622 0.120330311357975
0.0 0.4407002031803131 0.32184651494026184 0.10779193788766861 0.120330311357975
0.0 0.3440994918346405 0.31419429183006287 0.1006651371717453 0.12574194371700287
0.0 0.2644897699356079 0.29416465759277344 0.09739574044942856 0.12386573106050491
0.0 0.9716938138008118 0.548870861530304 0.05242941156029701 0.10536939650774002
0.0 0.9259539842605591 0.5354921817779541 0.0682932659983635 0.11008798331022263
0.0 0.8684773445129395 0.521682858467102 0.07451001554727554 0.1107320785522461
0.0 0.7956199049949646 0.5047091245651245 0.09053488820791245 0.11700485646724701
0.0 0.7066851258277893 0.4837133288383484 0.1022193506360054 0.1259029358625412
0.0 0.6085058450698853 0.4609743058681488 0.10795290023088455 0.12188449501991272
0.0 0.5011623501777649 0.435714989900589 0.10468359291553497 0.12000826746225357
0.0 0.3958001434803009 0.421656996011734 0.11138338595628738 0.12531495094299316
0.0 0.29992401599884033 0.407010942697525 0.10173621773719788 0.12124042958021164
0.0 0.22219052910804749 0.38403400778770447 0.0931113064289093 0.14187175035476685
0.0 0.959942638874054 0.6395488977432251 0.04181615263223648 0.09196975827217102
0.0 0.9327445030212402 0.636730968952179 0.05751899257302284 0.09513427317142487
0.0 0.8941314816474915 0.6303741335868835 0.06062742695212364 0.0954563319683075
0.0 0.8490882515907288 0.6178529858589172 0.07107964903116226 0.10730168968439102
0.0 0.7940759062767029 0.6105824112892151 0.08383506536483765 0.1116981953382492
0.0 0.7301409840583801 0.59846031665802 0.0902128517627716 0.11389657109975815
0.0 0.6621596217155457 0.5874897837638855 0.09192802757024765 0.11561174690723419
0.0 0.5863548517227173 0.5686398148536682 0.1038784459233284 0.1122373566031456
0.0 0.5047883987426758 0.5523346066474915 0.10216326266527176 0.11052218079566956
0.0 0.42515063285827637 0.5401564240455627 0.10280736535787582 0.11673892289400101
0.0 0.3469865620136261 0.5289162993431091 0.1009310930967331 0.11346949636936188
0.0 0.2739681005477905 0.5134967565536499 0.09739574044942856 0.12386573106050491
0.0 0.20397748053073883 0.49917635321617126 0.08914175629615784 0.118398018181324
0.0 0.9343648552894592 0.7272235155105591 0.05098019167780876 0.0913817435503006
0.0 0.899689793586731 0.7283436059951782 0.06062742695212364 0.0954563319683075
0.0 0.859683632850647 0.7202714681625366 0.06373573839664459 0.09577837586402893
0.0 0.8108879923820496 0.7136450409889221 0.07306080311536789 0.09674452245235443
0.0 0.7559561133384705 0.7055974006652832 0.07600820064544678 0.09551230072975159
0.0 0.6932532787322998 0.6967446208000183 0.08801459521055222 0.10751879960298538
0.0 0.6217085719108582 0.682263195514679 0.09423133730888367 0.10816290229558945
0.0 0.5467333197593689 0.67056804895401 0.0981447771191597 0.11625584959983826
0.0 0.46803370118141174 0.6569162011146545 0.09905485808849335 0.11020012944936752
0.0 0.3928450047969818 0.6397008895874023 0.09578549861907959 0.10832392424345016
0.0 0.32092568278312683 0.621253490447998 0.09423133730888367 0.10816290229558945
0.0 0.2520342171192169 0.603905200958252 0.09610754251480103 0.11143223941326141
0.0 0.19035005569458008 0.5928016901016235 0.08694346994161606 0.11202024668455124
0.0 0.9121369123458862 0.8128889799118042 0.05719693750143051 0.09202584624290466
0.0 0.8811337947845459 0.8088914155960083 0.05810699239373207 0.08597011864185333
0.0 0.8425208330154419 0.8025345206260681 0.06668301671743393 0.09454614669084549
0.0 0.7958149313926697 0.7984808683395386 0.07429289817810059 0.09379711002111435
0.0 0.7419821619987488 0.7874053716659546 0.07724031060934067 0.09256500750780106
0.0 0.6820657253265381 0.7819830179214478 0.08254688233137131 0.09926482290029526
0.0 0.616576611995697 0.7696998715400696 0.08581633865833282 0.10114103555679321
0.0 0.5435301065444946 0.7621317505836487 0.09203308075666428 0.10178513079881668
0.0 0.4672422707080841 0.7479442954063416 0.09047883749008179 0.10162410140037537
0.0 0.3939298093318939 0.7277817130088806 0.09514139592647552 0.10210717469453812
0.0 0.3198927342891693 0.7146128416061401 0.0902128517627716 0.11389657109975815
0.0 0.2552892863750458 0.6937817335128784 0.09455336630344391 0.1112712100148201
0.0 0.1877104490995407 0.6789257526397705 0.08769253641366959 0.10441037267446518
0.0 0.9080761671066284 0.9051491618156433 0.04090609401464462 0.09802547842264175
0.0 0.8845219016075134 0.90506511926651 0.058163080364465714 0.10135090351104736
0.0 0.8534382581710815 0.9018446207046509 0.05987827107310295 0.10306619852781296
0.0 0.8135931491851807 0.8922183513641357 0.06454086303710938 0.1035492792725563
0.0 0.7692990303039551 0.8876292109489441 0.06593398749828339 0.10215602815151215
0.0 0.7183331251144409 0.8792070150375366 0.07729639858007431 0.10794579237699509
0.0 0.6604539155960083 0.869283139705658 0.08286892622709274 0.10237313061952591
0.0 0.5948842763900757 0.8577770590782166 0.08613838255405426 0.10424935072660446
0.0 0.5265003442764282 0.8506920337677002 0.08672638982534409 0.09508530795574188
0.0 0.4537234306335449 0.8329411745071411 0.09171100705862045 0.09867681562900543
0.0 0.3831167221069336 0.8169860243797302 0.09080091118812561 0.10473241657018661
0.0 0.24763703346252441 0.790382444858551 0.08956876397132874 0.1076798215508461
0.0 0.18356911838054657 0.7719631195068359 0.07868950068950653 0.10655265301465988
0.0 0.3145192861557007 0.8043807744979858 0.09390928596258163 0.10505446791648865
