0.0 0.06145578995347023 0.04518014192581177 0.02503543347120285 0.030505774542689323
0.0 0.05983909219503403 0.06544326990842819 0.02732321247458458 0.03689631074666977
0.0 0.05868249759078026 0.08182733505964279 0.029058875516057014 0.03863196447491646
0.0 0.05838102102279663 0.11090045422315598 0.03581748902797699 0.044022999703884125
0.0 0.05849998816847801 0.12979599833488464 0.0404723584651947 0.04457511752843857
0.0 0.054858867079019547 0.16712698340415955 0.0423920601606369 0.04786238446831703
0.0 0.05529354512691498 0.18999359011650085 0.04841451719403267 0.04704694077372551
0.0 0.0541115328669548 0.23312334716320038 0.05672474950551987 0.0526219978928566
0.0 0.05303424596786499 0.26210445165634155 0.061563655734062195 0.05472571402788162
0.0 0.04978814721107483 0.31600356101989746 0.06795419752597809 0.05701352655887604
0.0 0.05048617720603943 0.3499155640602112 0.07781605422496796 0.06277262419462204
0.0 0.04650392383337021 0.4100211560726166 0.08383850753307343 0.06195717677474022
0.0 0.046649836003780365 0.4485880732536316 0.09296420961618423 0.06150978058576584
0.0 0.049557872116565704 0.5102975964546204 0.0917806625366211 0.06442897021770477
0.0 0.05029556527733803 0.5505081415176392 0.08967691659927368 0.059590015560388565
0.0 0.053216297179460526 0.5988449454307556 0.09953878074884415 0.06534916907548904
0.0 0.05578167736530304 0.6369120478630066 0.09917070716619492 0.062245968729257584
0.0 0.05775527283549309 0.6733354926109314 0.09569938480854034 0.05877457186579704
0.0 0.06155654042959213 0.7076156139373779 0.0943317785859108 0.06014212965965271
0.0 0.0702887624502182 0.7401204109191895 0.09377968311309814 0.05548733100295067
0.0 0.07504989206790924 0.7729409337043762 0.09030834585428238 0.052015937864780426
0.0 0.08433420956134796 0.8007908463478088 0.09185995906591415 0.05219997465610504
0.0 0.08617613464593887 0.8316916227340698 0.09496323019266129 0.05256805568933487
0.0 0.12179777771234512 0.04053644835948944 0.09888193756341934 0.04691372439265251
0.0 0.13401402533054352 0.056933220475912094 0.08765249699354172 0.04252219572663307
0.0 0.13208161294460297 0.07322527468204498 0.09869789332151413 0.04536209627985954
0.0 0.13247664272785187 0.0897933766245842 0.09851386398077011 0.04381048306822777
0.0 0.13346344232559204 0.10800513625144958 0.10080164670944214 0.05020100995898247
0.0 0.12449635565280914 0.13054333627223969 0.10427296906709671 0.05367234721779823
0.0 0.12483902275562286 0.15418575704097748 0.0976983904838562 0.04983293265104294
0.0 0.12631286680698395 0.1881897896528244 0.10656073689460754 0.06006285920739174
0.0 0.13075828552246094 0.21703921258449554 0.10172183066606522 0.05795912817120552
0.0 0.1334553211927414 0.2606290578842163 0.10364153981208801 0.06124642491340637
0.0 0.13812443614006042 0.2942253649234772 0.1053771898150444 0.06298206001520157
0.0 0.13770551979541779 0.35081997513771057 0.10109040141105652 0.06553320586681366
0.0 0.1458856165409088 0.3879796266555786 0.10109041631221771 0.06553320586681366
0.0 0.14715000987052917 0.4502809941768646 0.10711286216974258 0.06471776217222214
0.0 0.14943930506706238 0.49067553877830505 0.10400961339473724 0.06434968113899231
0.0 0.1532151848077774 0.5517013669013977 0.1072968989610672 0.06626936048269272
0.0 0.1554124802350998 0.5928717255592346 0.10227394849061966 0.06261404603719711
0.0 0.16446039080619812 0.6293476223945618 0.10382556915283203 0.06279808282852173
0.0 0.16634197533130646 0.6665468811988831 0.11058416962623596 0.06818903982639313
0.0 0.17657344043254852 0.7063100337982178 0.11058419942855835 0.06818903982639313
0.0 0.1733924150466919 0.739762008190155 0.10382559895515442 0.06279809027910233
0.0 0.3206547200679779 0.042094647884368896 0.11542309820652008 0.07029280066490173
0.0 0.3208799362182617 0.0932585746049881 0.1130559965968132 0.07613122463226318
0.0 0.31826528906822205 0.15509982407093048 0.11744752526283264 0.087360680103302
0.0 0.32503965497016907 0.23064236342906952 0.1247582659125328 0.09740657359361649
0.0 0.3271464705467224 0.31900554895401 0.1258624941110611 0.10671630501747131
0.0 0.32921358942985535 0.4010702967643738 0.13143756985664368 0.11502654105424881
0.0 0.3340555727481842 0.4929048418998718 0.12870238721370697 0.11776169389486313
0.0 0.3416200280189514 0.6015836000442505 0.12870238721370697 0.11776166409254074
0.0 0.35791513323783875 0.6963500380516052 0.13417275249958038 0.11229141801595688
0.0 0.3575628101825714 0.7789145112037659 0.13051737844944 0.10726842284202576
0.0 0.4322129786014557 0.03091323934495449 0.10848042368888855 0.06182647868990898
0.0 0.4296110272407532 0.0786198154091835 0.11479169130325317 0.07786688208580017
0.0 0.4312434792518616 0.13781791925430298 0.11571189016103745 0.08562500774860382
0.0 0.4319034218788147 0.2118484526872635 0.12357469648122787 0.10032577812671661
0.0 0.43364211916923523 0.3033149540424347 0.1343567967414856 0.11384302377700806
0.0 0.4358282685279846 0.40427520871162415 0.13043802976608276 0.11949735879898071
0.0 0.43768593668937683 0.5146372318267822 0.13006994128227234 0.11639409512281418
0.0 0.4495895504951477 0.6198970079421997 0.1337253600358963 0.1214170977473259
0.0 0.45931005477905273 0.7170305252075195 0.1295178383588791 0.11173930019140244
0.0 0.45603859424591064 0.7976753115653992 0.14703311026096344 0.10463793575763702
0.0 0.5231400728225708 0.02264748141169548 0.09633079916238785 0.04529496282339096
0.0 0.5269936919212341 0.04690048098564148 0.09953878074884415 0.06534916907548904
0.0 0.5294670462608337 0.08574343472719193 0.10145846009254456 0.0686364471912384
0.0 0.5293765664100647 0.1329362839460373 0.11205650866031647 0.08060204982757568
0.0 0.53544020652771 0.1879395991563797 0.11818371713161469 0.09356717765331268
0.0 0.5395318269729614 0.2529364824295044 0.12047144025564194 0.09995768219232559
0.0 0.5455827116966248 0.32131263613700867 0.12239114195108414 0.10324496775865555
0.0 0.5449146628379822 0.3999060094356537 0.12057618796825409 0.11373826861381531
0.0 0.5500850677490234 0.4823388457298279 0.11884055286645889 0.11200263351202011
0.0 0.5578590035438538 0.5627202391624451 0.12486303597688675 0.11118718981742859
0.0 0.5650411248207092 0.6414580345153809 0.12175972014665604 0.11081910133361816
0.0 0.5688042640686035 0.715856671333313 0.13051731884479523 0.10726841539144516
0.0 0.5721597075462341 0.787060022354126 0.12512634694576263 0.10050979256629944
0.0 0.6133183240890503 0.028817348182201385 0.09285943955183029 0.047729186713695526
0.0 0.6234704256057739 0.055983465164899826 0.09990686178207397 0.06845241039991379
0.0 0.6255757212638855 0.09792967140674591 0.102010577917099 0.07329132407903671
0.0 0.6309159398078918 0.14576666057109833 0.10137917101383209 0.08086540549993515
0.0 0.6367955207824707 0.2023216038942337 0.10174725204706192 0.0839686319231987
0.0 0.6428067684173584 0.2643992602825165 0.11408088356256485 0.09766992181539536
0.0 0.6475298404693604 0.33733826875686646 0.11636875569820404 0.10406047850847244
0.0 0.6543042063713074 0.4128807783126831 0.12467899173498154 0.10963553190231323
0.0 0.6598426103591919 0.4922102987766266 0.11847247183322906 0.10889934003353119
0.0 0.6616860628128052 0.5695281624794006 0.11655279248952866 0.10561207681894302
0.0 0.6614781618118286 0.644242525100708 0.11636875569820404 0.10406047850847244
0.0 0.6618223786354065 0.7143020033836365 0.11965599656105042 0.10598015040159225
0.0 0.6660979986190796 0.7777472138404846 0.11855176091194153 0.09667043387889862
0.0 0.7006692886352539 0.03524446859955788 0.09504255652427673 0.0403391532599926
0.0 0.706218957901001 0.054784148931503296 0.09041310101747513 0.06579656153917313
0.0 0.7094681262969971 0.09371911734342575 0.10064301639795303 0.07465890049934387
0.0 0.716543972492218 0.14018851518630981 0.10037969052791595 0.08533623069524765
0.0 0.7195044159889221 0.19482377171516418 0.10074777156114578 0.08843948692083359
0.0 0.7288949489593506 0.25494205951690674 0.10540256649255753 0.08899161219596863
0.0 0.7328945398330688 0.3207147419452667 0.10905800014734268 0.09401454031467438
0.0 0.7439160346984863 0.3936140835285187 0.10979416221380234 0.10022106021642685
0.0 0.7488626837730408 0.47130000591278076 0.10805851966142654 0.09848536550998688
0.0 0.7469191551208496 0.5473819375038147 0.11016224324703217 0.10332431644201279
0.0 0.7514581680297852 0.6218725442886353 0.12047143280506134 0.0999576672911644
0.0 0.7481073141098022 0.6899203062057495 0.1194719597697258 0.10442855209112167
0.0 0.75018709897995 0.7586122155189514 0.11252927780151367 0.09748587012290955
0.0 0.7972380518913269 0.04355164244771004 0.10051292181015015 0.034868817776441574
0.0 0.803155779838562 0.059988074004650116 0.1072968989610672 0.06626936048269272
0.0 0.8038934469223022 0.10019861906766891 0.10840113461017609 0.07557910680770874
0.0 0.8104695677757263 0.14424856007099152 0.1068495362997055 0.07539507746696472
0.0 0.8145738840103149 0.19587257504463196 0.1145283654332161 0.08854421228170395
0.0 0.818625807762146 0.25457093119621277 0.10868992656469345 0.09091129899024963
0.0 0.8241769671440125 0.3205276429653168 0.11060959845781326 0.09419857710599899
0.0 0.8334231376647949 0.388496071100235 0.10321956127882004 0.09638164192438126
0.0 0.8339910507202148 0.4633024334907532 0.10669083893299103 0.09985297173261642
0.0 0.8363866209983826 0.5359653830528259 0.1111617162823677 0.09885343164205551
0.0 0.842873752117157 0.6736252307891846 0.11426492035388947 0.09922150522470474
0.0 0.8412585854530334 0.7403053641319275 0.11297664791345596 0.08836019039154053
0.0 0.840018093585968 0.6048412919044495 0.11308140307664871 0.10214079171419144
