0.0 0.05154340714216232 0.9680117964744568 0.01878019981086254 0.0639764592051506
0.0 0.0713157132267952 0.968286395072937 0.026808297261595726 0.06342723965644836
0.0 0.08785293996334076 0.968799352645874 0.028366245329380035 0.062401287257671356
0.0 0.116794154047966 0.9672478437423706 0.03183969855308533 0.06550434231758118
0.0 0.1360301375389099 0.965723991394043 0.031601328402757645 0.06855203211307526
0.0 0.1737784445285797 0.9665711522102356 0.03471721336245537 0.06685768067836761
0.0 0.1977478563785553 0.9644790291786194 0.03471720591187477 0.07104193419218063
0.0 0.24131081998348236 0.9631105661392212 0.039152707904577255 0.07377882301807404
0.0 0.2701328694820404 0.9619783759117126 0.04071065038442612 0.0760432705283165
0.0 0.324120432138443 0.961480438709259 0.04071066528558731 0.07703911513090134
0.0 0.3589954972267151 0.9592414498329163 0.04682324081659317 0.0815170407295227
0.0 0.4194532334804535 0.9589542746543884 0.04406493157148361 0.08209141343832016
0.0 0.4579847753047943 0.9545289278030396 0.043826572597026825 0.08698957413434982
0.0 0.5195237398147583 0.9498212337493896 0.04658487066626549 0.08255404233932495
0.0 0.5593705773353577 0.948340117931366 0.043349843472242355 0.0807577520608902
0.0 0.6076669692993164 0.9446454644203186 0.04562285542488098 0.09022460132837296
0.0 0.6458367109298706 0.9417255520820618 0.044184111058712006 0.09166334569454193
0.0 0.6824484467506409 0.9389247894287109 0.04082978516817093 0.08830912411212921
0.0 0.7165445685386658 0.9339658617973328 0.040710605680942535 0.08675120025873184
0.0 0.7487847208976746 0.9252312183380127 0.0375947542488575 0.08651284128427505
0.0 0.7812632918357849 0.9196125268936157 0.034359727054834366 0.0847165584564209
0.0 0.8087104558944702 0.9096775650978088 0.03447890654206276 0.08627448230981827
0.0 0.8398694396018982 0.9072939157485962 0.034717265516519547 0.0893903374671936
0.0 0.04852576181292534 0.8871269822120667 0.02740420587360859 0.09502623975276947
0.0 0.06404994428157806 0.8749699592590332 0.02489280141890049 0.08244342356920242
0.0 0.08058717101812363 0.8760554790496826 0.02584625408053398 0.09490706026554108
0.0 0.0970052182674408 0.8755830526351929 0.02428831160068512 0.09478787332773209
0.0 0.11570059508085251 0.8741528391838074 0.030520102009177208 0.09526459872722626
0.0 0.1382865458726883 0.8826109766960144 0.0323164165019989 0.09849963337182999
0.0 0.16171535849571228 0.8816022276878357 0.03028174303472042 0.09214875102043152
0.0 0.19604980945587158 0.8797591924667358 0.03854820132255554 0.09897635877132416
0.0 0.22463348507881165 0.874438464641571 0.03807148337364197 0.09274466335773468
0.0 0.2682560086250305 0.8711013793945312 0.04142574965953827 0.0960988700389862
0.0 0.30157312750816345 0.8662021160125732 0.04310285300016403 0.09777597337961197
0.0 0.3578976094722748 0.8650274276733398 0.044303297996520996 0.09322138875722885
0.0 0.39481163024902344 0.855935275554657 0.047419145703315735 0.09345974773168564
0.0 0.4573083221912384 0.8535049557685852 0.04478001594543457 0.09945308417081833
0.0 0.49781498312950134 0.8504062294960022 0.04454165697097778 0.09633723646402359
0.0 0.5585749745368958 0.8457581400871277 0.04789586365222931 0.09969144314527512
0.0 0.5998606085777283 0.8425998091697693 0.04274537414312363 0.09310220927000046
0.0 0.6359360218048096 0.832788348197937 0.04454165697097778 0.09633723646402359
0.0 0.6733267903327942 0.8299279808998108 0.04501838609576225 0.10256905108690262
0.0 0.7124585509300232 0.8190991282463074 0.04501838609576225 0.10256905108690262
0.0 0.7463716268539429 0.8219895362854004 0.042983733117580414 0.0962180569767952
0.0 0.04585330933332443 0.6883141398429871 0.04849179461598396 0.10748118907213211
0.0 0.0966653972864151 0.686777651309967 0.05436604842543602 0.10328413546085358
0.0 0.15868107974529266 0.6883017420768738 0.06539086997509003 0.1056763306260109
0.0 0.2340627759695053 0.6801846027374268 0.07509608566761017 0.11106531322002411
0.0 0.322325199842453 0.6765667200088501 0.08420544117689133 0.10866443067789078
0.0 0.40429621934890747 0.6726465821266174 0.0923527330160141 0.1139342337846756
0.0 0.49627476930618286 0.6663938760757446 0.09511103481054306 0.10949870198965073
0.0 0.604433000087738 0.6565528512001038 0.09511103481054306 0.10949870198965073
0.0 0.6994125247001648 0.6383175253868103 0.08791720122098923 0.11669253557920456
0.0 0.781562328338623 0.6367343664169312 0.08312425017356873 0.11477707326412201
0.0 0.03187903016805649 0.5773380398750305 0.04178328067064285 0.10077273100614548
0.0 0.07975399494171143 0.578376829624176 0.05604317784309387 0.10496124625205994
0.0 0.13913479447364807 0.5761848092079163 0.06371374428272247 0.10399922728538513
0.0 0.21337568759918213 0.5736395716667175 0.0779736265540123 0.1081877052783966
0.0 0.30481359362602234 0.5705623626708984 0.08947518467903137 0.11681171506643295
0.0 0.4055396020412445 0.5659910440444946 0.09523021429777145 0.1110566258430481
0.0 0.51573246717453 0.5622625946998596 0.09211436659097672 0.11081826686859131
0.0 0.6211962103843689 0.5479265451431274 0.09858454763889313 0.11441095918416977
0.0 0.7174910306930542 0.5366424322128296 0.08911758661270142 0.11213794350624084
0.0 0.7983212471008301 0.5382943153381348 0.07832260429859161 0.13299569487571716
0.0 0.019454099237918854 0.4866151511669159 0.031601324677467346 0.08915197104215622
0.0 0.046539418399333954 0.4821925461292267 0.04718079790472984 0.09034378081560135
0.0 0.08542852848768234 0.4784340560436249 0.05029670149087906 0.09058214724063873
0.0 0.1324053257703781 0.4779745042324066 0.060359470546245575 0.10064495354890823
0.0 0.1874741166830063 0.47062769532203674 0.07306140661239624 0.10471431165933609
0.0 0.2521289587020874 0.46568164229393005 0.07929320633411407 0.10519103705883026
0.0 0.32049989700317383 0.4581007659435272 0.08097035437822342 0.10686814785003662
0.0 0.39875486493110657 0.4568155109882355 0.09295720607042313 0.10158978402614594
0.0 0.48132607340812683 0.45049890875816345 0.09139927476644516 0.10147060453891754
0.0 0.5613220930099487 0.4412451684474945 0.09187600761651993 0.10770241916179657
0.0 0.6397600769996643 0.43211063742637634 0.09007971733808517 0.10446733236312866
0.0 0.7146011590957642 0.4271688759326935 0.0846821740269661 0.1148962527513504
0.0 0.7855473756790161 0.4225251376628876 0.07653488963842392 0.10962650924921036
0.0 0.021110298112034798 0.3955986797809601 0.040710654109716415 0.08675120770931244
0.0 0.05401026830077171 0.38524654507637024 0.05029670149087906 0.09058214724063873
0.0 0.09529589116573334 0.38208824396133423 0.05341259390115738 0.09082050621509552
0.0 0.1434135138988495 0.3760567009449005 0.06252192705869675 0.08841974288225174
0.0 0.19932086765766144 0.36942926049232483 0.06563780456781387 0.08865810930728912
0.0 0.261400431394577 0.3615460693836212 0.07725854218006134 0.09884004294872284
0.0 0.3346239924430847 0.35594457387924194 0.08349035680294037 0.09931676834821701
0.0 0.41000568866729736 0.34782734513282776 0.08720211684703827 0.1073448657989502
0.0 0.4893418252468109 0.34019115567207336 0.08828333765268326 0.10123223811388016
0.0 0.5666390657424927 0.33662858605384827 0.08504828065633774 0.0994359478354454
0.0 0.6409991383552551 0.3356413245201111 0.08349035680294037 0.09931676834821701
0.0 0.7114047408103943 0.3341730535030365 0.08528664708137512 0.10255185514688492
0.0 0.7744420170783997 0.3285672068595886 0.07605816423892975 0.10339469462633133
0.0 0.021650293841958046 0.3071574866771698 0.04330058768391609 0.08722791820764542
0.0 0.05080955848097801 0.3024369478225708 0.0495816171169281 0.08123447746038437
0.0 0.0896986722946167 0.2986784279346466 0.05629013478755951 0.08794300258159637
0.0 0.1360795646905899 0.29042914509773254 0.06539945304393768 0.08554220199584961
0.0 0.19060774147510529 0.286257803440094 0.0685153529047966 0.0857805609703064
0.0 0.25017160177230835 0.2762164771556854 0.07210798561573029 0.09225069731473923
0.0 0.31632480025291443 0.27037230134010315 0.0752238929271698 0.09248906373977661
0.0 0.38907164335250854 0.25853896141052246 0.08145564794540405 0.09296578168869019
0.0 0.46613043546676636 0.25186052918434143 0.0798976942896843 0.09284660220146179
0.0 0.5421677231788635 0.252312034368515 0.08457155525684357 0.09320414811372757
0.0 0.6168895959854126 0.24581237137317657 0.07929319143295288 0.10519102215766907
0.0 0.6852562427520752 0.2484177201986313 0.08372872322797775 0.10243267565965652
0.0 0.7539251446723938 0.24473167955875397 0.07546225190162659 0.09560495615005493
0.0 0.0074373758397996426 0.21703055500984192 0.014874751679599285 0.09526459872722626
0.0 0.023227570578455925 0.21056899428367615 0.04645514115691185 0.09657559543848038
0.0 0.05282759293913841 0.20590804517269135 0.049334656447172165 0.09825272858142853
0.0 0.09423239529132843 0.2043076753616333 0.05400850251317024 0.0986102744936943
0.0 0.1383359581232071 0.1970161348581314 0.055447276681661606 0.09717150777578354
0.0 0.18962906301021576 0.19152520596981049 0.06659125536680222 0.10112165659666061
0.0 0.24799253046512604 0.18627692759037018 0.07234634459018707 0.09536659717559814
0.0 0.3140861392021179 0.17965376377105713 0.07546225190162659 0.09560496360063553
0.0 0.38221871852874756 0.16895698010921478 0.07786301523447037 0.08649563044309616
0.0 0.4564596116542816 0.16641175746917725 0.08121728897094727 0.08984988927841187
0.0 0.5290829539299011 0.16320674121379852 0.07857810705900192 0.09584332257509232
0.0 0.6670209169387817 0.15343816578388214 0.07881646603345871 0.09895922243595123
0.0 0.7336508631706238 0.1538257896900177 0.06803005933761597 0.09968291223049164
0.0 0.5984116792678833 0.15790316462516785 0.08325199782848358 0.0962008684873581
