0.0 0.004386484622955322 0.8855854272842407 0.008772969245910645 0.09126698970794678
0.0 0.012782037258148193 0.888353168964386 0.025564074516296387 0.09370899200439453
0.0 0.029401183128356934 0.8917979001998901 0.05463576316833496 0.09569978713989258
0.0 0.048071980476379395 0.8936886787414551 0.05640459060668945 0.09746837615966797
0.0 0.08496946096420288 0.9005634784698486 0.05750715732574463 0.09459710121154785
0.0 0.10993784666061401 0.9025688767433167 0.05795121192932129 0.09769046306610107
0.0 0.15258169174194336 0.9079007506370544 0.06236898899078369 0.09680986404418945
0.0 0.18119466304779053 0.9120078682899475 0.06413781642913818 0.09857845306396484
0.0 0.23521631956100464 0.9205514192581177 0.06413781642913818 0.09857845306396484
0.0 0.2694646120071411 0.9238889217376709 0.07010233402252197 0.09791982173919678
0.0 0.3294508457183838 0.9348670840263367 0.06700897216796875 0.09747588634490967
0.0 0.36789870262145996 0.9364396333694458 0.06723105907440186 0.0990225076675415
0.0 0.4291023015975952 0.9444355368614197 0.06656503677368164 0.09438252449035645
0.0 0.4690931439399719 0.9517543911933899 0.06324970722198486 0.09239184856414795
0.0 0.5173722505569458 0.9529604911804199 0.06899964809417725 0.09407901763916016
0.0 0.5555981397628784 0.9553489089012146 0.06700897216796875 0.0893021821975708
0.0 0.5913930535316467 0.9584551453590393 0.06170308589935303 0.08308970928192139
0.0 0.625752329826355 0.9601238965988159 0.06148099899291992 0.07975220680236816
0.0 0.6597822904586792 0.9595282077789307 0.05860978364944458 0.08094358444213867
0.0 0.6925948858261108 0.9611968994140625 0.0552944540977478 0.077606201171875
0.0 0.7199978828430176 0.9580018520355225 0.057507097721099854 0.08399629592895508
0.0 0.7519261837005615 0.9591174125671387 0.05772918462753296 0.08176517486572266
0.0 0.0032597780227661133 0.7893528938293457 0.0065195560455322266 0.0965656042098999
0.0 0.010166049003601074 0.7801876664161682 0.02033209800720215 0.0877370834350586
0.0 0.019392311573028564 0.7838433980941772 0.03878462314605713 0.10099828243255615
0.0 0.03024470806121826 0.7869477868080139 0.04779052734375 0.10077619552612305
0.0 0.048804521560668945 0.7896118760108948 0.05419921875 0.10321104526519775
0.0 0.0690145492553711 0.802773118019104 0.056189894676208496 0.10652625560760498
0.0 0.09221428632736206 0.8061032295227051 0.05375516414642334 0.10011768341064453
0.0 0.1262405514717102 0.8109873533248901 0.06414508819580078 0.10918295383453369
0.0 0.15540850162506104 0.8112278580665588 0.061710476875305176 0.10277426242828369
0.0 0.1988256573677063 0.8166707158088684 0.06524777412414551 0.10631167888641357
0.0 0.23241162300109863 0.8191239237785339 0.067238450050354 0.1096268892288208
0.0 0.2870956063270569 0.8285517692565918 0.06966567039489746 0.10543107986450195
0.0 0.32587647438049316 0.8278042674064636 0.0712122917175293 0.10565304756164551
0.0 0.3867470622062683 0.8381202220916748 0.07055366039276123 0.1116175651550293
0.0 0.42784422636032104 0.8432300686836243 0.06856310367584229 0.10830235481262207
0.0 0.48838549852371216 0.8503416180610657 0.07364702224731445 0.11206161975860596
0.0 0.5294827222824097 0.8554514646530151 0.06657248735427856 0.10498702526092529
0.0 0.5660545825958252 0.8535976409912109 0.06856304407119751 0.10830235481262207
0.0 0.6040585041046143 0.8582634925842285 0.07099771499633789 0.11471092700958252
0.0 0.6448299884796143 0.854644775390625 0.07099771499633789 0.11471092700958252
0.0 0.6773059368133545 0.8648311495780945 0.0670163631439209 0.10808026790618896
0.0 0.027965426445007324 0.5935909152030945 0.05593085289001465 0.11957275867462158
0.0 0.06782299280166626 0.6021307706832886 0.08027756214141846 0.11604297161102295
0.0 0.12813860177993774 0.6163132786750793 0.09331679344177246 0.12245893478393555
0.0 0.20370596647262573 0.6232139468193054 0.10348474979400635 0.12997758388519287
0.0 0.2908695936203003 0.63730388879776 0.11254262924194336 0.12976300716400146
0.0 0.37195760011672974 0.6497325897216797 0.12116384506225586 0.13705956935882568
0.0 0.46332085132598877 0.6620575785636902 0.12381315231323242 0.13441026210784912
0.0 0.5705945491790771 0.673509418964386 0.12381315231323242 0.13441026210784912
0.0 0.6673784255981445 0.6755629181861877 0.11851459741592407 0.13970887660980225
0.0 0.7481334805488586 0.6903115510940552 0.11188399791717529 0.13572752475738525
0.0 0.029824674129486084 0.48167356848716736 0.05964934825897217 0.11117357015609741
0.0 0.0725368857383728 0.49231135845184326 0.08381497859954834 0.1195802390575409
0.0 0.1310875415802002 0.5022942423820496 0.09000158309936523 0.12046825885772705
0.0 0.20510464906692505 0.5144971609115601 0.10635602474212646 0.12887492775917053
0.0 0.2944771647453308 0.5296935439109802 0.12006127834320068 0.1399308443069458
0.0 0.3939029574394226 0.5463328957557678 0.12403523921966553 0.1359570026397705
0.0 0.5033819675445557 0.5644152760505676 0.12071985006332397 0.13396620750427246
0.0 0.6088906526565552 0.5716674327850342 0.12757247686386108 0.13949429988861084
0.0 0.7055598497390747 0.5800185799598694 0.11784857511520386 0.13506901264190674
0.0 0.785097599029541 0.5977494716644287 0.11300140619277954 0.15406525135040283
0.0 0.03183555603027344 0.3909689486026764 0.054857850074768066 0.09724634885787964
0.0 0.059345901012420654 0.39176076650619507 0.07076823711395264 0.10255974531173706
0.0 0.09823411703109741 0.3957642614841461 0.07386171817779541 0.10300374031066895
0.0 0.14418953657150269 0.4055177569389343 0.08646416664123535 0.1169310212135315
0.0 0.19898825883865356 0.4086480140686035 0.09950339794158936 0.12334698438644409
0.0 0.2640584707260132 0.41719895601272583 0.10591208934783936 0.12578165531158447
0.0 0.3326660394668579 0.4231005907058716 0.10768067836761475 0.12755030393600464
0.0 0.4095543622970581 0.43729421496391296 0.11960983276367188 0.1262330412864685
0.0 0.4916377365589142 0.4482871890068054 0.11629456281661987 0.1242423951625824
0.0 0.5719560980796814 0.4550805687904358 0.11872923374176025 0.13065099716186523
0.0 0.6508388519287109 0.4608786106109619 0.11673855781555176 0.12733566761016846
0.0 0.7250779271125793 0.4715348780155182 0.11343061923980713 0.13594955205917358
0.0 0.7954503893852234 0.4816362261772156 0.10503137111663818 0.1301995813846588
0.0 0.051782846450805664 0.30148908495903015 0.06413781642913818 0.09857845306396484
0.0 0.08614581823348999 0.2985289692878723 0.07386171817779541 0.10300374031066895
0.0 0.1264696717262268 0.30352783203125 0.07850158214569092 0.10366976261138916
0.0 0.17563313245773315 0.30742770433425903 0.08623480796813965 0.10477977991104126
0.0 0.2310941219329834 0.3114423155784607 0.08932816982269287 0.10522377490997314
0.0 0.2942883372306824 0.31656694412231445 0.10193073749542236 0.1191510558128357
0.0 0.3663185238838196 0.3261169195175171 0.10811734199523926 0.12003910541534424
0.0 0.44188588857650757 0.33301758766174316 0.11386728286743164 0.12843835353851318
0.0 0.5219823122024536 0.34135758876800537 0.11320126056671143 0.12379837036132812
0.0 0.5975460410118103 0.3537825345993042 0.10966384410858154 0.12026107311248779
0.0 0.6705678105354309 0.36742112040519714 0.10811722278594971 0.12003910541534424
0.0 0.7406072616577148 0.3798424005508423 0.11165463924407959 0.1235763430595398
0.0 0.8026951551437378 0.387175977230072 0.1025967001914978 0.12379097938537598
0.0 0.06819283962249756 0.21465852856636047 0.07032430171966553 0.09946645796298981
0.0 0.09945881366729736 0.21677866578102112 0.06943631172180176 0.09327983856201172
0.0 0.13834697008132935 0.22078216075897217 0.0800483226776123 0.10389178991317749
0.0 0.18563443422317505 0.22125576436519623 0.08733749389648438 0.10190853476524353
0.0 0.2397671341896057 0.2290259748697281 0.09043073654174805 0.10235252976417542
0.0 0.2995387315750122 0.23050227761268616 0.09618079662322998 0.11075180768966675
0.0 0.366266667842865 0.2385018914937973 0.09949600696563721 0.11274245381355286
0.0 0.43929576873779297 0.24109193682670593 0.1056826114654541 0.11363047361373901
0.0 0.5168501734733582 0.25064557790756226 0.10413599014282227 0.11340846121311188
0.0 0.591196596622467 0.26605284214019775 0.10877597332000732 0.1140744686126709
0.0 0.6657687425613403 0.2743891775608063 0.10591202974319458 0.1257816106081009
0.0 0.7312755584716797 0.2908953130245209 0.11010795831680298 0.12335437536239624
0.0 0.8001013994216919 0.30077460408210754 0.09994000196456909 0.11583574116230011
0.0 0.06814467906951904 0.12151922285556793 0.05110597610473633 0.1027669906616211
0.0 0.08957946300506592 0.12064968794584274 0.07165634632110596 0.10874633491039276
0.0 0.1209564208984375 0.12199652194976807 0.0734250545501709 0.11051500588655472
0.0 0.16172057390213013 0.12942633032798767 0.0780649185180664 0.11118102073669434
0.0 0.20569276809692383 0.13100256025791168 0.07938957214355469 0.10985636711120605
0.0 0.2570651173591614 0.13600876927375793 0.09419739246368408 0.1180410087108612
0.0 0.3153974413871765 0.1420140415430069 0.09662473201751709 0.1138450875878334
0.0 0.3822362422943115 0.14924034476280212 0.09994006156921387 0.1158357560634613
0.0 0.4505144953727722 0.15193767845630646 0.10015463829040527 0.1067778691649437
0.0 0.5244206190109253 0.16491395235061646 0.10523861646652222 0.11053717881441116
0.0 0.5962287187576294 0.17601056396961212 0.10303330421447754 0.11627975106239319
0.0 0.7325557470321655 0.1940004527568817 0.1034773588180542 0.11937303841114044
0.0 0.7976222634315491 0.2080756574869156 0.09242880344390869 0.11627236008644104
0.0 0.6652765870094299 0.18434318900108337 0.1076732873916626 0.1169457733631134
