0.0 0.988727867603302 0.11091853678226471 0.022544264793395996 0.03119584172964096
0.0 0.9879226684570312 0.13344886898994446 0.024154603481292725 0.03812825679779053
0.0 0.9871175289154053 0.1516464501619339 0.025764882564544678 0.03986135125160217
0.0 0.9838969707489014 0.18370884656906128 0.03220611810684204 0.0450606644153595
0.0 0.9814814925193787 0.2045060694217682 0.037037014961242676 0.0450606644153595
0.0 0.9806762933731079 0.246100515127182 0.038647353649139404 0.048526838421821594
0.0 0.977455735206604 0.2712304890155792 0.04508858919143677 0.04679375886917114
0.0 0.9734299182891846 0.3188908100128174 0.053140103816986084 0.05199307203292847
0.0 0.9710144996643066 0.35095319151878357 0.05797100067138672 0.053726136684417725
0.0 0.967793881893158 0.410745233297348 0.06441223621368408 0.05545926094055176
0.0 0.9629629850387573 0.44800692796707153 0.07407408952713013 0.06065857410430908
0.0 0.9597423672676086 0.5147314071655273 0.08051526546478271 0.058925509452819824
0.0 0.954911470413208 0.5571924448013306 0.09017711877822876 0.057192444801330566
0.0 0.9444444179534912 0.6247833371162415 0.0885668396949768 0.06065857410430908
0.0 0.9388083815574646 0.6689774394035339 0.08695650100708008 0.05545926094055176
0.0 0.9299516677856445 0.7218371033668518 0.09661835432052612 0.06065857410430908
0.0 0.9227052927017212 0.7634315490722656 0.09661835432052612 0.057192444801330566
0.0 0.9162640571594238 0.8032928705215454 0.09339779615402222 0.0537261962890625
0.0 0.9082125425338745 0.8405545949935913 0.09178739786148071 0.05545926094055176
0.0 0.8953301310539246 0.8752166628837585 0.09178745746612549 0.050259947776794434
0.0 0.8864734172821045 0.9107452034950256 0.08856678009033203 0.04679369926452637
0.0 0.8735909461975098 0.9402079582214355 0.09017711877822876 0.04679369926452637
0.0 0.8679549098014832 0.9740034937858582 0.09339773654937744 0.04679369926452637
0.0 0.9275362491607666 0.09792027622461319 0.09822863340377808 0.03986135125160217
0.0 0.9130434989929199 0.11438475549221039 0.08695650100708008 0.03639513999223709
0.0 0.9130434989929199 0.13258232176303864 0.09822863340377808 0.03812824934720993
0.0 0.9106280207633972 0.15077988803386688 0.09822869300842285 0.03639516234397888
0.0 0.9074074029922485 0.17071057856082916 0.0998389720916748 0.043327540159225464
0.0 0.9138486385345459 0.1967071145772934 0.10305953025817871 0.04679378867149353
0.0 0.9106280207633972 0.22270365059375763 0.09661829471588135 0.043327540159225464
0.0 0.9049919843673706 0.25996533036231995 0.10466986894607544 0.05372615158557892
0.0 0.8969404101371765 0.2911611795425415 0.0998389720916748 0.05199307203292847
0.0 0.8888888359069824 0.3388214707374573 0.10144931077957153 0.05545926094055176
0.0 0.8800321817398071 0.37521663308143616 0.10305958986282349 0.05719238519668579
0.0 0.8735909461975098 0.4376083314418793 0.09822863340377808 0.06065857410430908
0.0 0.8607085347175598 0.47746968269348145 0.09822869300842285 0.06065860390663147
0.0 0.8518518209457397 0.5459272265434265 0.10466986894607544 0.058925509452819824
0.0 0.8446054458618164 0.590121328830719 0.10144931077957153 0.058925509452819824
0.0 0.8333333134651184 0.6568458080291748 0.10466992855072021 0.06065857410430908
0.0 0.8260869979858398 0.7019063830375671 0.09983891248703003 0.057192444801330566
0.0 0.8123993873596191 0.7409012317657471 0.10144925117492676 0.057192444801330566
0.0 0.805958092212677 0.7816290855407715 0.10789048671722412 0.06239163875579834
0.0 0.7906602621078491 0.8240901231765747 0.1078905463218689 0.06239163875579834
0.0 0.7898550629615784 0.8613518476486206 0.10144937038421631 0.057192444801330566
0.0 0.7238325476646423 0.0736568421125412 0.11272144317626953 0.06412477791309357
0.0 0.717391312122345 0.12998266518115997 0.10950076580047607 0.07105720043182373
0.0 0.7125604152679443 0.19844020903110504 0.11272138357162476 0.08318892121315002
0.0 0.6964573264122009 0.28076258301734924 0.1191626787185669 0.09358751773834229
0.0 0.683574914932251 0.3778162896633148 0.11916261911392212 0.10398614406585693
0.0 0.6714975833892822 0.4679376184940338 0.1239936351776123 0.11265164613723755
0.0 0.6553944945335388 0.5684574842453003 0.12077295780181885 0.11611783504486084
0.0 0.6344605088233948 0.6871750950813293 0.12077295780181885 0.11611783504486084
0.0 0.6062802076339722 0.7894280552864075 0.1272141933441162 0.10918545722961426
0.0 0.5966184139251709 0.8804159164428711 0.12399357557296753 0.10398614406585693
0.0 0.6111111044883728 0.04592721164226532 0.10628020763397217 0.0571923702955246
0.0 0.6078904867172241 0.09965337812900543 0.11111116409301758 0.07279029488563538
0.0 0.5990338325500488 0.16464471817016602 0.11111116409301758 0.08145581930875778
0.0 0.5893719792366028 0.246100515127182 0.11755239963531494 0.09705372154712677
0.0 0.5764895677566528 0.34662044048309326 0.1272141933441162 0.11091858148574829
0.0 0.5619967579841614 0.45753899216651917 0.1223832368850708 0.11785095930099487
0.0 0.5466988682746887 0.5788561701774597 0.1223832368850708 0.11438477039337158
0.0 0.52173912525177 0.6932408809661865 0.12560385465621948 0.1195840835571289
0.0 0.5 0.7989600896835327 0.1223832368850708 0.10918545722961426
0.0 0.49355876445770264 0.8882148861885071 0.1417069435119629 0.09878683090209961
0.0 0.5193237066268921 0.02253032848238945 0.09500807523727417 0.0450606569647789
0.0 0.5120773315429688 0.05199306830763817 0.09661835432052612 0.06065858155488968
0.0 0.5048309564590454 0.0944540724158287 0.09822863340377808 0.06412477791309357
0.0 0.499194860458374 0.14644713699817657 0.10789048671722412 0.07625648379325867
0.0 0.4863123893737793 0.20623916387557983 0.11272144317626953 0.090121328830719
0.0 0.47423505783081055 0.27729636430740356 0.11433172225952148 0.09705370664596558
0.0 0.45974236726760864 0.3518197536468506 0.11594200134277344 0.10051989555358887
0.0 0.45088571310043335 0.4384748637676239 0.11272144317626953 0.11265164613723755
0.0 0.4355877637863159 0.5285961627960205 0.11111116409301758 0.1109185516834259
0.0 0.41787439584732056 0.6161178350448608 0.11755239963531494 0.10918545722961426
0.0 0.40096616744995117 0.7019063830375671 0.11433172225952148 0.10918545722961426
0.0 0.3880837559700012 0.7833622097969055 0.12399351596832275 0.10398614406585693
0.0 0.37600642442703247 0.8613518476486206 0.1191626787185669 0.0970536470413208
0.0 0.4259259104728699 0.020797228440642357 0.09178733825683594 0.041594456881284714
0.0 0.41223829984664917 0.049393411725759506 0.09661829471588135 0.06412478536367416
0.0 0.40499192476272583 0.09532062709331512 0.09822869300842285 0.06932409852743149
0.0 0.39371979236602783 0.1473136842250824 0.0966184139251709 0.0779896080493927
0.0 0.3808373212814331 0.2088388204574585 0.0966184139251709 0.08145579695701599
0.0 0.3671497702598572 0.27642980217933655 0.10789048671722412 0.09532064199447632
0.0 0.3534621596336365 0.3561525046825409 0.10950088500976562 0.10225307941436768
0.0 0.33735907077789307 0.4384748637676239 0.11755239963531494 0.10745233297348022
0.0 0.3220612406730652 0.5251299738883972 0.11111116409301758 0.10745230317115784
0.0 0.3107890486717224 0.6100519895553589 0.10950088500976562 0.10398614406585693
0.0 0.3019323945045471 0.6923743486404419 0.10950088500976562 0.10225307941436768
0.0 0.29307568073272705 0.7694974541664124 0.11272144317626953 0.10398614406585693
0.0 0.2809983491897583 0.838821530342102 0.11272144317626953 0.09358751773834229
0.0 0.3357487916946411 0.0164644718170166 0.09500813484191895 0.0329289436340332
0.0 0.3276972770690918 0.03726169839501381 0.08695650100708008 0.062391676008701324
0.0 0.3196457624435425 0.07972270250320435 0.0966184139251709 0.07105718553066254
0.0 0.30676329135894775 0.12998266518115997 0.09500813484191895 0.08318891376256943
0.0 0.2971014380455017 0.18977469205856323 0.0950080156326294 0.08665511012077332
0.0 0.2801932096481323 0.254766047000885 0.0998389720916748 0.0866551399230957
0.0 0.26811593770980835 0.32668977975845337 0.10305964946746826 0.09185439348220825
0.0 0.24798709154129028 0.4055459201335907 0.10305964946746826 0.09878683090209961
0.0 0.23349440097808838 0.49046793580055237 0.10144937038421631 0.09705370664596558
0.0 0.22624802589416504 0.5745234489440918 0.10305964946746826 0.10225307941436768
0.0 0.21256035566329956 0.6559791564941406 0.11433172225952148 0.0970536470413208
0.0 0.20772945880889893 0.731369137763977 0.11272144317626953 0.10225307941436768
0.0 0.19726252555847168 0.8067590594291687 0.10628020763397217 0.09532058238983154
0.0 0.2359098196029663 0.012998267076909542 0.10144937038421631 0.025996534153819084
0.0 0.227858304977417 0.03032928891479969 0.10466992855072021 0.06065857782959938
0.0 0.2222222089767456 0.07452340424060822 0.10466992855072021 0.07105720043182373
0.0 0.21014493703842163 0.12218371033668518 0.10305964946746826 0.07105720043182373
0.0 0.1996779441833496 0.17850953340530396 0.10950088500976562 0.08492201566696167
0.0 0.18840575218200684 0.24263429641723633 0.10305964946746826 0.08838818967342377
0.0 0.1747182011604309 0.3145580589771271 0.10466992855072021 0.09185439348220825
0.0 0.15700483322143555 0.3882148861885071 0.0966184139251709 0.09532064199447632
0.0 0.1473429799079895 0.4705372452735901 0.0998389720916748 0.09878683090209961
0.0 0.1360708475112915 0.5502599477767944 0.10466992855072021 0.0970536470413208
0.0 0.11272144317626953 0.7010398507118225 0.10789048671722412 0.0970536470413208
0.0 0.10628020763397217 0.7746967077255249 0.10789048671722412 0.08492207527160645
0.0 0.12399351596832275 0.6256498694419861 0.10628020763397217 0.10052001476287842
