0.0 0.9604050517082214 0.937244713306427 0.07918985188007355 0.023907750844955444
0.0 0.9606751799583435 0.9285271167755127 0.07864969968795776 0.04115776717662811
0.0 0.9593814015388489 0.8995790481567383 0.08123713731765747 0.04455529898405075
0.0 0.9583889842033386 0.8802211880683899 0.08322201669216156 0.04592964053153992
0.0 0.9595931172370911 0.8425092101097107 0.08081376552581787 0.047489363700151443
0.0 0.9580948352813721 0.8184257745742798 0.08381029963493347 0.047489363700151443
0.0 0.9567276239395142 0.7747528553009033 0.08654475212097168 0.05216865614056587
0.0 0.9562370181083679 0.7458511590957642 0.08752599358558655 0.0537283793091774
0.0 0.9565877318382263 0.6918081045150757 0.08682454377412796 0.0537283793091774
0.0 0.9550623297691345 0.656806468963623 0.08987539261579514 0.059874698519706726
0.0 0.9556639194488525 0.5963391065597534 0.08867216110229492 0.05703333020210266
0.0 0.952653169631958 0.5576234459877014 0.09352432191371918 0.0568479485809803
0.0 0.9497716426849365 0.4959670305252075 0.08893772214651108 0.05812959000468254
0.0 0.9505274891853333 0.45600807666778564 0.0871926099061966 0.05491739138960838
0.0 0.9476076364517212 0.40687599778175354 0.09517673403024673 0.05850036442279816
0.0 0.9437768459320068 0.36875486373901367 0.0919644758105278 0.0567551888525486
0.0 0.9416449069976807 0.3328806757926941 0.08709990978240967 0.05335760489106178
0.0 0.9380459189414978 0.2986588776111603 0.08544749766588211 0.05170518904924393
0.0 0.9321536421775818 0.26535603404045105 0.08847425132989883 0.05033084750175476
0.0 0.9286473989486694 0.23269401490688324 0.08516941964626312 0.047025956213474274
0.0 0.9200063943862915 0.20581555366516113 0.089848592877388 0.04730401933193207
0.0 0.9181061387062073 0.1738407164812088 0.09140831232070923 0.04739672318100929
0.0 0.8697172403335571 0.9530836939811707 0.09588616341352463 0.018132321536540985
0.0 0.8599416017532349 0.9466210603713989 0.08589490503072739 0.03308095037937164
0.0 0.8606671690940857 0.9324905872344971 0.09865089505910873 0.038501664996147156
0.0 0.8612072467803955 0.9152407050132751 0.0985582023859024 0.03694194182753563
0.0 0.8600949645042419 0.8965237140655518 0.09892897307872772 0.043180957436561584
0.0 0.8697618246078491 0.8748182058334351 0.10214123874902725 0.04492607340216637
0.0 0.8691512942314148 0.8513756394386292 0.09580952674150467 0.042995575815439224
0.0 0.8686717748641968 0.816968560218811 0.10563145577907562 0.05135047435760498
0.0 0.8646173477172852 0.7882522344589233 0.09939244389533997 0.050979699939489365
0.0 0.8628017902374268 0.7445329427719116 0.10269739478826523 0.05428453907370567
0.0 0.8592491745948792 0.7110909819602966 0.10434980690479279 0.05593695491552353
0.0 0.8598116040229797 0.6547083854675293 0.09985590726137161 0.058778438717126846
0.0 0.8521277904510498 0.617598831653595 0.09994859993457794 0.06033816561102867
0.0 0.8523194193840027 0.5549771785736084 0.10600223392248154 0.057589489966630936
0.0 0.8499094247817993 0.5144237279891968 0.10288278758525848 0.05740410462021828
0.0 0.8478541374206543 0.4535008668899536 0.1061876118183136 0.0607089102268219
0.0 0.8453977704048157 0.4121675491333008 0.09967052191495895 0.05565893277525902
0.0 0.837760329246521 0.37583789229393005 0.10288278013467789 0.0574040487408638
0.0 0.8355357050895691 0.33840394020080566 0.10921449214220047 0.05933460593223572
0.0 0.8261067867279053 0.2982676029205322 0.10921449214220047 0.05933460593223572
0.0 0.8303992748260498 0.2651421129703522 0.10279008746147156 0.055844321846961975
0.0 0.6720383167266846 0.9585704207420349 0.11398635804653168 0.061172403395175934
0.0 0.6730178594589233 0.9092066287994385 0.10977064818143845 0.06869307160377502
0.0 0.6763753890991211 0.8471794128417969 0.11519137024879456 0.08144918084144592
0.0 0.6710999011993408 0.7715780138969421 0.12042682617902756 0.09108572453260422
0.0 0.6705419421195984 0.6831741333007812 0.12098298221826553 0.10044419020414352
0.0 0.6688414216041565 0.6018819212913513 0.12612561881542206 0.1085210070014
0.0 0.6656657457351685 0.5089378356933594 0.12319155782461166 0.11145510524511337
0.0 0.6600497364997864 0.401268869638443 0.12319155782461166 0.11145513504743576
0.0 0.6449443101882935 0.30512064695358276 0.12896710634231567 0.1040271669626236
0.0 0.6463632583618164 0.2236429750919342 0.12712930142879486 0.09925522655248642
0.0 0.5608407258987427 0.9706571102142334 0.1073765978217125 0.05456261709332466
0.0 0.5634727478027344 0.9227603673934937 0.11151576042175293 0.0719052106142044
0.0 0.5638498067855835 0.8632582426071167 0.11344625800848007 0.07823691517114639
0.0 0.563346266746521 0.7889384627342224 0.119052454829216 0.09411247819662094
0.0 0.5633827447891235 0.6973687410354614 0.1290598064661026 0.1055869460105896
0.0 0.5628632307052612 0.5964406132698059 0.12475127726793289 0.11154776066541672
0.0 0.5625672936439514 0.48610755801200867 0.123006172478199 0.10833559185266495
0.0 0.5523647665977478 0.3802764117717743 0.12805621325969696 0.11485271900892258
0.0 0.5442782044410706 0.2837110757827759 0.12438050657510757 0.10530880838632584
0.0 0.5488629341125488 0.20282788574695587 0.1441011279821396 0.09715532511472702
0.0 0.46982723474502563 0.9788970351219177 0.09278271347284317 0.042205918580293655
0.0 0.46664535999298096 0.9527761340141296 0.09682915359735489 0.06015278026461601
0.0 0.4635481536388397 0.9138287901878357 0.09701453894376755 0.06327223032712936
0.0 0.4654465913772583 0.8667582869529724 0.11004867404699326 0.07337235659360886
0.0 0.4598163664340973 0.8115262389183044 0.11400241404771805 0.0875953808426857
0.0 0.45752933621406555 0.7467039823532104 0.11593291163444519 0.09392709285020828
0.0 0.45189109444618225 0.6781678199768066 0.11758539080619812 0.09557951241731644
0.0 0.45271554589271545 0.5998559594154358 0.1151147112250328 0.10631243139505386
0.0 0.45014241337776184 0.5170503258705139 0.11346232146024704 0.10465998947620392
0.0 0.4437626302242279 0.436036080121994 0.11979397386312485 0.10659050941467285
0.0 0.43674200773239136 0.357407808303833 0.11658176779747009 0.10484533756971359
0.0 0.43467867374420166 0.28318074345588684 0.127221941947937 0.10081496089696884
0.0 0.4328007400035858 0.2120731621980667 0.12051951140165329 0.09264545142650604
0.0 0.37875935435295105 0.9741763472557068 0.09333886951208115 0.05164726823568344
0.0 0.36970123648643494 0.9413195848464966 0.09701453894376755 0.06327223032712936
0.0 0.3688509464263916 0.9006733894348145 0.09729261696338654 0.06795152276754379
0.0 0.3635914921760559 0.8516803979873657 0.09775608777999878 0.07575026154518127
0.0 0.3587411344051361 0.7964020371437073 0.09794146567583084 0.07886970788240433
0.0 0.35342729091644287 0.7333248853683472 0.10950857400894165 0.09043687582015991
0.0 0.3506768047809601 0.6607039570808411 0.11143907159566879 0.0967685803771019
0.0 0.3446214497089386 0.585148811340332 0.11951588839292526 0.10191121697425842
0.0 0.33984774351119995 0.5048218369483948 0.11327693611383438 0.1015404462814331
0.0 0.33920514583587646 0.42816242575645447 0.11153176426887512 0.09832830727100372
0.0 0.3410412073135376 0.3537036180496216 0.11143907159566879 0.09676852077245712
0.0 0.3415029048919678 0.28245699405670166 0.11465127021074295 0.09851367771625519
0.0 0.3385750353336334 0.22002072632312775 0.1141878068447113 0.0907149389386177
0.0 0.29021644592285156 0.9717257618904114 0.09370964020490646 0.05654848366975784
0.0 0.28758272528648376 0.9422866106033325 0.08756336569786072 0.06115634739398956
0.0 0.28448551893234253 0.9033392667770386 0.09582556784152985 0.06941854953765869
0.0 0.277805358171463 0.8567785024642944 0.09472926706075668 0.07712459564208984
0.0 0.27607446908950806 0.8013147711753845 0.09491465985774994 0.08024416863918304
0.0 0.2678728997707367 0.7423223853111267 0.10143174976110458 0.08529411256313324
0.0 0.26466694474220276 0.6752068996429443 0.10317686945199966 0.08850637078285217
0.0 0.2548975944519043 0.6030030846595764 0.1051073893904686 0.0948379635810852
0.0 0.25104281306266785 0.5249693393707275 0.10345494002103806 0.09318554401397705
0.0 0.25356605648994446 0.4489043653011322 0.10529278963804245 0.0979575365781784
0.0 0.24989664554595947 0.37399011850357056 0.11593292653560638 0.09392709285020828
0.0 0.255269318819046 0.3063648045063019 0.11455857753753662 0.09695390611886978
0.0 0.2543103098869324 0.2375504970550537 0.10629637539386749 0.08869173377752304
0.0 0.19966638088226318 0.9844827055931091 0.0989290103316307 0.031034601852297783
0.0 0.1943766176700592 0.9673913717269897 0.10306813567876816 0.06052355468273163
0.0 0.1901831328868866 0.9363354444503784 0.1047205850481987 0.062175970524549484
0.0 0.19089260697364807 0.8955966234207153 0.10499867051839828 0.06685526669025421
0.0 0.18513135612010956 0.8513292074203491 0.1035316064953804 0.06832229346036911
0.0 0.1812925934791565 0.7999038696289062 0.1105121448636055 0.08117110282182693
0.0 0.17781659960746765 0.7414132952690125 0.10455122590065002 0.0854794979095459
0.0 0.1738307923078537 0.6743441224098206 0.10629637539386749 0.08869176357984543
0.0 0.16511937975883484 0.6067731380462646 0.09703057259321213 0.08969532698392868
0.0 0.1653493493795395 0.5316271781921387 0.10198790580034256 0.09465260803699493
0.0 0.16493847966194153 0.4588671624660492 0.10648176074028015 0.09181120991706848
0.0 0.1591210961341858 0.3214702606201172 0.10960125923156738 0.09199659526348114
0.0 0.16220051050186157 0.2547638416290283 0.10895241051912308 0.08107838034629822
0.0 0.16081362962722778 0.3894583582878113 0.10831958800554276 0.09658313542604446
