0.0 0.011156320571899414 0.9169083833694458 0.022312641143798828 0.0870179608464241
0.0 0.02578258328139782 0.9202501177787781 0.027084508910775185 0.08711342513561249
0.0 0.05453937500715256 0.9235756993293762 0.030442332848906517 0.09120330214500427
0.0 0.0742250606417656 0.9216498136520386 0.03103119134902954 0.08813191205263138
0.0 0.11136863380670547 0.9286196827888489 0.034150365740060806 0.08832284063100815
0.0 0.13568532466888428 0.9277599453926086 0.033418282866477966 0.08905482292175293
0.0 0.17940132319927216 0.9296530485153198 0.037953849881887436 0.08700181543827057
0.0 0.20825357735157013 0.9314190745353699 0.03946569561958313 0.08631755411624908
0.0 0.2618682086467743 0.937831699848175 0.04019775614142418 0.08558544516563416
0.0 0.2971019744873047 0.9376401901245117 0.044828761368989944 0.08509211242198944
0.0 0.356764018535614 0.947553813457489 0.042823538184165955 0.09040743112564087
0.0 0.396087646484375 0.9444817304611206 0.042537152767181396 0.08572864532470703
0.0 0.45769110321998596 0.9482524991035461 0.046197451651096344 0.08206833899021149
0.0 0.49736493825912476 0.952246367931366 0.041470933705568314 0.08100223541259766
0.0 0.5457119941711426 0.9549770951271057 0.04438309744000435 0.09004578739404678
0.0 0.5839217305183411 0.9559873938560486 0.042091429233551025 0.08802524209022522
0.0 0.6205718517303467 0.9579246044158936 0.039561111479997635 0.08415074646472931
0.0 0.655025839805603 0.9581829309463501 0.04024549201130867 0.08363407850265503
0.0 0.6881588697433472 0.9553148746490479 0.036298803985118866 0.08534679561853409
0.0 0.7211010456085205 0.9542005062103271 0.03391168266534805 0.08442388474941254
0.0 0.7496508359909058 0.9481208920478821 0.03322742506861687 0.08593571186065674
0.0 0.7808424234390259 0.9500300884246826 0.03415033593773842 0.08832283318042755
0.0 0.006353514734655619 0.8215991258621216 0.012707029469311237 0.0940360277891159
0.0 0.016773609444499016 0.8116843700408936 0.0237266942858696 0.0830235481262207
0.0 0.03300601989030838 0.8150261044502258 0.024394918233156204 0.09394057095050812
0.0 0.04933389276266098 0.8168082237243652 0.02288307622075081 0.09462494403123856
0.0 0.0680488646030426 0.8179537653923035 0.029073664918541908 0.09422694891691208
0.0 0.08926250785589218 0.8294275403022766 0.030871905386447906 0.09822136908769608
0.0 0.11260849237442017 0.8316392302513123 0.028882745653390884 0.09110783785581589
0.0 0.14687155187129974 0.8345191478729248 0.0378900021314621 0.09865093976259232
0.0 0.1759147197008133 0.8331660628318787 0.0367761105298996 0.09314469993114471
0.0 0.21958298981189728 0.8358389735221863 0.0392586849629879 0.09562728554010391
0.0 0.253257155418396 0.8355520367622375 0.04169349744915962 0.09733003377914429
0.0 0.3092111647129059 0.8421077728271484 0.04369878023862839 0.09201472252607346
0.0 0.3470229506492615 0.838160514831543 0.04525833576917648 0.09211017936468124
0.0 0.409263014793396 0.8443183302879333 0.04334857314825058 0.09898506104946136
0.0 0.4498121440410614 0.8468003273010254 0.04315765202045441 0.09586594253778458
0.0 0.5106357932090759 0.8505232930183411 0.0456879697740078 0.09912825375795364
0.0 0.5519647002220154 0.8530530333518982 0.04145490378141403 0.09343108534812927
0.0 0.5890443921089172 0.8482783436775208 0.042377814650535583 0.09581820666790009
0.0 0.6264743804931641 0.8505693674087524 0.04431921988725662 0.102152019739151
0.0 0.666720986366272 0.8452057838439941 0.04431921988725662 0.102152019739151
0.0 0.6999179124832153 0.8527166843414307 0.04155036062002182 0.09499064832925797
0.0 0.0243300199508667 0.6242960095405579 0.04694501683115959 0.10697388648986816
0.0 0.07487321645021439 0.6297378540039062 0.05289696156978607 0.10267706215381622
0.0 0.1360948383808136 0.639746904373169 0.06390949338674545 0.10490484535694122
0.0 0.211877703666687 0.6420374512672424 0.07355335354804993 0.11015640199184418
0.0 0.29980310797691345 0.6505501866340637 0.08271995186805725 0.10760994255542755
0.0 0.38153791427612305 0.6579012274742126 0.09002440422773361 0.11271830648183823
0.0 0.47350552678108215 0.6643132567405701 0.09285721927881241 0.10823044180870056
0.0 0.5819918513298035 0.6693882346153259 0.09363696724176407 0.10827817022800446
0.0 0.6785743236541748 0.6643420457839966 0.08631636947393417 0.11559876799583435
0.0 0.7601659297943115 0.6740325093269348 0.08232195675373077 0.11380055546760559
0.0 0.025696972385048866 0.5124518871307373 0.03954506292939186 0.10030604898929596
0.0 0.07297781854867935 0.5200421810150146 0.05455200746655464 0.1043320745229721
0.0 0.1320987045764923 0.5260090231895447 0.06147465482354164 0.10320209711790085
0.0 0.20598790049552917 0.5336626172065735 0.07648160308599472 0.10722809284925461
0.0 0.2969847321510315 0.5431460738182068 0.08787598460912704 0.11569423228502274
0.0 0.3973867893218994 0.5524225234985352 0.09451226890087128 0.10988546162843704
0.0 0.5070508718490601 0.5638312697410583 0.09139306098222733 0.10969453305006027
0.0 0.613484263420105 0.5640843510627747 0.09704259037971497 0.11314788460731506
0.0 0.7104169130325317 0.566103994846344 0.08758954703807831 0.11101555079221725
0.0 0.7902580499649048 0.578818142414093 0.07566958665847778 0.1320382058620453
0.0 0.02582293190062046 0.4208822250366211 0.030346868559718132 0.08964373916387558
0.0 0.05325879529118538 0.4202134311199188 0.045067425817251205 0.08899100869894028
0.0 0.0922960564494133 0.42182016372680664 0.04984162375330925 0.0908370092511177
0.0 0.13889256119728088 0.4278031587600708 0.058164581656455994 0.09989199787378311
0.0 0.19444862008094788 0.42807289958000183 0.07083214074373245 0.10377486050128937
0.0 0.2591712474822998 0.43203455209732056 0.07863005995750427 0.1042521744966507
0.0 0.32793599367141724 0.433895468711853 0.0795053169131279 0.10585945844650269
0.0 0.40562868118286133 0.4433472752571106 0.09160010516643524 0.10038480162620544
0.0 0.48828646540641785 0.44840672612190247 0.09004054963588715 0.10028934478759766
0.0 0.5687958598136902 0.4502038061618805 0.08964255452156067 0.1064799576997757
0.0 0.6477456092834473 0.4519054591655731 0.08867191523313522 0.10331305861473083
0.0 0.7225577235221863 0.4572674036026001 0.0831017941236496 0.11384829133749008
0.0 0.7934709191322327 0.4623906910419464 0.07579722255468369 0.10873997956514359
0.0 0.03993738815188408 0.3309515714645386 0.039417970925569534 0.08553771674633026
0.0 0.07394568622112274 0.32520607113838196 0.04896638169884682 0.08922965824604034
0.0 0.1152745857834816 0.3277357816696167 0.05286532640457153 0.08946831524372101
0.0 0.1637648046016693 0.32835572957992554 0.060567762702703476 0.08838605880737305
0.0 0.22005291283130646 0.3294529616832733 0.0643712505698204 0.08706510066986084
0.0 0.28262707591056824 0.3301522433757782 0.07586110383272171 0.09709085524082184
0.0 0.35592737793922424 0.33463895320892334 0.08209945261478424 0.09747269749641418
0.0 0.43171027302742004 0.33692944049835205 0.08574360609054565 0.10624130070209503
0.0 0.5113443732261658 0.34023839235305786 0.08614159375429153 0.10005068778991699
0.0 0.5884004235267639 0.3473030924797058 0.08292689919471741 0.09830020368099213
0.0 0.6621941328048706 0.3565162718296051 0.08209945261478424 0.09747269749641418
0.0 0.7321366667747498 0.3647109866142273 0.08311782777309418 0.1014193743467331
0.0 0.7953473925590515 0.3677973747253418 0.07463566213846207 0.10245390236377716
0.0 0.0507894828915596 0.24316933751106262 0.04497196152806282 0.08743144571781158
0.0 0.08212430775165558 0.24273920059204102 0.048393614590168 0.07987219840288162
0.0 0.1211615651845932 0.24434593319892883 0.05432944372296333 0.0880042165517807
0.0 0.16823537647724152 0.24253103137016296 0.06505560129880905 0.08555327355861664
0.0 0.2228207290172577 0.24587218463420868 0.06817477941513062 0.08574419468641281
0.0 0.2831987142562866 0.24408890306949615 0.07002073526382446 0.09051839262247086
0.0 0.34952864050865173 0.24736624956130981 0.07401516288518906 0.0923166424036026
0.0 0.4232107996940613 0.24561458826065063 0.08025345206260681 0.09269849210977554
0.0 0.500457763671875 0.2495601326227188 0.07859840244054794 0.09104342758655548
0.0 0.5757156610488892 0.2604283392429352 0.08327716588973999 0.09132981300354004
0.0 0.6506232619285583 0.2642306983470917 0.07785023748874664 0.10420442372560501
0.0 0.7179877161979675 0.276181161403656 0.08233810216188431 0.1013716533780098
0.0 0.7865138649940491 0.2819410562515259 0.0749858021736145 0.09548351913690567
0.0 0.04311753809452057 0.15112242102622986 0.02912139892578125 0.0950067862868309
0.0 0.066797636449337 0.1478755921125412 0.045497000217437744 0.09600913524627686
0.0 0.09735266119241714 0.1473977267742157 0.04793183133006096 0.09771191328763962
0.0 0.1385861039161682 0.15148702263832092 0.05339036509394646 0.09804602712392807
0.0 0.1832728087902069 0.15030871331691742 0.05407470464706421 0.09653417021036148
0.0 0.2348344475030899 0.15189936757087708 0.06596248596906662 0.10036928206682205
0.0 0.2933664917945862 0.15469937026500702 0.07099144905805588 0.09368529170751572
0.0 0.3597441613674164 0.15719689428806305 0.07411061972379684 0.09387622028589249
0.0 0.4286998212337494 0.15593867003917694 0.0767524316906929 0.08626922965049744
0.0 0.5025889873504639 0.16359224915504456 0.08006253093481064 0.08957932144403458
0.0 0.5749663710594177 0.17037056386470795 0.07800957560539246 0.09411486983299255
0.0 0.7129415273666382 0.17959868907928467 0.07668866962194443 0.09791836142539978
0.0 0.7788895964622498 0.18911433219909668 0.06664682924747467 0.09885744750499725
0.0 0.6443676948547363 0.17461860179901123 0.08190853148698807 0.09435352683067322
