0.0 0.001042187213897705 0.8754556775093079 0.00208437442779541 0.09142708778381348
0.0 0.009396612644195557 0.8783866763114929 0.018793225288391113 0.09420514106750488
0.0 0.024942457675933838 0.8824141621589661 0.049884915351867676 0.09625232219696045
0.0 0.0403742790222168 0.8846737742424011 0.05807530879974365 0.09804677963256836
0.0 0.0771285891532898 0.8922770023345947 0.0591120719909668 0.0952153205871582
0.0 0.10205245018005371 0.8947758078575134 0.05961728096008301 0.09829938411712646
0.0 0.14458250999450684 0.900950014591217 0.06399047374725342 0.09751498699188232
0.0 0.17310863733291626 0.9056221842765808 0.06578505039215088 0.09930956363677979
0.0 0.2269507646560669 0.9152324795722961 0.06578505039215088 0.09930956363677979
0.0 0.2611263394355774 0.9192466735839844 0.07170021533966064 0.09877777099609375
0.0 0.32088375091552734 0.9314090609550476 0.06861639022827148 0.09827268123626709
0.0 0.35929298400878906 0.9337416291236877 0.06886887550354004 0.09981465339660645
0.0 0.42032647132873535 0.9429464340209961 0.06811130046844482 0.09518873691558838
0.0 0.46016478538513184 0.9510547518730164 0.06477475166320801 0.09314167499542236
0.0 0.5083441734313965 0.9528831839561462 0.07066339254379272 0.09423363208770752
0.0 0.5465009212493896 0.9556545615196228 0.06861639022827148 0.0886908769607544
0.0 0.5822184085845947 0.9591338038444519 0.0632328987121582 0.08173239231109619
0.0 0.6165202856063843 0.9611408710479736 0.06298035383224487 0.07771825790405273
0.0 0.650556206703186 0.9608981609344482 0.06014895439147949 0.07820367813110352
0.0 0.6833161115646362 0.96290522813797 0.05681246519088745 0.07418954372406006
0.0 0.710792064666748 0.9599774479866028 0.0591120719909668 0.08004510402679443
0.0 0.7426546812057495 0.9614096283912659 0.0593646764755249 0.07718074321746826
0.0 0.0009022355079650879 0.7792497873306274 0.0018044710159301758 0.09658467769622803
0.0 0.007834374904632568 0.7702372670173645 0.015668749809265137 0.08806407451629639
0.0 0.017079472541809082 0.7741785049438477 0.034158945083618164 0.10140979290008545
0.0 0.02472609281539917 0.7776012420654297 0.04945218563079834 0.1011573076248169
0.0 0.04316502809524536 0.7806318402290344 0.05600154399871826 0.10370945930480957
0.0 0.0631108283996582 0.7941902279853821 0.05804848670959473 0.10704588890075684
0.0 0.08624017238616943 0.7979785203933716 0.0554964542388916 0.10062551498413086
0.0 0.1201632022857666 0.8035346269607544 0.06601083278656006 0.10985064506530762
0.0 0.14932072162628174 0.8043519258499146 0.06345868110656738 0.10343027114868164
0.0 0.19262170791625977 0.8106523752212524 0.0670478343963623 0.10701930522918701
0.0 0.22615253925323486 0.8137693405151367 0.06909489631652832 0.11035573482513428
0.0 0.2806394100189209 0.8242768049240112 0.07142102718353271 0.10623502731323242
0.0 0.319427490234375 0.8242964744567871 0.07296299934387207 0.10648751258850098
0.0 0.3800821900367737 0.8358142375946045 0.07243120670318604 0.11240279674530029
0.0 0.4210702180862427 0.8417358994483948 0.07038426399230957 0.10906636714935303
0.0 0.48145902156829834 0.8500433564186096 0.07551515102386475 0.11290788650512695
0.0 0.5224471092224121 0.8559650182723999 0.06833720207214355 0.10572993755340576
0.0 0.5590485334396362 0.8548348546028137 0.0703842043876648 0.10906636714935303
0.0 0.5969526767730713 0.8602514266967773 0.0729362964630127 0.115486741065979
0.0 0.6377878189086914 0.8574397563934326 0.0729362964630127 0.115486741065979
0.0 0.6700559258460999 0.8682664036750793 0.06884229183197021 0.10881376266479492
0.0 0.02759331464767456 0.5840662121772766 0.05518662929534912 0.12036502361297607
0.0 0.0658876895904541 0.5935635566711426 0.08218812942504883 0.11700201034545898
0.0 0.1259109377861023 0.6089361310005188 0.09528136253356934 0.12364828586578369
0.0 0.2013271450996399 0.6173299551010132 0.10554325580596924 0.1313314437866211
0.0 0.28819501399993896 0.633141040802002 0.11454248428344727 0.13130474090576172
0.0 0.36902135610580444 0.6471710205078125 0.12326240539550781 0.13873529434204102
0.0 0.4601230025291443 0.6613004803657532 0.12584125995635986 0.13615643978118896
0.0 0.5671492218971252 0.6748716235160828 0.12584125995635986 0.13615643978118896
0.0 0.663873553276062 0.678838849067688 0.12068367004394531 0.14131414890289307
0.0 0.7443211078643799 0.6951817274093628 0.114010751247406 0.13722002506256104
0.0 0.030524015426635742 0.4723011255264282 0.061048030853271484 0.11189767718315125
0.0 0.0727725625038147 0.4838588833808899 0.0857771635055542 0.12059101462364197
0.0 0.13111430406570435 0.4949977397918701 0.09194505214691162 0.12160122394561768
0.0 0.20487558841705322 0.5086621046066284 0.1083747148513794 0.1302945613861084
0.0 0.2939301133155823 0.5256230235099792 0.12222564220428467 0.14156663417816162
0.0 0.39300739765167236 0.5442255139350891 0.12609386444091797 0.13769853115081787
0.0 0.5021073222160339 0.564469575881958 0.12275731563568115 0.1356513500213623
0.0 0.6074520349502563 0.5738070011138916 0.12968283891677856 0.1412874460220337
0.0 0.7039371728897095 0.5840683579444885 0.11992603540420532 0.13668835163116455
0.0 0.7831085920333862 0.6033687591552734 0.11549943685531616 0.1554708480834961
0.0 0.03408348560333252 0.3817313015460968 0.056533217430114746 0.09779417514801025
0.0 0.06157279014587402 0.3830670416355133 0.07245790958404541 0.10340362787246704
0.0 0.10037422180175781 0.38783884048461914 0.07554185390472412 0.1039087176322937
0.0 0.14612776041030884 0.3984993100166321 0.0883558988571167 0.11801224946975708
0.0 0.20085382461547852 0.40271273255348206 0.10144925117492676 0.12465846538543701
0.0 0.2657421827316284 0.41254886984825134 0.10786962509155273 0.12721067667007446
0.0 0.3342195749282837 0.41980624198913574 0.10966408252716064 0.12900513410568237
0.0 0.4108121991157532 0.43551772832870483 0.12149465084075928 0.12794166803359985
0.0 0.4926620423793793 0.4481319189071655 0.11815816164016724 0.12589454650878906
0.0 0.5728304386138916 0.456512451171875 0.12071031332015991 0.13231495022773743
0.0 0.6515830755233765 0.46386945247650146 0.1186632513999939 0.12897852063179016
0.0 0.7255969047546387 0.4759918749332428 0.11555272340774536 0.13747256994247437
0.0 0.7957558631896973 0.4874829649925232 0.10708528757095337 0.13158392906188965
0.0 0.05579650402069092 0.29266342520713806 0.06578505039215088 0.09930954873561859
0.0 0.09021133184432983 0.290383517742157 0.07554185390472412 0.1039087176322937
0.0 0.13042837381362915 0.2961788773536682 0.08016765117645264 0.10466635227203369
0.0 0.1795051097869873 0.3010503053665161 0.08787739276885986 0.10592912137508392
0.0 0.2348758578300476 0.30616098642349243 0.09096145629882812 0.10643422603607178
0.0 0.2979564070701599 0.3125344216823578 0.1037755012512207 0.12053775787353516
0.0 0.36978358030319214 0.32350707054138184 0.10994327068328857 0.12154793739318848
0.0 0.44519972801208496 0.3319009244441986 0.11583197116851807 0.13001537322998047
0.0 0.5251154899597168 0.34182336926460266 0.1150742769241333 0.1253894567489624
0.0 0.600418746471405 0.35574033856391907 0.11148524284362793 0.1218004822731018
0.0 0.6731564998626709 0.37082040309906006 0.10994338989257812 0.12154793739318848
0.0 0.7429366111755371 0.3846244215965271 0.11353230476379395 0.12513691186904907
0.0 0.8048673272132874 0.39318451285362244 0.10453307628631592 0.12516361474990845
0.0 0.07392054796218872 0.20617438852787018 0.07195281982421875 0.10031971335411072
0.0 0.10513848066329956 0.20891247689723969 0.07094252109527588 0.09415188431739807
0.0 0.14393985271453857 0.2136842906475067 0.08170974254608154 0.10491891205310822
0.0 0.19120872020721436 0.21509301662445068 0.08891439437866211 0.10309779644012451
0.0 0.24517714977264404 0.22393229603767395 0.09199821949005127 0.10360288619995117
0.0 0.3049078583717346 0.22659045457839966 0.09788691997528076 0.11207033693790436
0.0 0.3714645504951477 0.2359081655740738 0.10122334957122803 0.11411735415458679
0.0 0.44442814588546753 0.2399420142173767 0.1073911190032959 0.1151275634765625
0.0 0.521778404712677 0.2510276138782501 0.10584914684295654 0.11487501859664917
0.0 0.5958055853843689 0.2679022252559662 0.11047494411468506 0.11563265323638916
0.0 0.6701982021331787 0.27771174907684326 0.10786956548690796 0.1272106170654297
0.0 0.7353658080101013 0.2955102026462555 0.11199033260345459 0.12488436698913574
0.0 0.8039827942848206 0.30674871802330017 0.10172843933105469 0.11720126867294312
0.0 0.07571446895599365 0.1130523681640625 0.05291759967803955 0.1032043993473053
0.0 0.09716218709945679 0.11260691285133362 0.07346808910369873 0.1095714271068573
0.0 0.12850642204284668 0.11457403004169464 0.07526266574859619 0.11136595159769058
0.0 0.16911566257476807 0.12280859798192978 0.07988846302032471 0.11212359368801117
0.0 0.2130480408668518 0.12525415420532227 0.08117783069610596 0.11083418130874634
0.0 0.26431137323379517 0.13127540051937103 0.09606564044952393 0.11927497386932373
0.0 0.3225134611129761 0.13843312859535217 0.09839200973510742 0.11515423655509949
0.0 0.38919633626937866 0.1469799131155014 0.10172843933105469 0.11720126867294312
0.0 0.4574078917503357 0.15102706849575043 0.10175502300262451 0.10820209980010986
0.0 0.5310428738594055 0.165462464094162 0.10688602924346924 0.11204367876052856
0.0 0.6026175022125244 0.1779770702123642 0.1048123836517334 0.11770638823509216
0.0 0.7385620474815369 0.19865959882736206 0.10531747341156006 0.12079028785228729
0.0 0.8033374547958374 0.21401888132095337 0.09427118301391602 0.11748047173023224
0.0 0.671487033367157 0.1876736283302307 0.10943818092346191 0.11846402287483215
