0.0 0.9385441541671753 0.04518014192581177 0.025035440921783447 0.030505776405334473
0.0 0.940160870552063 0.06544326990842819 0.02732318639755249 0.03689630702137947
0.0 0.9413175582885742 0.08182733505964279 0.029058873653411865 0.03863196074962616
0.0 0.9416189789772034 0.11090045422315598 0.035817503929138184 0.04402299225330353
0.0 0.9415000081062317 0.12979599833488464 0.04047238826751709 0.044575124979019165
0.0 0.945141077041626 0.16712698340415955 0.042392075061798096 0.04786238074302673
0.0 0.9447064399719238 0.18999359011650085 0.048414528369903564 0.047046929597854614
0.0 0.9458885192871094 0.23312334716320038 0.056724727153778076 0.052621990442276
0.0 0.946965754032135 0.26210445165634155 0.06156361103057861 0.054725706577301025
0.0 0.9502118825912476 0.31600356101989746 0.06795424222946167 0.057013511657714844
0.0 0.9495137929916382 0.3499155640602112 0.07781606912612915 0.06277263164520264
0.0 0.9534960985183716 0.4100211560726166 0.08383852243423462 0.06195718050003052
0.0 0.9533501863479614 0.4485880732536316 0.09296423196792603 0.061509788036346436
0.0 0.9504421353340149 0.5102975964546204 0.0917806625366211 0.06442895531654358
0.0 0.9497044086456299 0.5505081415176392 0.08967691659927368 0.05958998203277588
0.0 0.9467836618423462 0.5988449454307556 0.09953874349594116 0.06534922122955322
0.0 0.9442182779312134 0.6369120478630066 0.0991707444190979 0.062245965003967285
0.0 0.9422447681427002 0.6733354926109314 0.09569936990737915 0.058774590492248535
0.0 0.9384434223175049 0.7076156139373779 0.09433180093765259 0.0601421594619751
0.0 0.9297112226486206 0.7401204109191895 0.09377968311309814 0.05548727512359619
0.0 0.924950122833252 0.7729409337043762 0.09030836820602417 0.05201590061187744
0.0 0.9156658053398132 0.8007908463478088 0.09185993671417236 0.05219995975494385
0.0 0.9138238430023193 0.8316916227340698 0.09496325254440308 0.05256807804107666
0.0 0.8782021999359131 0.04053644835948944 0.09888195991516113 0.04691372811794281
0.0 0.8659859895706177 0.056933220475912094 0.08765250444412231 0.04252219945192337
0.0 0.8679183721542358 0.07322527468204498 0.09869790077209473 0.04536210000514984
0.0 0.8675233125686646 0.0897933766245842 0.0985139012336731 0.043810486793518066
0.0 0.866536557674408 0.10800513625144958 0.10080158710479736 0.05020100623369217
0.0 0.875503659248352 0.13054333627223969 0.10427296161651611 0.053672343492507935
0.0 0.8751609325408936 0.15418575704097748 0.0976983904838562 0.049832940101623535
0.0 0.8736871480941772 0.1881897896528244 0.10656070709228516 0.06006285548210144
0.0 0.8692417144775391 0.21703921258449554 0.10172176361083984 0.057959139347076416
0.0 0.8665447235107422 0.2606290578842163 0.1036415696144104 0.06124641001224518
0.0 0.8618755340576172 0.2942253649234772 0.105377197265625 0.06298208236694336
0.0 0.8622944355010986 0.35081997513771057 0.10109037160873413 0.06553322076797485
0.0 0.8541144132614136 0.3879796266555786 0.10109037160873413 0.06553322076797485
0.0 0.8528499603271484 0.4502809941768646 0.1071128249168396 0.06471776962280273
0.0 0.8505606651306152 0.49067553877830505 0.10400962829589844 0.0643497109413147
0.0 0.8467848300933838 0.5517013669013977 0.107296884059906 0.0662693977355957
0.0 0.844587504863739 0.5928717255592346 0.10227394104003906 0.0626140832901001
0.0 0.8355395793914795 0.6293476223945618 0.10382556915283203 0.0627981424331665
0.0 0.8336580395698547 0.6665468811988831 0.11058413982391357 0.06818902492523193
0.0 0.8234266042709351 0.7063100337982178 0.11058419942855835 0.06818902492523193
0.0 0.8266075849533081 0.739762008190155 0.10382556915283203 0.0627981424331665
0.0 0.6793453097343445 0.042094647884368896 0.11542308330535889 0.07029280066490173
0.0 0.6791200637817383 0.0932585746049881 0.11305594444274902 0.07613122463226318
0.0 0.6817346811294556 0.15509982407093048 0.11744755506515503 0.087360680103302
0.0 0.6749603748321533 0.2306423783302307 0.12475824356079102 0.09740658104419708
0.0 0.6728535294532776 0.31900554895401 0.1258624792098999 0.10671627521514893
0.0 0.6707863807678223 0.4010702967643738 0.13143759965896606 0.11502653360366821
0.0 0.6659444570541382 0.4929048418998718 0.12870240211486816 0.11776170134544373
0.0 0.6583799719810486 0.6015836000442505 0.12870240211486816 0.11776161193847656
0.0 0.6420848369598389 0.6963500380516052 0.1341727375984192 0.11229145526885986
0.0 0.6424371600151062 0.7789145112037659 0.1305173635482788 0.10726845264434814
0.0 0.5677870512008667 0.03091323934495449 0.10848039388656616 0.06182647868990898
0.0 0.5703889727592468 0.0786198154091835 0.11479175090789795 0.07786688208580017
0.0 0.5687565207481384 0.13781791925430298 0.11571180820465088 0.08562500029802322
0.0 0.5680965781211853 0.2118484526872635 0.12357461452484131 0.10032579302787781
0.0 0.5663578510284424 0.3033149540424347 0.1343567967414856 0.11384302377700806
0.0 0.5641717314720154 0.40427520871162415 0.130437970161438 0.11949735879898071
0.0 0.5623140335083008 0.5146372318267822 0.13006991147994995 0.11639407277107239
0.0 0.5504103899002075 0.6198970079421997 0.1337253451347351 0.12141704559326172
0.0 0.5406899452209473 0.7170305252075195 0.1295177936553955 0.11173927783966064
0.0 0.5439614057540894 0.7976753115653992 0.14703309535980225 0.1046379804611206
0.0 0.4768599569797516 0.02264748141169548 0.09633082151412964 0.04529496282339096
0.0 0.47300630807876587 0.04690048098564148 0.09953880310058594 0.06534916162490845
0.0 0.47053295373916626 0.08574343472719193 0.10145843029022217 0.0686364471912384
0.0 0.4706234335899353 0.1329362839460373 0.11205649375915527 0.08060204982757568
0.0 0.46455979347229004 0.1879395991563797 0.11818373203277588 0.09356716275215149
0.0 0.4604681730270386 0.2529364824295044 0.12047147750854492 0.09995768964290619
0.0 0.45441728830337524 0.32131263613700867 0.12239110469818115 0.10324496030807495
0.0 0.4550853669643402 0.3999060094356537 0.12057620286941528 0.11373823881149292
0.0 0.44991493225097656 0.4823388457298279 0.11884057521820068 0.11200261116027832
0.0 0.44214099645614624 0.5627202391624451 0.12486302852630615 0.11118721961975098
0.0 0.43495887517929077 0.6414580345153809 0.12175977230072021 0.11081910133361816
0.0 0.4311957359313965 0.715856671333313 0.1305173635482788 0.10726845264434814
0.0 0.42784029245376587 0.787060022354126 0.12512636184692383 0.10050976276397705
0.0 0.3866816759109497 0.028817348182201385 0.09285938739776611 0.047729186713695526
0.0 0.3765295743942261 0.055983465164899826 0.09990692138671875 0.06845241039991379
0.0 0.3744242787361145 0.09792967140674591 0.10201060771942139 0.07329133152961731
0.0 0.36908406019210815 0.14576666057109833 0.1013791561126709 0.08086541295051575
0.0 0.3632044792175293 0.2023216038942337 0.10174727439880371 0.0839686393737793
0.0 0.3571932315826416 0.2643992602825165 0.11408090591430664 0.09766991436481476
0.0 0.35247015953063965 0.33733826875686646 0.11636877059936523 0.10406047105789185
0.0 0.3456957936286926 0.4128807783126831 0.12467896938323975 0.10963553190231323
0.0 0.3401573896408081 0.4922102689743042 0.11847245693206787 0.10889932513237
0.0 0.3383139371871948 0.5695281624794006 0.11655282974243164 0.10561203956604004
0.0 0.3385218381881714 0.644242525100708 0.11636877059936523 0.10406053066253662
0.0 0.3381776213645935 0.7143020033836365 0.11965596675872803 0.10598015785217285
0.0 0.3339020013809204 0.7777472138404846 0.11855173110961914 0.09667038917541504
0.0 0.2993307113647461 0.03524446859955788 0.09504258632659912 0.0403391495347023
0.0 0.293781042098999 0.054784148931503296 0.09041309356689453 0.06579655408859253
0.0 0.29053187370300293 0.09371910989284515 0.10064303874969482 0.07465889304876328
0.0 0.283456027507782 0.14018851518630981 0.10037970542907715 0.08533623814582825
0.0 0.2804955840110779 0.19482377171516418 0.10074782371520996 0.08843949437141418
0.0 0.2711050510406494 0.25494205951690674 0.10540258884429932 0.08899162709712982
0.0 0.26710546016693115 0.3207147419452667 0.10905802249908447 0.09401452541351318
0.0 0.25608396530151367 0.3936140835285187 0.10979413986206055 0.10022103786468506
0.0 0.25113731622695923 0.47130000591278076 0.10805857181549072 0.09848535060882568
0.0 0.2530808448791504 0.5473819375038147 0.11016225814819336 0.103324294090271
0.0 0.24854183197021484 0.6218725442886353 0.12047147750854492 0.09995770454406738
0.0 0.25189268589019775 0.6899203062057495 0.11947190761566162 0.10442852973937988
0.0 0.24981290102005005 0.7586122155189514 0.11252927780151367 0.09748589992523193
0.0 0.2027619481086731 0.04355164244771004 0.10051286220550537 0.034868814051151276
0.0 0.196844220161438 0.059988074004650116 0.10729694366455078 0.06626935303211212
0.0 0.19610655307769775 0.10019862651824951 0.10840117931365967 0.07557911425828934
0.0 0.18953043222427368 0.14424856007099152 0.1068495512008667 0.07539507746696472
0.0 0.18542611598968506 0.19587257504463196 0.11452841758728027 0.08854421973228455
0.0 0.181374192237854 0.25457093119621277 0.10868990421295166 0.09091131389141083
0.0 0.17582303285598755 0.3205276429653168 0.11060965061187744 0.09419858455657959
0.0 0.16657686233520508 0.388496071100235 0.10321950912475586 0.09638166427612305
0.0 0.16600894927978516 0.4633024334907532 0.10669088363647461 0.09985294938087463
0.0 0.16361337900161743 0.5359653830528259 0.11116170883178711 0.09885343909263611
0.0 0.15712624788284302 0.6736252307891846 0.11426496505737305 0.09922146797180176
0.0 0.15874141454696655 0.7403053641319275 0.11297667026519775 0.08836019039154053
0.0 0.15998190641403198 0.6048412919044495 0.11308145523071289 0.10214078426361084
