0.0 0.006768226623535156 0.1008264422416687 0.013536453247070312 0.09256196767091751
0.0 0.01607447862625122 0.09752066433429718 0.03214895725250244 0.0925619825720787
0.0 0.04737728834152222 0.09338843077421188 0.03553295135498047 0.09752066433429718
0.0 0.06852787733078003 0.09504132717847824 0.03553295135498047 0.09421487152576447
0.0 0.10829102993011475 0.08677686005830765 0.0389171838760376 0.09421487152576447
0.0 0.13536381721496582 0.08677686005830765 0.0389171838760376 0.09421487152576447
0.0 0.18189507722854614 0.08347108215093613 0.043993234634399414 0.09256197512149811
0.0 0.21319794654846191 0.08099173754453659 0.04568517208099365 0.09256197512149811
0.0 0.27157360315322876 0.072727270424366 0.04568517208099365 0.09256197512149811
0.0 0.3096446394920349 0.07190082222223282 0.05245339870452881 0.09090909361839294
0.0 0.37394243478775024 0.059504128992557526 0.04906940460205078 0.09586776793003082
0.0 0.41624361276626587 0.06198347359895706 0.04906940460205078 0.09256197512149811
0.0 0.4830794632434845 0.056198347359895706 0.050761401653289795 0.08760330826044083
0.0 0.5262266993522644 0.05041322112083435 0.04737734794616699 0.08595040440559387
0.0 0.5786802172660828 0.04710743576288223 0.05076134204864502 0.09421487152576447
0.0 0.6192893385887146 0.04545454680919647 0.04737722873687744 0.09090909361839294
0.0 0.6590524911880493 0.042975205928087234 0.0456852912902832 0.08595041185617447
0.0 0.6962774991989136 0.042148757725954056 0.0456852912902832 0.08429751545190811
0.0 0.7335025072097778 0.04380165413022041 0.042301177978515625 0.08760330826044083
0.0 0.7690355777740479 0.042975205928087234 0.03891706466674805 0.08595041185617447
0.0 0.7986463904380798 0.04793389141559601 0.03891706466674805 0.09090909361839294
0.0 0.8324872851371765 0.04628099128603935 0.040609121322631836 0.0925619825720787
0.0 0.003384113311767578 0.20247933268547058 0.006768226623535156 0.1008264422416687
0.0 0.011844336986541748 0.21239669620990753 0.023688673973083496 0.08760330080986023
0.0 0.0270727276802063 0.209090918302536 0.028764724731445312 0.1008264571428299
0.0 0.04483926296234131 0.20661157369613647 0.027072787284851074 0.1008264422416687
0.0 0.06514382362365723 0.20495867729187012 0.03384089469909668 0.1008264422416687
0.0 0.08714044094085693 0.19173555076122284 0.03553295135498047 0.10413220524787903
0.0 0.11252117156982422 0.1892561912536621 0.03384089469909668 0.09752064943313599
0.0 0.14974617958068848 0.1851239651441574 0.042301177978515625 0.10578510165214539
0.0 0.18104910850524902 0.1859504133462906 0.042301177978515625 0.09917354583740234
0.0 0.22842639684677124 0.1818181872367859 0.04568517208099365 0.10247933864593506
0.0 0.2648054361343384 0.1809917390346527 0.04737734794616699 0.10413223505020142
0.0 0.32487308979034424 0.17272727191448212 0.05076146125793457 0.09917354583740234
0.0 0.36632829904556274 0.17520661652088165 0.05245339870452881 0.09917354583740234
0.0 0.433164119720459 0.16694214940071106 0.04906940460205078 0.10578512400388718
0.0 0.4771573543548584 0.16363635659217834 0.04906940460205078 0.10247933864593506
0.0 0.5431472063064575 0.15785124897956848 0.05245351791381836 0.10578512400388718
0.0 0.5879864692687988 0.15454545617103577 0.04737734794616699 0.09917354583740234
0.0 0.6277495622634888 0.1578512340784073 0.04906940460205078 0.10247933864593506
0.0 0.6683586835861206 0.15454545617103577 0.04906940460205078 0.10909092426300049
0.0 0.71235191822052 0.15950413048267365 0.04906940460205078 0.10909092426300049
0.0 0.74788498878479 0.15041323006153107 0.04737728834152222 0.10247933864593506
0.0 0.025380730628967285 0.4107438027858734 0.05076146125793457 0.11404961347579956
0.0 0.0778341293334961 0.4033057689666748 0.059221625328063965 0.10909086465835571
0.0 0.14382404088974 0.3909090757369995 0.07275807857513428 0.11239665746688843
0.0 0.22588831186294556 0.386776864528656 0.08291029930114746 0.1173553466796875
0.0 0.32064300775527954 0.3752066195011139 0.0930626392364502 0.11570245027542114
0.0 0.40862947702407837 0.36528927087783813 0.10152280330657959 0.12066113948822021
0.0 0.5084602236747742 0.35619834065437317 0.10490691661834717 0.1173553466796875
0.0 0.6252114772796631 0.3479338586330414 0.10490697622299194 0.1173553466796875
0.0 0.7301183938980103 0.3504132330417633 0.096446692943573 0.12396693229675293
0.0 0.8181048631668091 0.338016539812088 0.09306257963180542 0.12231409549713135
0.0 0.02791881561279297 0.5289255976676941 0.04568517208099365 0.10743799805641174
0.0 0.07868021726608276 0.5198346972465515 0.06260573863983154 0.11074376106262207
0.0 0.1421319842338562 0.5115702152252197 0.0693739652633667 0.11074376106262207
0.0 0.22250425815582275 0.5016528964042664 0.08629441261291504 0.11570248007774353
0.0 0.32064300775527954 0.48925620317459106 0.09813880920410156 0.12396693229675293
0.0 0.4289339780807495 0.4760330319404602 0.10490691661834717 0.11900821328163147
0.0 0.547377347946167 0.46115702390670776 0.10152286291122437 0.1173553466796875
0.0 0.6624365448951721 0.45785123109817505 0.10829102993011475 0.12231406569480896
0.0 0.7673435211181641 0.452892541885376 0.09813874959945679 0.11900830268859863
0.0 0.8536379337310791 0.43719005584716797 0.08629441261291504 0.1421487033367157
0.0 0.030456840991973877 0.6256198287010193 0.03553295135498047 0.0942147970199585
0.0 0.06006765365600586 0.6256198287010193 0.05245339870452881 0.09586787223815918
0.0 0.10236883163452148 0.6231405138969421 0.05583763122558594 0.09586787223815918
0.0 0.15228426456451416 0.6148760318756104 0.06598985195159912 0.10743796825408936
0.0 0.21235191822052002 0.613223135471344 0.07952618598937988 0.11074376106262207
0.0 0.2825719118118286 0.6074380278587341 0.08629441261291504 0.1123967170715332
0.0 0.3570219874382019 0.6033057570457458 0.08798635005950928 0.11404955387115479
0.0 0.44077831506729126 0.5917355418205261 0.10152280330657959 0.10909092426300049
0.0 0.5304567813873291 0.5834710597991943 0.09983080625534058 0.10743796825408936
0.0 0.6175972819328308 0.5793388485908508 0.0998307466506958 0.11404955387115479
0.0 0.703045666217804 0.5760329961776733 0.09813868999481201 0.11074376106262207
0.0 0.7834179401397705 0.5677685737609863 0.0930626392364502 0.12231409549713135
0.0 0.8604061007499695 0.5603306293487549 0.08460235595703125 0.1173553466796875
0.0 0.04822331666946411 0.7206611037254333 0.04568517208099365 0.09256196022033691
0.0 0.08544838428497314 0.7256198525428772 0.05583763122558594 0.09586787223815918
0.0 0.12944167852401733 0.7214876413345337 0.059221625328063965 0.09586787223815918
0.0 0.18274110555648804 0.7198346853256226 0.0693739652633667 0.09586787223815918
0.0 0.2428087592124939 0.7173553705215454 0.07275807857513428 0.0942147970199585
0.0 0.3113367557525635 0.7148760557174683 0.08460235595703125 0.10578513145446777
0.0 0.39001691341400146 0.7074379920959473 0.0913705825805664 0.10578513145446777
0.0 0.4720812439918518 0.7033057808876038 0.09475457668304443 0.11404955387115479
0.0 0.5583756566047668 0.6975206732749939 0.09644663333892822 0.10743796825408936
0.0 0.6412859559059143 0.6876032948493958 0.0930626392364502 0.10578513145446777
0.0 0.720812201499939 0.676033079624176 0.0913705825805664 0.10578513145446777
0.0 0.7969542741775513 0.6652892827987671 0.09306257963180542 0.10909092426300049
0.0 0.8646361827850342 0.660330593585968 0.08291035890579224 0.11074376106262207
0.0 0.06260573863983154 0.813223123550415 0.05245339870452881 0.09256196022033691
0.0 0.096446692943573 0.8123967051506042 0.0541454553604126 0.08595037460327148
0.0 0.13874787092208862 0.8099173307418823 0.06260573863983154 0.0942147970199585
0.0 0.1895093321800232 0.8107438087463379 0.07106590270996094 0.09256196022033691
0.0 0.24873095750808716 0.804958701133728 0.07445013523101807 0.09090912342071533
0.0 0.3138747811317444 0.8057851195335388 0.07952618598937988 0.09752070903778076
0.0 0.385786771774292 0.800000011920929 0.08291029930114746 0.09917354583740234
0.0 0.46531304717063904 0.800000011920929 0.08967858552932739 0.09917354583740234
0.0 0.5490694046020508 0.7933884263038635 0.08798646926879883 0.09917354583740234
0.0 0.6302876472473145 0.7801653146743774 0.0930626392364502 0.09917354583740234
0.0 0.7115058898925781 0.7743801474571228 0.08629441261291504 0.1123967170715332
0.0 0.7834179401397705 0.7595041394233704 0.0913705825805664 0.10909092426300049
0.0 0.8578680157661438 0.7512396574020386 0.08460235595703125 0.10247933864593506
0.0 0.05668354034423828 0.910743772983551 0.03384089469909668 0.10082638263702393
0.0 0.08206427097320557 0.913223147392273 0.05245339870452881 0.10247933864593506
0.0 0.11590522527694702 0.913223147392273 0.0541454553604126 0.10413229465484619
0.0 0.1598985195159912 0.9074380397796631 0.059221625328063965 0.10413229465484619
0.0 0.20812183618545532 0.9074380397796631 0.060913681983947754 0.10247933864593506
0.0 0.2639593482017517 0.9041322469711304 0.07275807857513428 0.10743796825408936
0.0 0.32741111516952515 0.9000000357627869 0.07952618598937988 0.10082638263702393
0.0 0.39932316541671753 0.8950413465499878 0.08291029930114746 0.10247933864593506
0.0 0.4737732410430908 0.8950413465499878 0.08460235595703125 0.09256196022033691
0.0 0.5541454553604126 0.8842975497245789 0.08967852592468262 0.09586787223815918
0.0 0.6319797039031982 0.8752066493034363 0.08798646926879883 0.10247933864593506
0.0 0.7808798551559448 0.8619834780693054 0.08629441261291504 0.10578513145446777
0.0 0.8519458770751953 0.8495867848396301 0.07445007562637329 0.10578513145446777
0.0 0.7072757482528687 0.8694214820861816 0.0913705825805664 0.10247933864593506
