0.0 0.0014188085915520787 0.246720552444458 0.0028376171831041574 0.04477586969733238
0.0 0.004621037282049656 0.2838328182697296 0.009242074564099312 0.048070795834064484
0.0 0.009080953896045685 0.3059251308441162 0.01816190779209137 0.04729707911610603
0.0 0.01577228680253029 0.34807541966438293 0.03154457360506058 0.05291904881596565
0.0 0.01994241587817669 0.37646639347076416 0.03988483175635338 0.055051904171705246
0.0 0.026441043242812157 0.42956650257110596 0.05288208648562431 0.05737897753715515
0.0 0.03332507982850075 0.4623173773288727 0.0666501596570015 0.0631951093673706
0.0 0.040114954113960266 0.5216190814971924 0.08022990822792053 0.062421396374702454
0.0 0.04757755994796753 0.5590211153030396 0.09322917461395264 0.062035977840423584
0.0 0.0652274340391159 0.6182242035865784 0.09206710755825043 0.06494257599115372
0.0 0.07560493797063828 0.6570795774459839 0.08993422240018845 0.06009719893336296
0.0 0.09005405008792877 0.7032985687255859 0.09981905668973923 0.06591338664293289
0.0 0.10169070959091187 0.7396341562271118 0.09943073242902756 0.06281265616416931
0.0 0.11235800385475159 0.7745164632797241 0.09594163298606873 0.05932348221540451
0.0 0.12428443878889084 0.8068790435791016 0.09458538144826889 0.060679685324430466
0.0 0.14057081937789917 0.8363335132598877 0.09400291740894318 0.056028589606285095
0.0 0.15307830274105072 0.8670485615730286 0.09051380306482315 0.052539411932229996
0.0 0.16878217458724976 0.8918519020080566 0.09206417948007584 0.05273357406258583
0.0 0.1779947131872177 0.9214049577713013 0.09516497701406479 0.0531219020485878
0.0 0.03600040450692177 0.1448671519756317 0.07200080901384354 0.04750288277864456
0.0 0.041089169681072235 0.15784838795661926 0.08217833936214447 0.04304295405745506
0.0 0.04487024247646332 0.1741274744272232 0.08974048495292664 0.045952487736940384
0.0 0.0470038503408432 0.1901153177022934 0.0940077006816864 0.0444021075963974
0.0 0.050252437591552734 0.20755647122859955 0.10050487518310547 0.05079782009124756
0.0 0.04948015138506889 0.2315889596939087 0.09896030277013779 0.05428693816065788
0.0 0.05273986607789993 0.254456490278244 0.09787742793560028 0.05040949583053589
0.0 0.06234072148799896 0.28711026906967163 0.1067943423986435 0.06068263575434685
0.0 0.07358759641647339 0.3140464723110199 0.10194901376962662 0.05854976549744606
0.0 0.08667901903390884 0.35571134090423584 0.10388773679733276 0.06184472143650055
0.0 0.09928357601165771 0.3872016370296478 0.10563228279352188 0.06358924508094788
0.0 0.11247499287128448 0.44223901629447937 0.10136943310499191 0.06610754877328873
0.0 0.12934383749961853 0.47634464502334595 0.1013694480061531 0.06610754877328873
0.0 0.14554041624069214 0.5365171432495117 0.10737684369087219 0.06533383578062057
0.0 0.1574683040380478 0.575178325176239 0.10427606105804443 0.0649455115199089
0.0 0.17579631507396698 0.6335092186927795 0.10757099837064743 0.06688420474529266
0.0 0.18782128393650055 0.6729455590248108 0.10253150016069412 0.06320098042488098
0.0 0.2053682506084442 0.7061789631843567 0.104081891477108 0.06339514255523682
0.0 0.21613264083862305 0.741836428642273 0.11086592078208923 0.06882289052009583
0.0 0.23561832308769226 0.7779764533042908 0.11086595058441162 0.06882289797067642
0.0 0.24056802690029144 0.8112127780914307 0.10408192127943039 0.06339515000581741
0.0 0.21588702499866486 0.0986001193523407 0.1157112717628479 0.070955790579319
0.0 0.2283988744020462 0.14821112155914307 0.11338713765144348 0.07676903158426285
0.0 0.2407194823026657 0.20886901021003723 0.11784706264734268 0.08801009505987167
0.0 0.26544612646102905 0.2805708944797516 0.1252136081457138 0.0980890765786171
0.0 0.28872233629226685 0.3658393621444702 0.12637858092784882 0.10739140212535858
0.0 0.31044670939445496 0.4450034201145172 0.13200056552886963 0.11572583764791489
0.0 0.3372120261192322 0.5329843163490295 0.12928809225559235 0.11843827366828918
0.0 0.3706672489643097 0.636661946773529 0.12928809225559235 0.1184382438659668
0.0 0.40925467014312744 0.7247370481491089 0.1347130388021469 0.11301343142986298
0.0 0.42875051498413086 0.80496746301651 0.13102975487709045 0.10797388851642609
0.0 0.3213076889514923 0.06020250543951988 0.10873304307460785 0.06397758424282074
0.0 0.33042752742767334 0.1078762412071228 0.11513172090053558 0.07851357758045197
0.0 0.3462357521057129 0.16494795680046082 0.11610253155231476 0.08626553416252136
0.0 0.3646637201309204 0.23665127158164978 0.1240515187382698 0.10099568217992783
0.0 0.38832828402519226 0.32502055168151855 0.13490720093250275 0.11456380039453506
0.0 0.4147081971168518 0.4224979877471924 0.13103263080120087 0.1201828271150589
0.0 0.4430282711982727 0.5291807651519775 0.1306443065404892 0.11708203703165054
0.0 0.4798740744590759 0.6284968852996826 0.13432762026786804 0.12212157994508743
0.0 0.5126482248306274 0.7204494476318359 0.1300618201494217 0.11243093758821487
0.0 0.528849184513092 0.799517810344696 0.14750154316425323 0.10545846074819565
0.0 0.4070586860179901 0.02820497192442417 0.09652119129896164 0.051765721291303635
0.0 0.41733619570732117 0.05368785932660103 0.09981905668973923 0.06591338664293289
0.0 0.4290699362754822 0.09079866111278534 0.10175774246454239 0.06920832395553589
0.0 0.4403211772441864 0.13663077354431152 0.1124192550778389 0.08122602850198746
0.0 0.45942291617393494 0.18856589496135712 0.118623748421669 0.0942116528749466
0.0 0.47901153564453125 0.25067564845085144 0.12095072865486145 0.10060734301805496
0.0 0.5013139843940735 0.3155949115753174 0.1228894516825676 0.10390228033065796
0.0 0.5195492506027222 0.3920464813709259 0.12114782631397247 0.11436669528484344
0.0 0.544374406337738 0.47082218527793884 0.11940330266952515 0.11262217164039612
0.0 0.5712339282035828 0.5469810366630554 0.12541072070598602 0.11184845864772797
0.0 0.5971240997314453 0.6216866374015808 0.12230987846851349 0.1114601269364357
0.0 0.6186528205871582 0.6930016279220581 0.13102969527244568 0.10797388106584549
0.0 0.6390180587768555 0.7613129615783691 0.12560194730758667 0.10118982195854187
0.0 0.4967871308326721 0.01976572535932064 0.09303204715251923 0.03953145071864128
0.0 0.5131691098213196 0.03932418301701546 0.1002073809504509 0.06901416927576065
0.0 0.5252911448478699 0.07953576743602753 0.10234023630619049 0.07385949790477753
0.0 0.5419687628746033 0.12468831241130829 0.10176067799329758 0.08141728490591049
0.0 0.56126469373703 0.17817384004592896 0.10214900225400925 0.08451804518699646
0.0 0.5820152759552002 0.2369886338710785 0.1145549863576889 0.09828032553195953
0.0 0.6041251420974731 0.306656152009964 0.11688212305307388 0.10467606037855148
0.0 0.6288517713546753 0.37835800647735596 0.1252165585756302 0.1102980300784111
0.0 0.6532885432243347 0.45403292775154114 0.11901497095823288 0.10952135175466537
0.0 0.6736552715301514 0.5286428928375244 0.11707628518342972 0.10622642934322357
0.0 0.6914051175117493 0.6012185215950012 0.11688212305307388 0.10467606037855148
0.0 0.708572506904602 0.6691429615020752 0.1201770156621933 0.10661474615335464
0.0 0.7279669642448425 0.7297022938728333 0.11901204288005829 0.09731243550777435
0.0 0.583123505115509 0.010550280101597309 0.09516208618879318 0.021100560203194618
0.0 0.5932053923606873 0.025713661685585976 0.09071090817451477 0.05142732337117195
0.0 0.6057143211364746 0.055291641503572464 0.10098402947187424 0.07521571964025497
0.0 0.6237481236457825 0.09869962930679321 0.10079280287027359 0.0858742892742157
0.0 0.6397491097450256 0.15102308988571167 0.10118112713098526 0.08897507190704346
0.0 0.6633093357086182 0.20712397992610931 0.10583222657442093 0.08955756574869156
0.0 0.6829949617385864 0.27000892162323 0.10951556265354156 0.09459704160690308
0.0 0.711209237575531 0.3381246030330658 0.1102922186255455 0.10079862177371979
0.0 0.734676718711853 0.412346214056015 0.10854768007993698 0.09905403852462769
0.0 0.7510703802108765 0.48666638135910034 0.11068054288625717 0.10389941185712814
0.0 0.7733743190765381 0.5578842759132385 0.12095072865486145 0.10060732811689377
0.0 0.7864715456962585 0.6247437596321106 0.11998285353183746 0.10506438463926315
0.0 0.8049951195716858 0.6909235715866089 0.11300461739301682 0.0980861485004425
0.0 0.678859293460846 0.0016246209852397442 0.10058701783418655 0.0032492419704794884
0.0 0.6885529160499573 0.016740188002586365 0.10757099837064743 0.03348037600517273
0.0 0.6989303827285767 0.03889364004135132 0.10873597860336304 0.07618653774261475
0.0 0.715897798538208 0.08007312566041946 0.10718560963869095 0.07599238306283951
0.0 0.7322856187820435 0.12919871509075165 0.11494049429893494 0.08917213976383209
0.0 0.7503224015235901 0.18520396947860718 0.1091272383928299 0.09149626642465591
0.0 0.771558403968811 0.247894749045372 0.11106593161821365 0.09479119628667831
0.0 0.7968645691871643 0.31165051460266113 0.10370230674743652 0.0969211757183075
0.0 0.8153896927833557 0.38412901759147644 0.10719136893749237 0.10041028261184692
0.0 0.8351739048957825 0.4540877938270569 0.11164841800928116 0.09944235533475876
0.0 0.8745466470718384 0.5861563086509705 0.11474914848804474 0.09983067214488983
0.0 0.8890001773834229 0.6512712240219116 0.1133900135755539 0.08897799253463745
0.0 0.8552479147911072 0.5200734734535217 0.11358711123466492 0.10273736715316772
