0.0 0.011272141709923744 0.1109185442328453 0.02254428341984749 0.03119584359228611
0.0 0.012077294290065765 0.13344886898994446 0.02415458858013153 0.03812825307250023
0.0 0.012882447801530361 0.1516464501619339 0.025764895603060722 0.039861347526311874
0.0 0.01610305905342102 0.18370884656906128 0.03220611810684204 0.0450606644153595
0.0 0.018518518656492233 0.2045060694217682 0.03703703731298447 0.0450606644153595
0.0 0.019323673099279404 0.246100515127182 0.03864734619855881 0.04852684959769249
0.0 0.02254428341984749 0.2712304890155792 0.04508856683969498 0.046793773770332336
0.0 0.026570048183202744 0.3188908100128174 0.05314009636640549 0.05199306830763817
0.0 0.028985505923628807 0.35095319151878357 0.057971011847257614 0.05372614413499832
0.0 0.03220611810684204 0.410745233297348 0.06441223621368408 0.05545928701758385
0.0 0.03703703731298447 0.44800692796707153 0.07407407462596893 0.06065857782959938
0.0 0.04025764763355255 0.5147314071655273 0.0805152952671051 0.05892550200223923
0.0 0.04508856683969498 0.5571924448013306 0.09017713367938995 0.05719239264726639
0.0 0.0555555559694767 0.6247833371162415 0.08856682479381561 0.06065857782959938
0.0 0.061191625893116 0.6689774394035339 0.08695652335882187 0.055459219962358475
0.0 0.07004830986261368 0.7218371033668518 0.09661835432052612 0.06065857782959938
0.0 0.07729469239711761 0.7634315490722656 0.09661835432052612 0.057192426174879074
0.0 0.08373591303825378 0.8032928705215454 0.09339775890111923 0.05372614413499832
0.0 0.0917874351143837 0.8405545949935913 0.0917874276638031 0.055459219962358475
0.0 0.10466989129781723 0.8752166628837585 0.0917874425649643 0.050259992480278015
0.0 0.11352657526731491 0.9107452034950256 0.08856682479381561 0.046793706715106964
0.0 0.12640900909900665 0.9402079582214355 0.09017712622880936 0.046793706715106964
0.0 0.13204509019851685 0.9740034937858582 0.09339775890111923 0.046793706715106964
0.0 0.07246377319097519 0.09792027622461319 0.09822866320610046 0.03986135497689247
0.0 0.08695652335882187 0.11438474804162979 0.08695653080940247 0.03639513626694679
0.0 0.08695652335882187 0.13258232176303864 0.09822865575551987 0.03812824562191963
0.0 0.08937198668718338 0.15077988803386688 0.09822866320610046 0.036395154893398285
0.0 0.09259259700775146 0.17071057856082916 0.0998389720916748 0.04332755506038666
0.0 0.0861513689160347 0.1967071145772934 0.10305958986282349 0.046793773770332336
0.0 0.08937198668718338 0.22270365059375763 0.09661835432052612 0.04332755506038666
0.0 0.09500805288553238 0.25996533036231995 0.10466987639665604 0.053726159036159515
0.0 0.10305958241224289 0.2911611795425415 0.09983896464109421 0.05199306830763817
0.0 0.1111111119389534 0.3388214707374573 0.10144928097724915 0.05545928701758385
0.0 0.11996778845787048 0.37521663308143616 0.10305957496166229 0.057192362844944
0.0 0.12640900909900665 0.4376083314418793 0.09822865575551987 0.06065857782959938
0.0 0.13929146528244019 0.47746965289115906 0.09822867065668106 0.06065857782959938
0.0 0.14814814925193787 0.5459272265434265 0.10466988384723663 0.05892550200223923
0.0 0.1553945094347 0.590121328830719 0.10144927352666855 0.05892550200223923
0.0 0.1666666716337204 0.6568458080291748 0.10466988384723663 0.06065857782959938
0.0 0.17391304671764374 0.7019063830375671 0.09983895719051361 0.057192426174879074
0.0 0.18760064244270325 0.7409012317657471 0.10144926607608795 0.057192426174879074
0.0 0.1940418779850006 0.7816290855407715 0.10789047926664352 0.062391653656959534
0.0 0.20933976769447327 0.8240901231765747 0.10789050906896591 0.062391653656959534
0.0 0.21014493703842163 0.8613518476486206 0.10144929587841034 0.057192426174879074
0.0 0.27616745233535767 0.0736568421125412 0.11272141337394714 0.06412477791309357
0.0 0.28260868787765503 0.12998266518115997 0.10950079560279846 0.07105720043182373
0.0 0.28743961453437805 0.19844020903110504 0.11272141337394714 0.08318892866373062
0.0 0.3035426735877991 0.28076258301734924 0.1191626489162445 0.09358753263950348
0.0 0.3164251148700714 0.3778162896633148 0.1191626489162445 0.10398613661527634
0.0 0.3285024166107178 0.4679376184940338 0.12399356812238693 0.11265164613723755
0.0 0.3446054756641388 0.5684574842453003 0.12077295035123825 0.11611782759428024
0.0 0.36553946137428284 0.6871750950813293 0.12077295035123825 0.11611779779195786
0.0 0.3937198221683502 0.7894280552864075 0.1272141933441162 0.10918549448251724
0.0 0.4033816158771515 0.8804159164428711 0.12399356812238693 0.10398613661527634
0.0 0.3888888955116272 0.04592721164226532 0.10628017038106918 0.057192374020814896
0.0 0.3921095132827759 0.09965337812900543 0.11111113429069519 0.07279029488563538
0.0 0.40096616744995117 0.16464471817016602 0.11111113429069519 0.08145581185817719
0.0 0.4106280207633972 0.246100515127182 0.11755232512950897 0.09705373644828796
0.0 0.42351046204566956 0.34662044048309326 0.1272141933441162 0.1109185740351677
0.0 0.4380032420158386 0.45753899216651917 0.1223832294344902 0.11785093694925308
0.0 0.4533011317253113 0.5788561701774597 0.1223832294344902 0.114384725689888
0.0 0.47826090455055237 0.6932408809661865 0.12560388445854187 0.1195840835571289
0.0 0.5 0.7989600896835327 0.1223832294344902 0.10918549448251724
0.0 0.5064412355422974 0.8882148861885071 0.1417069435119629 0.09878677874803543
0.0 0.4806763231754303 0.02253032848238945 0.09500804543495178 0.0450606569647789
0.0 0.48792269825935364 0.05199306830763817 0.09661835432052612 0.06065857782959938
0.0 0.495169073343277 0.0944540724158287 0.09822864085435867 0.06412477791309357
0.0 0.500805139541626 0.14644713699817657 0.10789050906896591 0.07625649124383926
0.0 0.5136876106262207 0.20623916387557983 0.11272145062685013 0.090121328830719
0.0 0.5257649421691895 0.27729636430740356 0.1143316999077797 0.09705371409654617
0.0 0.5402576327323914 0.3518197536468506 0.11594200879335403 0.10051991790533066
0.0 0.5491142868995667 0.4384748637676239 0.11272141337394714 0.11265164613723755
0.0 0.5644122362136841 0.5285961627960205 0.11111113429069519 0.1109185740351677
0.0 0.5821256041526794 0.6161178350448608 0.11755238473415375 0.10918549448251724
0.0 0.5990338325500488 0.7019063830375671 0.1143316999077797 0.10918549448251724
0.0 0.6119162440299988 0.7833622097969055 0.12399350851774216 0.10398613661527634
0.0 0.6239935755729675 0.8613518476486206 0.1191626638174057 0.09705369919538498
0.0 0.5740740895271301 0.020797228440642357 0.09178739041090012 0.041594456881284714
0.0 0.5877617001533508 0.049393411725759506 0.09661835432052612 0.06412478536367416
0.0 0.5950080752372742 0.09532062709331512 0.09822864085435867 0.06932409107685089
0.0 0.6062802076339722 0.1473136842250824 0.09661835432052612 0.0779896005988121
0.0 0.6191626787185669 0.2088388204574585 0.09661835432052612 0.0814557895064354
0.0 0.6328502297401428 0.27642980217933655 0.10789044946432114 0.09532064199447632
0.0 0.6465378403663635 0.3561525046825409 0.10950085520744324 0.10225305706262589
0.0 0.6626409292221069 0.4384748637676239 0.11755238473415375 0.10745235532522202
0.0 0.6779387593269348 0.5251299738883972 0.11111113429069519 0.10745231807231903
0.0 0.6892109513282776 0.6100519895553589 0.10950085520744324 0.10398613661527634
0.0 0.6980676054954529 0.6923743486404419 0.10950085520744324 0.10225305706262589
0.0 0.706924319267273 0.7694974541664124 0.11272141337394714 0.10398613661527634
0.0 0.7190016508102417 0.838821530342102 0.11272141337394714 0.09358754754066467
0.0 0.6642512083053589 0.0164644718170166 0.09500807523727417 0.0329289436340332
0.0 0.6723027229309082 0.03726169839501381 0.08695654571056366 0.06239167973399162
0.0 0.6803542375564575 0.07972270250320435 0.09661835432052612 0.07105718553066254
0.0 0.6932367086410522 0.12998266518115997 0.09500807523727417 0.08318890631198883
0.0 0.7028985619544983 0.18977469205856323 0.09500807523727417 0.08665511012077332
0.0 0.7198067903518677 0.254766047000885 0.09983891993761063 0.0866551324725151
0.0 0.7318840622901917 0.32668977975845337 0.10305960476398468 0.09185440838336945
0.0 0.7520129084587097 0.4055459201335907 0.10305960476398468 0.0987868383526802
0.0 0.7665055990219116 0.49046793580055237 0.10144932568073273 0.09705369919538498
0.0 0.773751974105835 0.5745234489440918 0.10305960476398468 0.10225305706262589
0.0 0.7874396443367004 0.6559791564941406 0.1143316999077797 0.09705369919538498
0.0 0.7922705411911011 0.731369137763977 0.11272141337394714 0.10225305706262589
0.0 0.8027374744415283 0.8067590594291687 0.10628017038106918 0.09532062709331512
0.0 0.7640901803970337 0.012998267076909542 0.10144932568073273 0.025996534153819084
0.0 0.772141695022583 0.03032928891479969 0.10466988384723663 0.06065857782959938
0.0 0.7777777910232544 0.07452340424060822 0.10466988384723663 0.07105719298124313
0.0 0.7898550629615784 0.12218371033668518 0.10305960476398468 0.07105720043182373
0.0 0.8003220558166504 0.17850953340530396 0.10950085520744324 0.08492200076580048
0.0 0.8115942478179932 0.24263431131839752 0.10305960476398468 0.08838820457458496
0.0 0.8252817988395691 0.3145580589771271 0.10466988384723663 0.09185440838336945
0.0 0.8429951667785645 0.3882148861885071 0.09661835432052612 0.09532062709331512
0.0 0.8526570200920105 0.4705372452735901 0.09983891993761063 0.0987868383526802
0.0 0.8639291524887085 0.5502599477767944 0.10466988384723663 0.09705369919538498
0.0 0.8872785568237305 0.7010398507118225 0.10789044946432114 0.09705369919538498
0.0 0.8937197923660278 0.7746967077255249 0.10789044946432114 0.08492203801870346
0.0 0.8760064840316772 0.6256498694419861 0.10628017038106918 0.10051998496055603
