0.0 0.0029634025413542986 0.12111591547727585 0.005926805082708597 0.02902802638709545
0.0 0.0042412858456373215 0.14137695729732513 0.008482571691274643 0.03533870726823807
0.0 0.005386545788496733 0.15773527324199677 0.010773091576993465 0.03696610406041145
0.0 0.009171846322715282 0.18648286163806915 0.018343692645430565 0.04191463813185692
0.0 0.011911354027688503 0.20511649549007416 0.023822708055377007 0.04211357235908508
0.0 0.013520795851945877 0.24254955351352692 0.027041591703891754 0.045302048325538635
0.0 0.0171071607619524 0.26505276560783386 0.0342143215239048 0.04400622844696045
0.0 0.021971410140395164 0.3078170120716095 0.04394282028079033 0.049021050333976746
0.0 0.02494300715625286 0.3365977704524994 0.04988601431250572 0.05078105255961418
0.0 0.02922564558684826 0.39032283425331116 0.05845129117369652 0.05260742828249931
0.0 0.03467150405049324 0.4236873686313629 0.06934300810098648 0.05768856406211853
0.0 0.03905361145734787 0.4836568236351013 0.07810722291469574 0.056392740458250046
0.0 0.04453262686729431 0.5217046737670898 0.08906525373458862 0.055229511111974716
0.0 0.05699377879500389 0.5821561813354492 0.08818097412586212 0.058285366743803024
0.0 0.06414854526519775 0.6217319369316101 0.0864209532737732 0.05353572964668274
0.0 0.07475706189870834 0.668980598449707 0.09598644077777863 0.05861692503094673
0.0 0.08337345719337463 0.7061483860015869 0.09585382044315338 0.05549478903412819
0.0 0.09114298969507217 0.7417882084846497 0.09259901940822601 0.05223990976810455
0.0 0.10037414729595184 0.775020182132721 0.09110421687364578 0.053734663873910904
0.0 0.11418912559747696 0.8057115077972412 0.09090530127286911 0.04905145987868309
0.0 0.12413451820611954 0.8373491764068604 0.08765048533678055 0.045796580612659454
0.0 0.1377505511045456 0.8633573055267334 0.08921156823635101 0.045862890779972076
0.0 0.14450745284557343 0.8935664892196655 0.09233377128839493 0.04599551483988762
0.0 0.0532265268266201 0.10688788443803787 0.09675179421901703 0.03995013236999512
0.0 0.06790632009506226 0.12112145125865936 0.08569152653217316 0.03636375442147255
0.0 0.06860258430242538 0.1375129222869873 0.09668547660112381 0.03838903456926346
0.0 0.0716404989361763 0.15380491316318512 0.09661917388439178 0.03682795166969299
0.0 0.07552526891231537 0.17162486910820007 0.09844551235437393 0.04313862696290016
0.0 0.07027556747198105 0.19530649483203888 0.1017003208398819 0.04639344662427902
0.0 0.07439243048429489 0.21859025955200195 0.09532332420349121 0.04300600290298462
0.0 0.08128194510936737 0.2519216239452362 0.10352665185928345 0.0527041032910347
0.0 0.09028102457523346 0.2796897292137146 0.09877706319093704 0.05094408616423607
0.0 0.09991005063056946 0.3222882151603699 0.10047078877687454 0.05413259565830231
0.0 0.10988859832286835 0.35470643639564514 0.10209818184375763 0.0557599738240242
0.0 0.11852018535137177 0.41064053773880005 0.09754752367734909 0.058683235198259354
0.0 0.13253408670425415 0.4460151493549347 0.09754753857851028 0.058683235198259354
0.0 0.14373940229415894 0.50731360912323 0.10372558981180191 0.05738741531968117
0.0 0.15245525538921356 0.5468230247497559 0.10060340166091919 0.057254791259765625
0.0 0.1659359186887741 0.6064609289169312 0.10379189997911453 0.05894848331809044
0.0 0.17468492686748505 0.6467509269714355 0.09897599369287491 0.05562740936875343
0.0 0.18944621086120605 0.681311845779419 0.10053708404302597 0.055693723261356354
0.0 0.1972489207983017 0.7177322506904602 0.10698037594556808 0.06064217537641525
0.0 0.2137039303779602 0.7553490400314331 0.10698040574789047 0.06064217537641525
0.0 0.2159101814031601 0.78887939453125 0.10053711384534836 0.055693723261356354
0.0 0.24977631866931915 0.0766441747546196 0.11172998696565628 0.06240222230553627
0.0 0.2581758201122284 0.1271144300699234 0.10887303948402405 0.06851397454738617
0.0 0.2654784321784973 0.18857863545417786 0.11245941370725632 0.07957425713539124
0.0 0.28423914313316345 0.26206740736961365 0.11910166591405869 0.08920604735612869
0.0 0.30044132471084595 0.3489580750465393 0.11949953436851501 0.09857259690761566
0.0 0.3155977129936218 0.42963752150535583 0.1245143711566925 0.10657698661088943
0.0 0.3350546956062317 0.519517719745636 0.12152479588985443 0.10956653207540512
0.0 0.35989126563072205 0.6255905628204346 0.12152479588985443 0.10956650227308273
0.0 0.3911227583885193 0.7165344953536987 0.12750394642353058 0.10358747839927673
0.0 0.4039706587791443 0.7980939745903015 0.1241828128695488 0.09877152740955353
0.0 0.3579917848110199 0.047024887055158615 0.10522034764289856 0.05589260905981064
0.0 0.3631696403026581 0.09528612345457077 0.11050047725439072 0.07014137506484985
0.0 0.3742423355579376 0.15346236526966095 0.11083203554153442 0.07794684171676636
0.0 0.3867255449295044 0.2264358252286911 0.11767317354679108 0.0922619178891182
0.0 0.40306034684181213 0.3164486885070801 0.1275702565908432 0.105148546397686
0.0 0.42135414481163025 0.415761798620224 0.12315217405557632 0.1111939400434494
0.0 0.44082629680633545 0.5244083404541016 0.12301955372095108 0.10807174444198608
0.0 0.4693998396396637 0.626412570476532 0.12634071707725525 0.11288769543170929
0.0 0.49451953172683716 0.7207439541816711 0.12282062321901321 0.10338854044675827
0.0 0.5041790008544922 0.8008749485015869 0.1411558985710144 0.0948176309466362
0.0 0.4460788369178772 0.022210383787751198 0.09382853657007217 0.044420767575502396
0.0 0.45423105359077454 0.04841054603457451 0.09598644077777863 0.05861692503094673
0.0 0.46288061141967773 0.08635889738798141 0.09768012911081314 0.06180541589856148
0.0 0.4703337848186493 0.13295957446098328 0.10751090198755264 0.07313092797994614
0.0 0.4851102828979492 0.18628676235675812 0.11272469162940979 0.08581862598657608
0.0 0.49953725934028625 0.24979420006275177 0.11455097794532776 0.09212928265333176
0.0 0.5164384245872498 0.3163243532180786 0.11624469608068466 0.0953177735209465
0.0 0.5283400416374207 0.39401426911354065 0.11358670890331268 0.10611280798912048
0.0 0.546618640422821 0.4745611250400543 0.11195933073759079 0.10448542982339859
0.0 0.5671393871307373 0.5526668429374695 0.1181374117732048 0.1031896099448204
0.0 0.5868132710456848 0.6292446255683899 0.11501515656709671 0.10305698215961456
0.0 0.6024186611175537 0.7020854949951172 0.12418275326490402 0.09877152740955353
0.0 0.6171109080314636 0.7718372941017151 0.11923430114984512 0.09232819825410843
0.0 0.5365559458732605 0.018693100661039352 0.09057369083166122 0.037386201322078705
0.0 0.5509192943572998 0.04195758327841759 0.09611906111240387 0.061739109456539154
0.0 0.5597015023231506 0.08302813023328781 0.0978790670633316 0.06648869812488556
0.0 0.5726184844970703 0.1293967068195343 0.09664955735206604 0.07422784715890884
0.0 0.5874612927436829 0.1842849999666214 0.09678217768669128 0.07735001295804977
0.0 0.6033167243003845 0.2446039468050003 0.1082402691245079 0.0903029665350914
0.0 0.6196363568305969 0.31585052609443665 0.11006670445203781 0.09661366045475006
0.0 0.6383970975875854 0.38933929800987244 0.11807110160589218 0.10162848234176636
0.0 0.6565430164337158 0.4667639434337616 0.11182671040296555 0.10136320441961288
0.0 0.6707199215888977 0.542793333530426 0.11013301461935043 0.09817472845315933
0.0 0.6824557185173035 0.6165804862976074 0.11006670445203781 0.09661366045475006
0.0 0.6939926147460938 0.6856843829154968 0.11325515061616898 0.09830734878778458
0.0 0.7083532810211182 0.7476307153701782 0.11285728216171265 0.0889408141374588
0.0 0.6238113045692444 0.012966800481081009 0.09336438775062561 0.025933600962162018
0.0 0.6324124932289124 0.028719328343868256 0.08668622374534607 0.05743865668773651
0.0 0.6418426036834717 0.06546378135681152 0.09638430923223495 0.0679834708571434
0.0 0.6562543511390686 0.11020496487617493 0.09528741985559464 0.07884480804204941
0.0 0.6679086685180664 0.163664773106575 0.09542004764080048 0.08196699619293213
0.0 0.6867868304252625 0.22150947153568268 0.10010325163602829 0.08216594159603119
0.0 0.7012469172477722 0.28579747676849365 0.10342444479465485 0.08698181807994843
0.0 0.7237777709960938 0.3559982478618622 0.10368969291448593 0.09322621673345566
0.0 0.7410768270492554 0.4318949580192566 0.10206230729818344 0.09159877151250839
0.0 0.7513178586959839 0.5073095560073853 0.10382231324911118 0.09634841233491898
0.0 0.7677038311958313 0.5801172256469727 0.11455097794532776 0.09212926775217056
0.0 0.7752716541290283 0.6478258371353149 0.11318884044885635 0.0967462807893753
0.0 0.7883032560348511 0.7153022885322571 0.10667920112609863 0.09023664146661758
0.0 0.7204663753509521 0.007855268195271492 0.09934353083372116 0.015710536390542984
0.0 0.7289349436759949 0.023333566263318062 0.10379189997911453 0.046667132526636124
0.0 0.7360897064208984 0.05676865950226784 0.10418976843357086 0.0683150365948677
0.0 0.7496214509010315 0.09920135885477066 0.10262870043516159 0.06824873387813568
0.0 0.7619237303733826 0.1495058238506317 0.1094035878777504 0.08100270479917526
0.0 0.775304913520813 0.20680205523967743 0.103291817009449 0.0838596373796463
0.0 0.791326105594635 0.2710237205028534 0.10498551279306412 0.08704812824726105
0.0 0.8113163113594055 0.33664071559906006 0.09731267392635345 0.08983877301216125
0.0 0.8238327503204346 0.41039472818374634 0.10056743025779724 0.09309358894824982
0.0 0.8378106951713562 0.481740802526474 0.10518444329500198 0.09173139929771423
0.0 0.8662156462669373 0.6165943145751953 0.10830657929182053 0.09186401963233948
0.0 0.8752782344818115 0.6826754808425903 0.10784240067005157 0.08093641698360443
0.0 0.852403461933136 0.5491509437561035 0.1068781390786171 0.09491996467113495
