0.0 0.87409508228302 0.9856085777282715 0.035180967301130295 0.02878284454345703
0.0 0.865363597869873 0.9850721955299377 0.05216803401708603 0.02985556237399578
0.0 0.8361412286758423 0.9819208979606628 0.05549447610974312 0.03615818917751312
0.0 0.8177287578582764 0.9796618223190308 0.057276759296655655 0.040676362812519073
0.0 0.7804281711578369 0.9782916903495789 0.05834518000483513 0.0434165820479393
0.0 0.7559575438499451 0.9748440980911255 0.058821018785238266 0.05031181871891022
0.0 0.7136088013648987 0.9713943600654602 0.06321588158607483 0.05721127986907959
0.0 0.6850395798683167 0.968748152256012 0.06499816477298737 0.06250374764204025
0.0 0.6308708190917969 0.9649707078933716 0.06499816477298737 0.07005856186151505
0.0 0.597134530544281 0.9617297053337097 0.07093728333711624 0.07654058188199997
0.0 0.5365507006645203 0.9583675861358643 0.06784877181053162 0.08326487988233566
0.0 0.49931061267852783 0.9531367421150208 0.06808668375015259 0.09372656792402267
0.0 0.43843045830726624 0.9458235502243042 0.06737293303012848 0.09480665624141693
0.0 0.3980412185192108 0.9411821365356445 0.0640464499592781 0.09278656542301178
0.0 0.3505253791809082 0.9314903616905212 0.06986884772777557 0.1012217104434967
0.0 0.3130473494529724 0.9233450889587402 0.06784877181053162 0.09789528697729111
0.0 0.2777668237686157 0.9163288474082947 0.06250219792127609 0.0925486609339714
0.0 0.24414949119091034 0.9087783098220825 0.06226428598165512 0.0910044014453888
0.0 0.2117801457643509 0.8982582092285156 0.05941362306475639 0.09207282960414886
0.0 0.1797071397304535 0.8909456133842468 0.056087154895067215 0.09005275368690491
0.0 0.1546439230442047 0.8791797161102295 0.05834515392780304 0.09492343664169312
0.0 0.12322406470775604 0.8727582693099976 0.058583080768585205 0.09646780788898468
0.0 0.9017341136932373 0.9247156381607056 0.02995547279715538 0.09658024460077286
0.0 0.8971034288406372 0.9137261509895325 0.04218864440917969 0.08791153877973557
0.0 0.8821948170661926 0.91301029920578 0.05026908218860626 0.1012173742055893
0.0 0.8658609390258789 0.9112843871116638 0.0487247072160244 0.10097944736480713
0.0 0.8473295569419861 0.9084293842315674 0.055139780044555664 0.10347547382116318
0.0 0.8241631984710693 0.9151363968849182 0.05715985596179962 0.10680189728736877
0.0 0.8009989857673645 0.911567747592926 0.054663944989442825 0.100386843085289
0.0 0.7670247554779053 0.9063336849212646 0.065119169652462 0.10953571647405624
0.0 0.7390503883361816 0.8980715870857239 0.06262326240539551 0.10312066227197647
0.0 0.6959294676780701 0.8906378746032715 0.06618772447109222 0.10668513178825378
0.0 0.6630842685699463 0.8832063674926758 0.06820780038833618 0.11001155525445938
0.0 0.6080244183540344 0.8763047456741333 0.07058259099721909 0.10585460066795349
0.0 0.5711411833763123 0.8642987608909607 0.0721268504858017 0.10609250515699387
0.0 0.509904146194458 0.8564454913139343 0.07153422385454178 0.11203163117170334
0.0 0.46909967064857483 0.849368691444397 0.06951415538787842 0.10870520770549774
0.0 0.4091106057167053 0.8385457992553711 0.07462280243635178 0.11250745505094528
0.0 0.36830613017082214 0.8314689993858337 0.06749407947063446 0.10537878423929214
0.0 0.33385828137397766 0.819047749042511 0.06951415538787842 0.10870520770549774
0.0 0.2961423397064209 0.8124467134475708 0.07201006263494492 0.11512026190757751
0.0 0.25819066166877747 0.7971143126487732 0.07201006263494492 0.11512026190757751
0.0 0.22415593266487122 0.7974041700363159 0.06796988099813461 0.10846729576587677
0.0 0.9326021671295166 0.7294830679893494 0.07426805049180984 0.11999094486236572
0.0 0.8837194442749023 0.7235330939292908 0.08127572387456894 0.11654773354530334
0.0 0.8218876123428345 0.719540536403656 0.09434374421834946 0.12308381497859955
0.0 0.7475848197937012 0.7041410803794861 0.10456106066703796 0.13068842887878418
0.0 0.6600949764251709 0.6922432780265808 0.11358881741762161 0.130571648478508
0.0 0.5789012908935547 0.6805250644683838 0.12226187437772751 0.13793836534023285
0.0 0.48790764808654785 0.6657159924507141 0.12487467378377914 0.1353255659341812
0.0 0.3819470703601837 0.6454393267631531 0.12487467378377914 0.1353255659341812
0.0 0.2887580990791321 0.6192256212234497 0.11964917927980423 0.14055106043815613
0.0 0.20720753073692322 0.6098237633705139 0.11299624294042587 0.13651089370250702
0.0 0.9588786363601685 0.6204944849014282 0.06844571977853775 0.11155584454536438
0.0 0.9111832976341248 0.617098867893219 0.08484017848968506 0.12011208385229111
0.0 0.8522626757621765 0.6096023917198181 0.09101732075214386 0.12106373906135559
0.0 0.7778992652893066 0.5997268557548523 0.10741178691387177 0.1296200156211853
0.0 0.6879740953445435 0.5882443785667419 0.12119343876838684 0.1407889574766159
0.0 0.5880110859870911 0.5752154588699341 0.1251126080751419 0.13686993718147278
0.0 0.47801029682159424 0.5606400966644287 0.12178607285022736 0.13484972715377808
0.0 0.37496089935302734 0.5368595719337463 0.12867693603038788 0.14043426513671875
0.0 0.2800481617450714 0.5167040228843689 0.11893545091152191 0.1359182596206665
0.0 0.19879388809204102 0.5105096697807312 0.11430688202381134 0.1548043042421341
0.0 0.9758803248405457 0.5319967269897461 0.04823935031890869 0.09753620624542236
0.0 0.9530777335166931 0.5247447490692139 0.07165101915597916 0.10300390422344208
0.0 0.9147086143493652 0.5172526240348816 0.07473964244127274 0.10347971320152283
0.0 0.8679043650627136 0.5132037997245789 0.08745287358760834 0.11749938875436783
0.0 0.814568281173706 0.5002440214157104 0.10052090138196945 0.12403549998998642
0.0 0.7498274445533752 0.48947954177856445 0.10693596303462982 0.1265314370393753
0.0 0.6824738383293152 0.4751506745815277 0.1087181344628334 0.12831363081932068
0.0 0.6047839522361755 0.46634364128112793 0.1205964908003807 0.12712837755680084
0.0 0.5230560302734375 0.45296213030815125 0.11727005243301392 0.1251082420349121
0.0 0.4442392885684967 0.4360767900943756 0.11976596713066101 0.13152329623699188
0.0 0.3670857548713684 0.41865721344947815 0.11774588376283646 0.1281968206167221
0.0 0.2929602861404419 0.4072374105453491 0.11454052478075027 0.1367487758398056
0.0 0.2226954996585846 0.3964124023914337 0.10610534995794296 0.13092634081840515
0.0 0.9770481586456299 0.4405857026576996 0.045903634279966354 0.09896372258663177
0.0 0.954582929611206 0.4277491867542267 0.07473964244127274 0.10347971320152283
0.0 0.9145506024360657 0.4207913279533386 0.07937242090702057 0.10419344156980515
0.0 0.8663815855979919 0.41020849347114563 0.08709382265806198 0.10538300126791
0.0 0.8121544122695923 0.3979019224643707 0.09018245339393616 0.10585884004831314
0.0 0.7502058148384094 0.3844057619571686 0.10289568454027176 0.11987851560115814
0.0 0.6785156726837158 0.3725706934928894 0.10907283425331116 0.12083017081022263
0.0 0.6042128205299377 0.3571712374687195 0.1148952841758728 0.12926532328128815
0.0 0.525158166885376 0.34183016419410706 0.1141815111041069 0.12463242560625076
0.0 0.4492504894733429 0.33171671628952026 0.11061708629131317 0.121068075299263
0.0 0.37542131543159485 0.32350441813468933 0.10907283425331116 0.12083017081022263
0.0 0.3047996759414673 0.3149958550930023 0.1126372218132019 0.1243945062160492
0.0 0.24326632916927338 0.30393505096435547 0.10360943526029587 0.12451134622097015
0.0 0.9802945852279663 0.3527390658855438 0.0394107960164547 0.09991534799337387
0.0 0.9652681350708008 0.345664381980896 0.06946372240781784 0.09373821318149567
0.0 0.9272789359092712 0.3381722867488861 0.08091679215431213 0.1044313833117485
0.0 0.8819021582603455 0.32485780119895935 0.0881623774766922 0.10253240168094635
0.0 0.8278523087501526 0.31653085350990295 0.09125089645385742 0.1030082181096077
0.0 0.7702402472496033 0.30054089426994324 0.09707334637641907 0.11144337058067322
0.0 0.7040740251541138 0.28876635432243347 0.10039976984262466 0.11346345394849777
0.0 0.6334545612335205 0.2699820399284363 0.10657691955566406 0.11441510915756226
0.0 0.5564784407615662 0.2565421164035797 0.10503263026475906 0.11417719721794128
0.0 0.48086705803871155 0.2496362179517746 0.10966543853282928 0.1148909255862236
0.0 0.4070984125137329 0.23589999973773956 0.10693590342998505 0.1265314221382141
0.0 0.33962374925613403 0.2326190024614334 0.11109291017055511 0.12415660917758942
0.0 0.27090322971343994 0.22203189134597778 0.10087558627128601 0.11655202507972717
0.0 0.9986571669578552 0.26364871859550476 0.0026856204494833946 0.10299962759017944
0.0 0.9833928346633911 0.25657621026039124 0.03321431204676628 0.10918102413415909
0.0 0.967742383480072 0.2487293928861618 0.06451525539159775 0.11096324026584625
0.0 0.9315158128738403 0.24396899342536926 0.07901772856712341 0.11167696118354797
0.0 0.8889897465705872 0.23267459869384766 0.08032406866550446 0.11037058383226395
0.0 0.8383853435516357 0.222507044672966 0.09517427533864975 0.1186889186501503
0.0 0.7808316349983215 0.21126891672611237 0.09754917025566101 0.11453192681074142
0.0 0.7147844433784485 0.1987222582101822 0.1008756011724472 0.11655202507972717
0.0 0.6486787796020508 0.18142378330230713 0.10099238157272339 0.10752424597740173
0.0 0.574196457862854 0.1723204106092453 0.10610109567642212 0.11132656037807465
0.0 0.5022684335708618 0.16202962398529053 0.1039641723036766 0.11702784895896912
0.0 0.3666096031665802 0.13954903185367584 0.10443999618291855 0.12011640518903732
0.0 0.3002639412879944 0.13407059013843536 0.09339208900928497 0.11690674722194672
0.0 0.4337858259677887 0.1498982310295105 0.10859700292348862 0.11774158477783203
