0.0 0.932593822479248 0.9661290645599365 0.09556311368942261 0.019354788586497307
0.0 0.935153603553772 0.9572581052780151 0.09726957231760025 0.03709682449698448
0.0 0.9368600845336914 0.9274193644523621 0.10238907486200333 0.04032257944345474
0.0 0.9343003630638123 0.9072580337524414 0.09897615760564804 0.04193545877933502
0.0 0.9394198060035706 0.8685483932495117 0.09897615760564804 0.0435483381152153
0.0 0.9377132654190063 0.8435483574867249 0.09897615760564804 0.0435483381152153
0.0 0.9377132654190063 0.7983871102333069 0.09897615760564804 0.04838709533214569
0.0 0.9385665655136108 0.7685484290122986 0.09897615760564804 0.04999997466802597
0.0 0.9428327679634094 0.7129032015800476 0.09897615760564804 0.04999997466802597
0.0 0.94112628698349 0.676612913608551 0.09726957231760025 0.05645161122083664
0.0 0.9488054513931274 0.6145161390304565 0.10238907486200333 0.05322585627436638
0.0 0.9436860084533691 0.5741935968399048 0.09897615760564804 0.05322585627436638
0.0 0.9445392489433289 0.5104838609695435 0.09385665506124496 0.05483873561024666
0.0 0.9479522109031677 0.4693548381328583 0.09215019643306732 0.051612917333841324
0.0 0.9479522109031677 0.4185483753681183 0.10068261623382568 0.05483873561024666
0.0 0.9462457299232483 0.3790322542190552 0.09726957231760025 0.053225792944431305
0.0 0.9462457299232483 0.34193548560142517 0.09215019643306732 0.04999997466802597
0.0 0.9445392489433289 0.30645158886909485 0.09044373780488968 0.04838709533214569
0.0 0.9402730464935303 0.27177417278289795 0.09385665506124496 0.04677421972155571
0.0 0.9385665655136108 0.23790320754051208 0.09044373780488968 0.04354839771986008
0.0 0.9308874011039734 0.20967741310596466 0.09556311368942261 0.04354838281869888
0.0 0.9308874011039734 0.17661289870738983 0.09726957231760025 0.04354839771986008
0.0 0.8276450634002686 0.9766128659248352 0.10409553349018097 0.012903274968266487
0.0 0.8174061179161072 0.9693548679351807 0.09215019643306732 0.029032306745648384
0.0 0.8191126585006714 0.9548386931419373 0.10580199211835861 0.033870942890644073
0.0 0.8208191394805908 0.9370967745780945 0.10580199211835861 0.032258063554763794
0.0 0.8208191394805908 0.9177419543266296 0.10580199211835861 0.03870970383286476
0.0 0.8327645063400269 0.8959677219390869 0.10921504348516464 0.04032257944345474
0.0 0.8336177468299866 0.8717741966247559 0.10238907486200333 0.03870970383286476
0.0 0.835324227809906 0.8362903594970703 0.11262796074151993 0.04677421972155571
0.0 0.8327645063400269 0.8064516186714172 0.10580199211835861 0.04677421972155571
0.0 0.8336177468299866 0.7612903118133545 0.10921504348516464 0.04999997466802597
0.0 0.8319112658500671 0.7266128659248352 0.11092150211334229 0.05161285400390625
0.0 0.8361775279045105 0.6685484051704407 0.10580199211835861 0.05483873561024666
0.0 0.8302047848701477 0.6298387050628662 0.10580199211835861 0.05645161122083664
0.0 0.8344709873199463 0.5653225779533386 0.11262796074151993 0.05322585627436638
0.0 0.8344709873199463 0.52338707447052 0.10921504348516464 0.05322585627436638
0.0 0.8361775279045105 0.4604838490486145 0.11262796074151993 0.05645158141851425
0.0 0.8361775279045105 0.41774195432662964 0.10580199211835861 0.051612917333841324
0.0 0.8302047848701477 0.3798387050628662 0.10921504348516464 0.053225792944431305
0.0 0.8302047848701477 0.34112903475761414 0.11604100465774536 0.05483873561024666
0.0 0.8225255608558655 0.2991935610771179 0.11604100465774536 0.05483873561024666
0.0 0.829351544380188 0.26532256603240967 0.10921504348516464 0.051612917333841324
0.0 0.611774742603302 0.9701613187789917 0.12116038054227829 0.05645161122083664
0.0 0.6160409450531006 0.9193548560142517 0.11604100465774536 0.06451612710952759
0.0 0.6237201690673828 0.8556451201438904 0.12116038054227829 0.07741940766572952
0.0 0.6228669285774231 0.7774193286895752 0.12627989053726196 0.08709679543972015
0.0 0.6279863715171814 0.6862903237342834 0.12627989053726196 0.09677419066429138
0.0 0.6313993334770203 0.602419376373291 0.1313992589712143 0.10483870655298233
0.0 0.6339590549468994 0.5064516067504883 0.127986341714859 0.10806449502706528
0.0 0.6348122358322144 0.3951612710952759 0.127986341714859 0.10806452482938766
0.0 0.6245733499526978 0.29516130685806274 0.13481231033802032 0.10000000894069672
0.0 0.6313993334770203 0.21129032969474792 0.13310585916042328 0.09516129642724991
0.0 0.4897610545158386 0.9754032492637634 0.11433444917201996 0.049193549901247025
0.0 0.4957337975502014 0.926612913608551 0.117747463285923 0.06774188578128815
0.0 0.5 0.8653225898742676 0.11945392191410065 0.07419352233409882
0.0 0.5042662620544434 0.7887097001075745 0.12457339465618134 0.09032255411148071
0.0 0.5102388858795166 0.6943548321723938 0.13481231033802032 0.10161295533180237
0.0 0.5162116289138794 0.5903226137161255 0.12969280779361725 0.10806446522474289
0.0 0.5230375528335571 0.4766128957271576 0.127986341714859 0.10483867675065994
0.0 0.5187713503837585 0.36693546175956726 0.1331058144569397 0.1112903505563736
0.0 0.5162116289138794 0.2669354975223541 0.12969280779361725 0.101612888276577
0.0 0.526450514793396 0.18387097120285034 0.15187716484069824 0.09193546324968338
0.0 0.38993173837661743 0.9798386693000793 0.09897609800100327 0.04032257944345474
0.0 0.388225257396698 0.9516128897666931 0.10238907486200333 0.05645161122083664
0.0 0.3873720169067383 0.9112902879714966 0.10238907486200333 0.0596773698925972
0.0 0.3924914598464966 0.8629032373428345 0.11604094505310059 0.06935488432645798
0.0 0.38993173837661743 0.8056451678276062 0.11945392191410065 0.08387091755867004
0.0 0.39163821935653687 0.7387096285820007 0.12116038054227829 0.09032255411148071
0.0 0.38993173837661743 0.6677419543266296 0.1228669062256813 0.09193543344736099
0.0 0.39590442180633545 0.5870968103408813 0.11945389211177826 0.10322583466768265
0.0 0.398464173078537 0.5016129612922668 0.117747463285923 0.10161291807889938
0.0 0.39675766229629517 0.41774195432662964 0.12457336485385895 0.10322583466768265
0.0 0.394197940826416 0.3362903296947479 0.12116038054227829 0.101612888276577
0.0 0.39675766229629517 0.2596774101257324 0.1331057846546173 0.09677419066429138
0.0 0.3993173837661743 0.18629032373428345 0.12627989053726196 0.08870967477560043
0.0 0.29095563292503357 0.9693548679351807 0.09897609800100327 0.04999997466802597
0.0 0.28327643871307373 0.9338709712028503 0.10238907486200333 0.0596773698925972
0.0 0.28498294949531555 0.8919354677200317 0.10238907486200333 0.06451612710952759
0.0 0.2824232280254364 0.8411290645599365 0.10238907486200333 0.07258064299821854
0.0 0.2807167172431946 0.7838709950447083 0.10238907486200333 0.0758064016699791
0.0 0.27901023626327515 0.7185483574867249 0.11433448642492294 0.08709679543972015
0.0 0.2807167172431946 0.6435484290122986 0.11604094505310059 0.09354843944311142
0.0 0.27901023626327515 0.5653225779533386 0.12457336485385895 0.09838707000017166
0.0 0.27901023626327515 0.4822580814361572 0.117747463285923 0.09838707000017166
0.0 0.28327643871307373 0.40322577953338623 0.11604094505310059 0.0951613113284111
0.0 0.29010239243507385 0.3266128897666931 0.11604094505310059 0.09354837238788605
0.0 0.29522186517715454 0.25322580337524414 0.11945392191410065 0.09516129642724991
0.0 0.29607507586479187 0.18870969116687775 0.11945392191410065 0.08709678053855896
0.0 0.19453923404216766 0.9620968103408813 0.09897609800100327 0.05645161122083664
0.0 0.19368600845336914 0.9298387169837952 0.09215018153190613 0.05806449055671692
0.0 0.19283278286457062 0.8895161151885986 0.10068260133266449 0.06612900644540787
0.0 0.18856656551361084 0.8411290645599365 0.09897609800100327 0.07419352233409882
0.0 0.19027303159236908 0.7838709950447083 0.09897609800100327 0.07741940766572952
0.0 0.18515358865261078 0.72258061170578 0.10580205917358398 0.08225803822278976
0.0 0.1860068142414093 0.6532257795333862 0.10750851780176163 0.08548392355442047
0.0 0.18003413081169128 0.57822585105896 0.10921501368284225 0.09193543344736099
0.0 0.180887371301651 0.4975806772708893 0.10750851780176163 0.09032255411148071
0.0 0.18856658041477203 0.4193548262119293 0.10921502858400345 0.0951613113284111
0.0 0.18941979110240936 0.34193548560142517 0.12116040289402008 0.09032255411148071
0.0 0.19965870678424835 0.27258065342903137 0.11945392191410065 0.09354837238788605
0.0 0.20307165384292603 0.2016129046678543 0.11092150211334229 0.08548388630151749
0.0 0.09470988810062408 0.9741935729980469 0.1058020368218422 0.03870970383286476
0.0 0.0904436856508255 0.949999988079071 0.10921501368284225 0.05645161122083664
0.0 0.08788396418094635 0.9177419543266296 0.11092150211334229 0.05806449055671692
0.0 0.09129692614078522 0.875806450843811 0.11092150211334229 0.06290324777364731
0.0 0.08788396418094635 0.8298386931419373 0.10921501368284225 0.06451612710952759
0.0 0.08703071624040604 0.7766129374504089 0.11604095250368118 0.07741940766572952
0.0 0.08703071624040604 0.7161290645599365 0.10921501368284225 0.08225803822278976
0.0 0.08703071624040604 0.6467742323875427 0.11092150211334229 0.08548392355442047
0.0 0.08191125839948654 0.5766128897666931 0.1006825864315033 0.08709679543972015
0.0 0.08703072369098663 0.4991935193538666 0.10580205172300339 0.09193546324968338
0.0 0.09129692614078522 0.4241935610771179 0.11092150211334229 0.08870967477560043
0.0 0.09385665506124496 0.2822580635547638 0.11433447897434235 0.08870967477560043
0.0 0.1015358418226242 0.21370968222618103 0.11433448642492294 0.07741937041282654
0.0 0.09129692614078522 0.35241934657096863 0.11262799054384232 0.09354837238788605
