0.0 0.9956135153770447 0.8855854272842407 0.008773003704845905 0.09126696735620499
0.0 0.9872179627418518 0.888353168964386 0.025564095005393028 0.09370902925729752
0.0 0.9705988168716431 0.8917979001998901 0.054635804146528244 0.09569977968931198
0.0 0.9519280195236206 0.8936886787414551 0.05640454962849617 0.09746842086315155
0.0 0.9150305390357971 0.9005634784698486 0.05750715360045433 0.09459705650806427
0.0 0.890062153339386 0.9025688767433167 0.057951174676418304 0.09769042581319809
0.0 0.8474183082580566 0.9079007506370544 0.06236904487013817 0.09680981189012527
0.0 0.8188053369522095 0.9120078682899475 0.0641377866268158 0.09857845306396484
0.0 0.7647836804389954 0.9205514192581177 0.0641377866268158 0.09857845306396484
0.0 0.7305353879928589 0.9238889217376709 0.0701022818684578 0.09791984409093857
0.0 0.6705491542816162 0.9348670840263367 0.06700903177261353 0.09747583419084549
0.0 0.63210129737854 0.9364396333694458 0.06723103672266006 0.09902246296405792
0.0 0.5708976984024048 0.9444355368614197 0.06656501442193985 0.09438247233629227
0.0 0.5309068560600281 0.9517543911933899 0.06324969977140427 0.09239183366298676
0.0 0.4826277494430542 0.9529604911804199 0.06899966299533844 0.09407896548509598
0.0 0.4444018602371216 0.9553489089012146 0.06700903177261353 0.0893021896481514
0.0 0.40860694646835327 0.9584551453590393 0.06170307844877243 0.0830896720290184
0.0 0.374247670173645 0.9601238965988159 0.06148107722401619 0.07975221425294876
0.0 0.3402177393436432 0.9595282077789307 0.058609772473573685 0.08094363659620285
0.0 0.30740514397621155 0.9611968994140625 0.055294476449489594 0.0776061862707138
0.0 0.28000208735466003 0.9580018520355225 0.05750712379813194 0.0839962586760521
0.0 0.24807380139827728 0.9591174125671387 0.057729143649339676 0.08176513016223907
0.0 0.9967402219772339 0.7893528938293457 0.006519596092402935 0.09656555205583572
0.0 0.9898339509963989 0.7801876664161682 0.020332103595137596 0.08773712813854218
0.0 0.9806076884269714 0.7838433980941772 0.038784585893154144 0.10099826753139496
0.0 0.9697552919387817 0.7869477868080139 0.04779057577252388 0.10077624768018723
0.0 0.951195478439331 0.7896118760108948 0.0541992112994194 0.10321101546287537
0.0 0.9309854507446289 0.802773118019104 0.05618984252214432 0.10652627050876617
0.0 0.9077857136726379 0.8061032295227051 0.05375519022345543 0.10011765360832214
0.0 0.8737594485282898 0.8109873533248901 0.06414508074522018 0.1091829240322113
0.0 0.844591498374939 0.8112278580665588 0.061710432171821594 0.10277430713176727
0.0 0.8011743426322937 0.8166707158088684 0.06524781882762909 0.10631169378757477
0.0 0.7675883769989014 0.8191239237785339 0.067238450050354 0.10962694138288498
0.0 0.7129043936729431 0.8285517692565918 0.06966569274663925 0.10543107986450195
0.0 0.6741235256195068 0.8278042674064636 0.07121231406927109 0.1056530773639679
0.0 0.6132529377937317 0.8381202220916748 0.07055369764566422 0.1116175726056099
0.0 0.572155773639679 0.8432300686836243 0.0685630738735199 0.10830232501029968
0.0 0.5116145014762878 0.8503416180610657 0.07364700734615326 0.11206158995628357
0.0 0.4705173075199127 0.8554514646530151 0.06657244265079498 0.10498706996440887
0.0 0.4339453876018524 0.8535976409912109 0.0685630738735199 0.10830232501029968
0.0 0.39594149589538574 0.8582634925842285 0.07099772244691849 0.11471094191074371
0.0 0.35516998171806335 0.854644775390625 0.07099772244691849 0.11471094191074371
0.0 0.3226940631866455 0.8648311495780945 0.06701643019914627 0.10808032006025314
0.0 0.9720345735549927 0.5935909152030945 0.055930815637111664 0.11957281827926636
0.0 0.9321770071983337 0.6021307706832886 0.08027758449316025 0.11604297161102295
0.0 0.8718613982200623 0.6163132786750793 0.09331682324409485 0.12245890498161316
0.0 0.7962940335273743 0.6232139468193054 0.10348471254110336 0.12997755408287048
0.0 0.7091304063796997 0.63730388879776 0.11254257708787918 0.12976296246051788
0.0 0.6280423998832703 0.6497325897216797 0.12116384506225586 0.13705959916114807
0.0 0.5366791486740112 0.6620575785636902 0.1238131895661354 0.13441026210784912
0.0 0.42940545082092285 0.673509418964386 0.1238131895661354 0.13441026210784912
0.0 0.3326215445995331 0.6755629181861877 0.11851459741592407 0.13970884680747986
0.0 0.25186654925346375 0.6903115510940552 0.11188401281833649 0.13572756946086884
0.0 0.9701753258705139 0.48167356848716736 0.05964937433600426 0.1111735999584198
0.0 0.9274631142616272 0.49231138825416565 0.08381495624780655 0.11958024650812149
0.0 0.8689124584197998 0.5022942423820496 0.09000157564878464 0.12046827375888824
0.0 0.794895350933075 0.5144971609115601 0.10635607689619064 0.12887494266033173
0.0 0.7055228352546692 0.5296935439109802 0.1200612261891365 0.1399308443069458
0.0 0.6060970425605774 0.5463328957557678 0.12403520941734314 0.1359570026397705
0.0 0.4966180622577667 0.5644152760505676 0.12071985006332397 0.13396623730659485
0.0 0.39110931754112244 0.5716674327850342 0.1275724619626999 0.13949425518512726
0.0 0.2944401204586029 0.5800185799598694 0.11784859001636505 0.13506895303726196
0.0 0.21490244567394257 0.5977494716644287 0.11300140619277954 0.1540652960538864
0.0 0.9681644439697266 0.3909689486026764 0.054857805371284485 0.09724637120962143
0.0 0.9406540989875793 0.39176076650619507 0.07076829671859741 0.10255974531173706
0.0 0.9017658829689026 0.3957642614841461 0.07386165857315063 0.10300373286008835
0.0 0.8558104634284973 0.4055177569389343 0.08646420389413834 0.1169309988617897
0.0 0.8010117411613464 0.4086480140686035 0.09950344264507294 0.1233469620347023
0.0 0.7359415292739868 0.41719895601272583 0.10591206699609756 0.12578164041042328
0.0 0.6673339605331421 0.4231005907058716 0.10768070071935654 0.12755030393600464
0.0 0.5904456377029419 0.43729421496391296 0.11960980296134949 0.1262330561876297
0.0 0.5083622932434082 0.4482871890068054 0.11629454046487808 0.1242423728108406
0.0 0.4280439019203186 0.4550805687904358 0.11872918903827667 0.13065098226070404
0.0 0.34916114807128906 0.4608786106109619 0.11673855036497116 0.12733568251132965
0.0 0.27492207288742065 0.4715348780155182 0.11343065649271011 0.13594955205917358
0.0 0.20454958081245422 0.4816361963748932 0.10503137111663818 0.13019955158233643
0.0 0.9482171535491943 0.30148908495903015 0.0641377866268158 0.09857845306396484
0.0 0.91385418176651 0.2985289692878723 0.07386165857315063 0.10300373286008835
0.0 0.8735303282737732 0.30352783203125 0.07850152999162674 0.10366974771022797
0.0 0.8243668675422668 0.30742770433425903 0.08623477071523666 0.10477977246046066
0.0 0.7689058780670166 0.3114423155784607 0.08932814002037048 0.10522379726171494
0.0 0.7057116627693176 0.31656694412231445 0.10193067789077759 0.11915106326341629
0.0 0.6336814761161804 0.3261169195175171 0.10811729729175568 0.12003909051418304
0.0 0.5581141114234924 0.33301758766174316 0.11386731266975403 0.12843835353851318
0.0 0.4780176877975464 0.34135758876800537 0.11320126056671143 0.12379836291074753
0.0 0.4024539589881897 0.3537825345993042 0.10966391861438751 0.12026109546422958
0.0 0.3294321894645691 0.36742112040519714 0.10811729729175568 0.12003909051418304
0.0 0.25939273834228516 0.3798424005508423 0.1116546094417572 0.12357635051012039
0.0 0.19730481505393982 0.387175977230072 0.102596715092659 0.12379099428653717
0.0 0.9318071603775024 0.21465851366519928 0.07032428681850433 0.09946645051240921
0.0 0.9005411863327026 0.21677866578102112 0.06943625956773758 0.09327985346317291
0.0 0.8616530299186707 0.22078216075897217 0.08004827797412872 0.1038917750120163
0.0 0.814365565776825 0.22125576436519623 0.08733750134706497 0.10190853476524353
0.0 0.7602328658103943 0.2290259748697281 0.09043075144290924 0.10235253721475601
0.0 0.7004612684249878 0.23050227761268616 0.09618077427148819 0.11075180023908615
0.0 0.633733332157135 0.2385018914937973 0.099496029317379 0.11274244636297226
0.0 0.560704231262207 0.24109193682670593 0.10568264126777649 0.11363047361373901
0.0 0.48314982652664185 0.25064557790756226 0.10413599014282227 0.11340846866369247
0.0 0.40880340337753296 0.26605284214019775 0.10877589136362076 0.1140744760632515
0.0 0.33423128724098206 0.2743891775608063 0.10591200739145279 0.12578162550926208
0.0 0.2687244713306427 0.2908953130245209 0.11010792851448059 0.12335436046123505
0.0 0.1998986303806305 0.30077460408210754 0.09994002431631088 0.1158357486128807
0.0 0.931855320930481 0.12151922285556793 0.051105957478284836 0.1027669832110405
0.0 0.9104205369949341 0.12064968794584274 0.07165631651878357 0.10874632745981216
0.0 0.8790435791015625 0.12199651449918747 0.07342506945133209 0.11051499843597412
0.0 0.8382794260978699 0.12942633032798767 0.0780649408698082 0.11118101328611374
0.0 0.7943072319030762 0.13100256025791168 0.0793895572423935 0.10985635966062546
0.0 0.7429348826408386 0.13600876927375793 0.09419743716716766 0.11804100126028061
0.0 0.6846025586128235 0.1420140415430069 0.09662478417158127 0.113845095038414
0.0 0.6177637577056885 0.14924034476280212 0.09994003921747208 0.1158357486128807
0.0 0.5494855046272278 0.15193767845630646 0.10015463083982468 0.1067778617143631
0.0 0.4755794107913971 0.16491395235061646 0.10523863136768341 0.11053718626499176
0.0 0.4037712812423706 0.17601056396961212 0.10303334891796112 0.11627975851297379
0.0 0.2674442529678345 0.1940004527568817 0.1034773588180542 0.11937304586172104
0.0 0.20237775146961212 0.2080756574869156 0.0924287959933281 0.11627236753702164
0.0 0.33472344279289246 0.18434318900108337 0.107673279941082 0.1169457733631134
