0.0 0.04554381221532822 0.033602334558963776 0.019768528640270233 0.06720466911792755
0.0 0.06585435569286346 0.03376515582203865 0.026017924770712852 0.0675303116440773
0.0 0.08226986974477768 0.03310338407754898 0.02755856327712536 0.06620676815509796
0.0 0.11193279922008514 0.03488282859325409 0.030726676806807518 0.06976565718650818
0.0 0.1314513087272644 0.0358051136136055 0.032310742884874344 0.071610227227211
0.0 0.16895854473114014 0.03529530391097069 0.03541374206542969 0.07059060782194138
0.0 0.1931532472372055 0.037020474672317505 0.03389480710029602 0.07404094934463501
0.0 0.2361069917678833 0.03811643272638321 0.03860355168581009 0.07623286545276642
0.0 0.2649995982646942 0.03910384327173233 0.040187615901231766 0.07820768654346466
0.0 0.3189006447792053 0.03948375955224037 0.04174993932247162 0.07896751910448074
0.0 0.3540318012237549 0.041306622326374054 0.0464804545044899 0.08261324465274811
0.0 0.41496339440345764 0.04171910136938095 0.04335574433207512 0.0834382027387619
0.0 0.4531758427619934 0.04618062078952789 0.043377455323934555 0.08651535958051682
0.0 0.5148451924324036 0.05016284063458443 0.04799935966730118 0.0818934366106987
0.0 0.554685115814209 0.05071642994880676 0.04174993932247162 0.08180660009384155
0.0 0.6030745506286621 0.054514117538928986 0.04500496760010719 0.09122411906719208
0.0 0.6413304209709167 0.05660834163427353 0.04188019782304764 0.0911806970834732
0.0 0.678013026714325 0.059462036937475204 0.04027445241808891 0.08803427964448929
0.0 0.7123304009437561 0.06384551525115967 0.04181506857275963 0.08649364858865738
0.0 0.7442500591278076 0.07210230082273483 0.03712809458374977 0.08642852306365967
0.0 0.7769942283630371 0.07724524289369583 0.03398161381483078 0.08482275158166885
0.0 0.804205060005188 0.08699925988912582 0.034003324806690216 0.0863851010799408
0.0 0.8354303240776062 0.0889957919716835 0.03404674306511879 0.08950979262590408
0.0 0.04433894529938698 0.11706959456205368 0.026321856305003166 0.09565064311027527
0.0 0.06056993827223778 0.1297963261604309 0.024607546627521515 0.08469249308109283
0.0 0.07699631154537201 0.12846194207668304 0.024759508669376373 0.09562894701957703
0.0 0.0934009775519371 0.12868988513946533 0.023175442591309547 0.09404487907886505
0.0 0.11213831603527069 0.12973156571388245 0.02944655902683735 0.09569407254457474
0.0 0.134130597114563 0.12144257873296738 0.03105231747031212 0.09884046763181686
0.0 0.15756584703922272 0.12176822125911713 0.029403124004602432 0.09256936609745026
0.0 0.19192667305469513 0.12302698940038681 0.03886406496167183 0.09894901514053345
0.0 0.22076500952243805 0.1281156688928604 0.03723657876253128 0.09424026310443878
0.0 0.2644782066345215 0.13106705248355865 0.040382999926805496 0.09584604203701019
0.0 0.29801446199417114 0.1354396790266037 0.041967034339904785 0.09743009507656097
0.0 0.35425901412963867 0.13622121512889862 0.045026615262031555 0.09278645366430283
0.0 0.3908548355102539 0.14532430469989777 0.045026615262031555 0.09278645366430283
0.0 0.45411911606788635 0.14698471128940582 0.04355112835764885 0.09901416301727295
0.0 0.49392643570899963 0.14988182485103607 0.04350768029689789 0.09588945657014847
0.0 0.5548146367073059 0.15385319292545319 0.045113515108823776 0.09903587400913239
0.0 0.5961843132972717 0.15677200257778168 0.04192361608147621 0.09430539608001709
0.0 0.632780134677887 0.16587509214878082 0.04194532334804535 0.09586774557828903
0.0 0.6702547669410706 0.16795846819877625 0.04515693336725235 0.10216055810451508
0.0 0.7091724276542664 0.1786564737558365 0.04515693336725235 0.10216055810451508
0.0 0.742817223072052 0.17521734535694122 0.04194532334804535 0.09586774557828903
0.0 0.04391453042626381 0.3163016736507416 0.04678436741232872 0.10686930269002914
0.0 0.09469087421894073 0.3170072138309479 0.05296863242983818 0.10226910561323166
0.0 0.1564362347126007 0.3155212104320526 0.06394849717617035 0.1055457815527916
0.0 0.23212333023548126 0.32282352447509766 0.07338771969079971 0.11036307364702225
0.0 0.32037436962127686 0.32561245560646057 0.08271840214729309 0.10736861824989319
0.0 0.4023759663105011 0.32831454277038574 0.0921793133020401 0.11374829709529877
0.0 0.4945003092288971 0.33350127935409546 0.09367656707763672 0.10908296704292297
0.0 0.6029858589172363 0.34204062819480896 0.09367656707763672 0.10908296704292297
0.0 0.6980612277984619 0.3597695827484131 0.08753569424152374 0.11680787801742554
0.0 0.7800953984260559 0.36012813448905945 0.08436762541532516 0.11363974958658218
0.0 0.03143671900033951 0.4270764887332916 0.040448129177093506 0.10053310543298721
0.0 0.07911007851362228 0.4261762797832489 0.0545743964612484 0.10541552305221558
0.0 0.13846848905086517 0.42778241634368896 0.062364429235458374 0.10396168380975723
0.0 0.2126692235469818 0.4295947849750519 0.07646901160478592 0.10728178173303604
0.0 0.304055780172348 0.431645929813385 0.0890980213880539 0.11682958900928497
0.0 0.40480560064315796 0.4346085488796234 0.0952606052160263 0.11066700518131256
0.0 0.5149295330047607 0.43770140409469604 0.09213592112064362 0.11062358319759369
0.0 0.621006429195404 0.4508952498435974 0.09842867404222488 0.11383510380983353
0.0 0.7169715166091919 0.46082329750061035 0.08747056871652603 0.11212078481912613
0.0 0.798257052898407 0.45882749557495117 0.07525394856929779 0.1322576403617859
0.0 0.019230278208851814 0.5183219313621521 0.030943777412176132 0.09102874994277954
0.0 0.04651711508631706 0.522607684135437 0.04654555767774582 0.08968345820903778
0.0 0.08554328233003616 0.5254940390586853 0.04969196766614914 0.09128925949335098
0.0 0.13242460787296295 0.525364100933075 0.05919632315635681 0.10079361498355865
0.0 0.18780116736888885 0.5323841571807861 0.07173852622509003 0.10409194231033325
0.0 0.25258439779281616 0.5371909737586975 0.07798793166875839 0.1041787788271904
0.0 0.321251779794693 0.5436144471168518 0.07957198470830917 0.10576284676790237
0.0 0.399380087852478 0.5439187288284302 0.0920056402683258 0.10124951601028442
0.0 0.48211944103240967 0.5497564077377319 0.09044331312179565 0.10122780501842499
0.0 0.5617015957832336 0.5578941702842712 0.08896776288747787 0.10745551437139511
0.0 0.6404916644096375 0.5668022036552429 0.0889243483543396 0.10433074831962585
0.0 0.7154409885406494 0.5709689259529114 0.08436762541532516 0.11363968998193741
0.0 0.7864953279495239 0.574300229549408 0.07649075239896774 0.10884416848421097
0.0 0.02187700942158699 0.6089925169944763 0.040252745151519775 0.08647193759679794
0.0 0.05532640591263771 0.6196144819259644 0.049670252948999405 0.08972684293985367
0.0 0.09670694917440414 0.6217522025108337 0.05437900871038437 0.09135441482067108
0.0 0.14506378769874573 0.6278933882713318 0.062169045209884644 0.08990052342414856
0.0 0.20046205818653107 0.6333510875701904 0.06527204811573029 0.08838161081075668
0.0 0.2628692090511322 0.6404688954353333 0.07633873075246811 0.0979076474905014
0.0 0.3362453281879425 0.6453951001167297 0.08258815109729767 0.09799448400735855
0.0 0.41193243861198425 0.6526973843574524 0.08584311604499817 0.10741209983825684
0.0 0.4907442033290863 0.6600431203842163 0.08731860667467117 0.10118438303470612
0.0 0.5680587887763977 0.6626800298690796 0.08417224138975143 0.09957864135503769
0.0 0.6422812342643738 0.6629300713539124 0.0825880914926529 0.09799448400735855
0.0 0.7133681178092957 0.6639178395271301 0.0842156633734703 0.10270329564809799
0.0 0.775807797908783 0.6686921119689941 0.0748414695262909 0.10257303714752197
0.0 0.02234133705496788 0.698057234287262 0.04468267410993576 0.08812110126018524
0.0 0.05261345952749252 0.7023972868919373 0.049539998173713684 0.0803527757525444
0.0 0.09163963049650192 0.7052835822105408 0.05591965466737747 0.08981367945671082
0.0 0.13841241598129272 0.7129654288291931 0.0668126717209816 0.08684099465608597
0.0 0.19305121898651123 0.7168499827384949 0.06993737071752548 0.08688441663980484
0.0 0.25230109691619873 0.7262678146362305 0.07000251859426498 0.09157150983810425
0.0 0.318646639585495 0.7310963273048401 0.07471127808094025 0.09319896250963211
0.0 0.39115476608276367 0.7422610521316528 0.08096063882112503 0.09328579902648926
0.0 0.4684150815010071 0.7488039135932922 0.07937660068273544 0.09170176833868027
0.0 0.5450026988983154 0.7475241422653198 0.08408540487289429 0.09332922101020813
0.0 0.6191492080688477 0.7532423734664917 0.07798794656991959 0.1041787788271904
0.0 0.6879577040672302 0.7495105266571045 0.08263150602579117 0.1011192575097084
0.0 0.7566685080528259 0.7528092861175537 0.07631707936525345 0.09634532779455185
0.0 0.008464362472295761 0.787696897983551 0.016928724944591522 0.09558549523353577
0.0 0.02555384673178196 0.7942177057266235 0.045070044696331024 0.09591113775968552
0.0 0.05596538260579109 0.7985469102859497 0.048216454684734344 0.09751687943935394
0.0 0.09735678136348724 0.799903392791748 0.05448755621910095 0.09916616231203079
0.0 0.14179690182209015 0.8067715167999268 0.054465845227241516 0.09760371595621109
0.0 0.19251897931098938 0.8113829493522644 0.06700807809829712 0.10090216249227524
0.0 0.2510527968406677 0.816102921962738 0.0716082751750946 0.09471786767244339
0.0 0.31737664341926575 0.8224937319755554 0.07473298162221909 0.09476128965616226
0.0 0.3852194547653198 0.8320310115814209 0.07774914801120758 0.08699296414852142
0.0 0.46020135283470154 0.8338542580604553 0.08091721683740616 0.09016103297472
0.0 0.5328288674354553 0.8364260792732239 0.07942002266645432 0.09482641518115997
0.0 0.6702287793159485 0.8445859551429749 0.07790111005306244 0.09792935848236084
0.0 0.7374314665794373 0.8439570665359497 0.06698630750179291 0.09933983534574509
0.0 0.6015179753303528 0.8412871956825256 0.08254466950893402 0.09486983716487885
