0.0 0.9992936849594116 0.1274462789297104 0.0014126896858215332 0.02928326278924942
0.0 0.9978703260421753 0.14768527448177338 0.004259288311004639 0.03560960292816162
0.0 0.9966186285018921 0.16402390599250793 0.006762802600860596 0.03725549578666687
0.0 0.9926407337188721 0.19271507859230042 0.014718592166900635 0.04227900505065918
0.0 0.98978590965271 0.21130816638469696 0.020428180694580078 0.04253628849983215
0.0 0.987933874130249 0.24870873987674713 0.02413231134414673 0.045742303133010864
0.0 0.9842132329940796 0.2711593210697174 0.031573593616485596 0.04452522099018097
0.0 0.9790693521499634 0.3138488829135895 0.04186135530471802 0.049634456634521484
0.0 0.9759143590927124 0.34258294105529785 0.048171281814575195 0.05145186185836792
0.0 0.9712932109832764 0.3962364196777344 0.05741351842880249 0.05335509777069092
0.0 0.96562659740448 0.42952221632003784 0.06874686479568481 0.05855005979537964
0.0 0.9608768224716187 0.48941630125045776 0.0782463550567627 0.057333022356033325
0.0 0.9551672339439392 0.5273825526237488 0.08966553211212158 0.056287407875061035
0.0 0.9419479370117188 0.5876706838607788 0.0888095498085022 0.05932188034057617
0.0 0.9343005418777466 0.6271542310714722 0.08699214458465576 0.054555654525756836
0.0 0.9231040477752686 0.6742669939994812 0.09661030769348145 0.05975079536437988
0.0 0.914025068283081 0.7113245129585266 0.09643882513046265 0.056630492210388184
0.0 0.9058120250701904 0.7468647956848145 0.09314697980880737 0.05333864688873291
0.0 0.8961673974990845 0.7799791097640991 0.09167259931564331 0.05481302738189697
0.0 0.881971001625061 0.810495913028717 0.09141534566879272 0.0501326322555542
0.0 0.8716320991516113 0.8420071601867676 0.08812350034713745 0.046840786933898926
0.0 0.8576930165290833 0.8678435683250427 0.0896836519241333 0.04692649841308594
0.0 0.850560188293457 0.897966206073761 0.092803955078125 0.04709804058074951
0.0 0.9515336155891418 0.11248625814914703 0.09693276882171631 0.04111477732658386
0.0 0.9367818832397461 0.12653577327728271 0.08604878187179565 0.03739413619041443
0.0 0.9358813762664795 0.14291730523109436 0.09705561399459839 0.03955462574958801
0.0 0.9326406717300415 0.15917018055915833 0.09696978330612183 0.03799447417259216
0.0 0.9285340905189514 0.17694032192230225 0.09887301921844482 0.04432082176208496
0.0 0.9334882497787476 0.2006855458021164 0.10216480493545532 0.04761263728141785
0.0 0.9290815591812134 0.2239161878824234 0.09575271606445312 0.044149309396743774
0.0 0.9217771291732788 0.25715911388397217 0.10406798124313354 0.05393896996974945
0.0 0.9124327898025513 0.28481289744377136 0.09930175542831421 0.052121520042419434
0.0 0.9022735357284546 0.32728809118270874 0.10103350877761841 0.05532759428024292
0.0 0.8918917775154114 0.3595794439315796 0.10267937183380127 0.05697345733642578
0.0 0.8825638294219971 0.4154016077518463 0.0981704592704773 0.059836506843566895
0.0 0.868110179901123 0.4505988359451294 0.0981704592704773 0.059836506843566895
0.0 0.8561418056488037 0.5117528438568115 0.1043252944946289 0.058619409799575806
0.0 0.8469342589378357 0.5511506199836731 0.10120499134063721 0.058447957038879395
0.0 0.832711398601532 0.6106159090995789 0.10441100597381592 0.06017959117889404
0.0 0.8234609365463257 0.6507936716079712 0.09955906867980957 0.05680203437805176
0.0 0.8082700967788696 0.6851679682731628 0.1011192798614502 0.05688774585723877
0.0 0.8000141382217407 0.7214882969856262 0.1076170802116394 0.06191122531890869
0.0 0.7830915451049805 0.7588971257209778 0.1076170802116394 0.06191122531890869
0.0 0.7804676294326782 0.7923973798751831 0.1011192798614502 0.05688774585723877
0.0 0.7554802894592285 0.07979542762041092 0.11238330602645874 0.06372864544391632
0.0 0.7464524507522583 0.13015708327293396 0.10960602760314941 0.06979770213365555
0.0 0.7383844256401062 0.19152550399303436 0.11332666873931885 0.08089026808738708
0.0 0.7187092900276184 0.26477476954460144 0.12008178234100342 0.09059417247772217
0.0 0.7014255523681641 0.35145676136016846 0.12059640884399414 0.09995502233505249
0.0 0.6852648258209229 0.43194109201431274 0.12570565938949585 0.10801303386688232
0.0 0.6646892428398132 0.5215718150138855 0.12275683879852295 0.11096179485321045
0.0 0.6385326981544495 0.6273269057273865 0.12275683879852295 0.11096179485321045
0.0 0.6061702370643616 0.7178745865821838 0.1286543607711792 0.1050642728805542
0.0 0.5923069715499878 0.799267590045929 0.1252768635749817 0.10021233558654785
0.0 0.6476423144340515 0.0488298200070858 0.10579967498779297 0.057145021855831146
0.0 0.6418634057044983 0.09702277928590775 0.11125195026397705 0.0714436024427414
0.0 0.6300665736198425 0.15505652129650116 0.11168086528778076 0.07924434542655945
0.0 0.6166749000549316 0.22786873579025269 0.11869317293167114 0.09362868964672089
0.0 0.5992196202278137 0.3176710307598114 0.12874019145965576 0.10662442445755005
0.0 0.5796895623207092 0.41674843430519104 0.12440276145935059 0.11260765790939331
0.0 0.558864951133728 0.5251438617706299 0.12423115968704224 0.10948741436004639
0.0 0.5290223956108093 0.626784086227417 0.12760889530181885 0.11433935165405273
0.0 0.502729058265686 0.7207950949668884 0.12397390604019165 0.10480701923370361
0.0 0.4920716881752014 0.800799548625946 0.1421811580657959 0.09647524356842041
0.0 0.5598718523979187 0.022879470139741898 0.09427833557128906 0.04562368243932724
0.0 0.5513932704925537 0.04901600256562233 0.09661030769348145 0.059750743210315704
0.0 0.5422714352607727 0.08685361593961716 0.0983419418334961 0.0629567950963974
0.0 0.5342381000518799 0.13335779309272766 0.10830318927764893 0.07439237833023071
0.0 0.5187981724739075 0.18649668991565704 0.113669753074646 0.08713081479072571
0.0 0.5035808086395264 0.24981939792633057 0.11557286977767944 0.09345714747905731
0.0 0.48585188388824463 0.3161337673664093 0.11730456352233887 0.09666317701339722
0.0 0.4729830026626587 0.3936693072319031 0.1147845983505249 0.10741269588470459
0.0 0.45370206236839294 0.4739820957183838 0.11313873529434204 0.10576680302619934
0.0 0.43220943212509155 0.551826000213623 0.11929357051849365 0.10454976558685303
0.0 0.4115827679634094 0.6281527280807495 0.1161731481552124 0.10437822341918945
0.0 0.3950708508491516 0.700793445110321 0.12527680397033691 0.10021233558654785
0.0 0.37951046228408813 0.7703567147254944 0.12025332450866699 0.09371435642242432
0.0 0.46946918964385986 0.01875554956495762 0.09098649024963379 0.03751109912991524
0.0 0.45479291677474976 0.0413585789501667 0.09678184986114502 0.06287103146314621
0.0 0.44549959897994995 0.08231648802757263 0.09859931468963623 0.06763723492622375
0.0 0.43200570344924927 0.12852050364017487 0.09746789932250977 0.07535219192504883
0.0 0.41648006439208984 0.1832195371389389 0.09763944149017334 0.07847246527671814
0.0 0.39987415075302124 0.24333620071411133 0.10924649238586426 0.09155397117137909
0.0 0.3826678395271301 0.3143738806247711 0.11114978790283203 0.0978803038597107
0.0 0.3629927635192871 0.387623131275177 0.11920785903930664 0.1029895544052124
0.0 0.34388333559036255 0.464815616607666 0.11296725273132324 0.10264647006988525
0.0 0.328760027885437 0.540662407875061 0.1112356185913086 0.09944045543670654
0.0 0.31610560417175293 0.61429762840271 0.11114978790283203 0.09788036346435547
0.0 0.30370837450027466 0.6832523345947266 0.11435580253601074 0.09961199760437012
0.0 0.2885768413543701 0.7450149059295654 0.11384129524230957 0.09025108814239502
0.0 0.3823155164718628 0.01249675266444683 0.09367799758911133 0.02499350532889366
0.0 0.3734856843948364 0.028166629374027252 0.08733522891998291 0.056333258748054504
0.0 0.3635838031768799 0.06372983008623123 0.09712493419647217 0.06911160051822662
0.0 0.3486155867576599 0.10828793793916702 0.09616506099700928 0.0799468606710434
0.0 0.3362959027290344 0.1615983545780182 0.09633660316467285 0.0830671489238739
0.0 0.3166983127593994 0.21920329332351685 0.10101699829101562 0.08332443237304688
0.0 0.3014381527900696 0.2833060920238495 0.10439467430114746 0.08817636966705322
0.0 0.2780342102050781 0.3532206416130066 0.10473763942718506 0.09441697597503662
0.0 0.25979065895080566 0.42889586091041565 0.10309183597564697 0.09277105331420898
0.0 0.24861055612564087 0.5041769742965698 0.10490918159484863 0.09753727912902832
0.0 0.23131847381591797 0.5767747759819031 0.11557292938232422 0.09345710277557373
0.0 0.22290748357772827 0.6443837881088257 0.11427009105682373 0.09805190563201904
0.0 0.2090359330177307 0.7116926312446594 0.10768640041351318 0.0914682149887085
0.0 0.2857580780982971 0.0068036229349672794 0.09957563877105713 0.013607245869934559
0.0 0.27709972858428955 0.022233545780181885 0.10441100597381592 0.04446709156036377
0.0 0.2694523334503174 0.053860846906900406 0.10492563247680664 0.06954041868448257
0.0 0.25539278984069824 0.09612160921096802 0.10336554050445557 0.06945466995239258
0.0 0.2424646019935608 0.14626885950565338 0.11029219627380371 0.08227884769439697
0.0 0.22837042808532715 0.2033938765525818 0.10422313213348389 0.08505609631538391
0.0 0.21155011653900146 0.26741090416908264 0.10595476627349854 0.08826214075088501
0.0 0.19074368476867676 0.33277368545532227 0.09832549095153809 0.09095364809036255
0.0 0.1773090958595276 0.4063659906387329 0.10161733627319336 0.09424543380737305
0.0 0.16244304180145264 0.477532297372818 0.10621201992034912 0.09294253587722778
0.0 0.1323598027229309 0.6120213866233826 0.10933232307434082 0.09311413764953613
0.0 0.1224743127822876 0.6779844760894775 0.10873198509216309 0.08219313621520996
0.0 0.14701133966445923 0.5447553396224976 0.10794365406036377 0.09614869952201843
