0.0 0.9046875238418579 0.9937499761581421 0.08750003576278687 0.01250004768371582
0.0 0.9078124761581421 0.985156238079071 0.08750003576278687 0.02968752384185791
0.0 0.9117187261581421 0.956250011920929 0.09218746423721313 0.03281247615814209
0.0 0.91015625 0.936718761920929 0.08906245231628418 0.03437495231628418
0.0 0.91796875 0.8999999761581421 0.08906245231628418 0.03593754768371582
0.0 0.91796875 0.875 0.08906245231628418 0.03593754768371582
0.0 0.921093761920929 0.83203125 0.08749997615814209 0.04062497615814209
0.0 0.9234374761581421 0.8031250238418579 0.08750003576278687 0.04218745231628418
0.0 0.9312499761581421 0.749218761920929 0.08750003576278687 0.04218745231628418
0.0 0.9320312738418579 0.714062511920929 0.0859375 0.04843747615814209
0.0 0.9437500238418579 0.6546875238418579 0.09062498807907104 0.04531252384185791
0.0 0.94140625 0.6156250238418579 0.08749997615814209 0.04531252384185791
0.0 0.9468749761581421 0.553906261920929 0.08281248807907104 0.046875
0.0 0.9523437023162842 0.5140625238418579 0.08125001192092896 0.04375004768371582
0.0 0.9554687738418579 0.46562498807907104 0.08906251192092896 0.046875
0.0 0.95703125 0.4273437559604645 0.0859375 0.04531252384185791
0.0 0.9593750238418579 0.39140623807907104 0.08125001192092896 0.042187511920928955
0.0 0.960156261920929 0.3570312559604645 0.07968747615814209 0.042187511920928955
0.0 0.9585937261581421 0.3226562440395355 0.08281248807907104 0.0390625
0.0 0.9593750238418579 0.28984373807907104 0.08125001192092896 0.035937488079071045
0.0 0.9546874761581421 0.26249998807907104 0.0859375 0.035937488079071045
0.0 0.956250011920929 0.23046875 0.08749997615814209 0.035937488079071045
0.0 0.80859375 0.996874988079071 0.09531247615814209 0.00625002384185791
0.0 0.7992187738418579 0.989062488079071 0.08281248807907104 0.02187502384185791
0.0 0.8023437261581421 0.9750000238418579 0.09531253576278687 0.02656245231628418
0.0 0.8046875 0.9585937261581421 0.09531247615814209 0.02499997615814209
0.0 0.8062499761581421 0.9398437738418579 0.09531253576278687 0.03125
0.0 0.8187500238418579 0.9195312261581421 0.09843748807907104 0.03281247615814209
0.0 0.821093738079071 0.8960937261581421 0.09218752384185791 0.03125
0.0 0.824999988079071 0.8617187738418579 0.10000002384185791 0.0390625
0.0 0.82421875 0.832812488079071 0.09375 0.0390625
0.0 0.828125 0.7890625 0.09687495231628418 0.04218745231628418
0.0 0.8289062976837158 0.7554687261581421 0.09843748807907104 0.04375004768371582
0.0 0.836718738079071 0.699999988079071 0.09375 0.046875
0.0 0.8343750238418579 0.6617187261581421 0.09375 0.04843747615814209
0.0 0.8421875238418579 0.6000000238418579 0.09999996423721313 0.04531252384185791
0.0 0.8453124761581421 0.559374988079071 0.09687501192092896 0.04531252384185791
0.0 0.850781261920929 0.4984375238418579 0.10000002384185791 0.04843747615814209
0.0 0.8539062738418579 0.45703125 0.09375 0.043749988079071045
0.0 0.8507812023162842 0.4203124940395355 0.09687501192092896 0.04531252384185791
0.0 0.8539062738418579 0.3828125 0.10312503576278687 0.04531252384185791
0.0 0.8492187261581421 0.3421874940395355 0.10312503576278687 0.04531252384185791
0.0 0.8578125238418579 0.30937498807907104 0.09687501192092896 0.043749988079071045
0.0 0.6117187142372131 0.9765625 0.10781252384185791 0.046875
0.0 0.6187500357627869 0.9281250238418579 0.10312497615814209 0.0546875
0.0 0.6304687261581421 0.8671875 0.10624998807907104 0.06718754768371582
0.0 0.6343750357627869 0.7914062738418579 0.11093747615814209 0.07656252384185791
0.0 0.645312488079071 0.703906238079071 0.109375 0.0859375
0.0 0.6546875238418579 0.6226562261581421 0.11406248807907104 0.09375
0.0 0.663281261920929 0.530468761920929 0.11093747615814209 0.09687495231628418
0.0 0.671093761920929 0.42265623807907104 0.11093747615814209 0.09687501192092896
0.0 0.668749988079071 0.3257812559604645 0.1171875 0.08906251192092896
0.0 0.680468738079071 0.24453124403953552 0.11562502384185791 0.08437502384185791
0.0 0.5 0.9742187261581421 0.1015625 0.04218745231628418
0.0 0.508593738079071 0.9273437261581421 0.10468745231628418 0.05781245231628418
0.0 0.516406238079071 0.8687499761581421 0.10468745231628418 0.06406247615814209
0.0 0.5257812738418579 0.7945312261581421 0.109375 0.07968747615814209
0.0 0.5375000238418579 0.703906238079071 0.1171875 0.09062504768371582
0.0 0.550000011920929 0.6039062738418579 0.11249995231628418 0.09687495231628418
0.0 0.5640625357627869 0.4945312738418579 0.11093747615814209 0.09375
0.0 0.567187488079071 0.3882812559604645 0.11562502384185791 0.10000002384185791
0.0 0.5718749761581421 0.2914062440395355 0.11250001192092896 0.09062498807907104
0.0 0.586718738079071 0.21171875298023224 0.1343749761581421 0.07968750596046448
0.0 0.4085937738418579 0.971875011920929 0.08906245231628418 0.03281247615814209
0.0 0.4085937738418579 0.944531261920929 0.09062504768371582 0.04843747615814209
0.0 0.41093748807907104 0.905468761920929 0.09062504768371582 0.05156254768371582
0.0 0.41874998807907104 0.859375 0.1015625 0.06093752384185791
0.0 0.4203125238418579 0.803906261920929 0.10468745231628418 0.07343745231628418
0.0 0.42578125 0.739062488079071 0.10625004768371582 0.07968747615814209
0.0 0.4296875 0.6703125238418579 0.10781252384185791 0.08124995231628418
0.0 0.44062501192092896 0.592968761920929 0.10312497615814209 0.09375
0.0 0.44843751192092896 0.5101562738418579 0.1015625 0.09218752384185791
0.0 0.45234376192092896 0.4296875 0.10781252384185791 0.09218752384185791
0.0 0.4554687738418579 0.35078126192092896 0.10468745231628418 0.09062498807907104
0.0 0.4632812738418579 0.27656251192092896 0.11562502384185791 0.0859375
0.0 0.4703124761581421 0.20546874403953552 0.11093747615814209 0.078125
0.0 0.3187500238418579 0.9554687738418579 0.08749997615814209 0.04218745231628418
0.0 0.3140624761581421 0.921093761920929 0.09062504768371582 0.05156254768371582
0.0 0.3179687261581421 0.8804687261581421 0.09062504768371582 0.05624997615814209
0.0 0.31953126192092896 0.831250011920929 0.08906245231628418 0.06406247615814209
0.0 0.3218749761581421 0.7757812738418579 0.08906245231628418 0.06718754768371582
0.0 0.32421875 0.7124999761581421 0.10000002384185791 0.078125
0.0 0.33125001192092896 0.639843761920929 0.10000002384185791 0.08437502384185791
0.0 0.33515626192092896 0.5640624761581421 0.10781252384185791 0.08749997615814209
0.0 0.34062498807907104 0.484375 0.1015625 0.08906245231628418
0.0 0.3500000238418579 0.4078125059604645 0.10000002384185791 0.0859375
0.0 0.3609374761581421 0.3343749940395355 0.10000002384185791 0.08437502384185791
0.0 0.37109375 0.2640624940395355 0.10312497615814209 0.0859375
0.0 0.37578123807907104 0.20156249403953552 0.10468745231628418 0.07656249403953552
0.0 0.23124998807907104 0.942187488079071 0.08749997615814209 0.04843747615814209
0.0 0.2320312261581421 0.910937488079071 0.08124995231628418 0.04999995231628418
0.0 0.234375 0.871874988079071 0.08906245231628418 0.05781245231628418
0.0 0.23359376192092896 0.824999988079071 0.0859375 0.06562495231628418
0.0 0.23906248807907104 0.770312488079071 0.0859375 0.06875002384185791
0.0 0.23828125 0.710156261920929 0.09218752384185791 0.07343745231628418
0.0 0.2437499761581421 0.643750011920929 0.09375 0.07656252384185791
0.0 0.2437499761581421 0.5703125 0.09375 0.08281254768371582
0.0 0.25 0.49296873807907104 0.09375 0.08124995231628418
0.0 0.26249998807907104 0.41796875 0.09375 0.0859375
0.0 0.2679687738418579 0.34296876192092896 0.10625004768371582 0.07968747615814209
0.0 0.28203123807907104 0.27656251192092896 0.10312497615814209 0.08437502384185791
0.0 0.28984373807907104 0.20781250298023224 0.09687495231628418 0.07656249403953552
0.0 0.1390625238418579 0.9476562738418579 0.09531247615814209 0.03125
0.0 0.13671875 0.9242187738418579 0.09687495231628418 0.04843747615814209
0.0 0.13671875 0.8929687738418579 0.09843754768371582 0.04999995231628418
0.0 0.1421874761581421 0.852343738079071 0.09843754768371582 0.0546875
0.0 0.1421874761581421 0.807812511920929 0.09687495231628418 0.05624997615814209
0.0 0.14531248807907104 0.7562500238418579 0.1015625 0.06875002384185791
0.0 0.14921873807907104 0.6976562738418579 0.09531247615814209 0.07343745231628418
0.0 0.1539062261581421 0.6312500238418579 0.09687495231628418 0.07656252384185791
0.0 0.1539062261581421 0.5625 0.08749997615814209 0.078125
0.0 0.1640625 0.48828125 0.09062504768371582 0.08281254768371582
0.0 0.17265623807907104 0.4164062440395355 0.09687495231628418 0.07968747615814209
0.0 0.1851562261581421 0.2789062559604645 0.10000002384185791 0.07968747615814209
0.0 0.1968749761581421 0.21328124403953552 0.10000002384185791 0.06874999403953552
0.0 0.1781250238418579 0.34687501192092896 0.09687495231628418 0.08437502384185791
