0.0 0.007544992491602898 0.1047491729259491 0.015089984983205795 0.0762651115655899
0.0 0.015937665477395058 0.10162152349948883 0.031875330954790115 0.07494302093982697
0.0 0.04317854344844818 0.09890735149383545 0.040143564343452454 0.07848415523767471
0.0 0.06261973828077316 0.0968775525689125 0.04191413149237633 0.08025471121072769
0.0 0.09961944073438644 0.0907227024435997 0.04478256031870842 0.07915686815977097
0.0 0.12381172925233841 0.08879335224628448 0.0436846986413002 0.08202527463436127
0.0 0.16644781827926636 0.08339999616146088 0.048547904938459396 0.08424431085586548
0.0 0.1951669454574585 0.08002477884292603 0.05031847208738327 0.08601487427949905
0.0 0.24851520359516144 0.07228860259056091 0.05186477303504944 0.08623910695314407
0.0 0.2835317850112915 0.06878959387540817 0.05695227533578873 0.09000448137521744
0.0 0.34383848309516907 0.06004435196518898 0.053859610110521317 0.0895560011267662
0.0 0.3823961913585663 0.05918952450156212 0.054083846509456635 0.09110233187675476
0.0 0.44392451643943787 0.05342482030391693 0.05805010348558426 0.08713605999946594
0.0 0.4833558201789856 0.04770677909255028 0.05186477303504944 0.08623910695314407
0.0 0.5317404270172119 0.045915428549051285 0.05630291998386383 0.09183085709810257
0.0 0.5698496699333191 0.04382956400513649 0.05321019887924194 0.08765912801027298
0.0 0.606524646282196 0.04152530059218407 0.05121542140841484 0.08305060118436813
0.0 0.6411044597625732 0.04066108167171478 0.05253748595714569 0.08132216334342957
0.0 0.6739252805709839 0.04206029325723648 0.04789857938885689 0.08412058651447296
0.0 0.7070708274841309 0.041526589542627335 0.044581618160009384 0.08305317908525467
0.0 0.7354769706726074 0.04459007829427719 0.0448058545589447 0.08918015658855438
0.0 0.7666277289390564 0.04389403387904167 0.04525433108210564 0.08778806775808334
0.0 0.004501279443502426 0.1934853494167328 0.009002558887004852 0.09791366755962372
0.0 0.01273744460195303 0.20350146293640137 0.02547488920390606 0.0868651494383812
0.0 0.023835228756070137 0.19960066676139832 0.03687334805727005 0.0976894423365593
0.0 0.04007165506482124 0.19724616408348083 0.03510277718305588 0.09591887891292572
0.0 0.05873968079686165 0.1953284740447998 0.041512325406074524 0.09836215525865555
0.0 0.07915494590997696 0.18368437886238098 0.04350711777806282 0.10167903453111649
0.0 0.10234983265399933 0.1803208291530609 0.041063837707042694 0.09526949375867844
0.0 0.1364811211824417 0.1761607527732849 0.05123874545097351 0.10280022025108337
0.0 0.1657608598470688 0.17665135860443115 0.049019705504179 0.09793701022863388
0.0 0.20939435064792633 0.1726922243833542 0.05233660712838173 0.09993181377649307
0.0 0.24320094287395477 0.171736940741539 0.054107144474983215 0.10170236974954605
0.0 0.29886868596076965 0.16366441547870636 0.05652709677815437 0.09751185774803162
0.0 0.33644065260887146 0.16689962148666382 0.05652709677815437 0.09751185774803162
0.0 0.39917895197868347 0.15859119594097137 0.055877745151519775 0.10347294807434082
0.0 0.43894660472869873 0.15519264340400696 0.05542923882603645 0.10038028657436371
0.0 0.4997018277645111 0.14954005181789398 0.05742410570383072 0.10369718819856644
0.0 0.5410158038139343 0.14591726660728455 0.05365867167711258 0.09860971570014954
0.0 0.5785877704620361 0.1491524875164032 0.0538829080760479 0.10015604645013809
0.0 0.6159238219261169 0.14531713724136353 0.057872578501701355 0.10678982734680176
0.0 0.6560394763946533 0.1497623175382614 0.057872578501701355 0.10678982734680176
0.0 0.688724935054779 0.14107540249824524 0.0538829080760479 0.10015604645013809
0.0 0.02537410892546177 0.3903055489063263 0.05074821785092354 0.11165302991867065
0.0 0.07095802575349808 0.3830178380012512 0.06560416519641876 0.10791100561618805
0.0 0.1317015439271927 0.3718410134315491 0.0768769159913063 0.11257333308458328
0.0 0.20759530365467072 0.36715081334114075 0.0868275910615921 0.11855772137641907
0.0 0.29518696665763855 0.356027752161026 0.09565707296133041 0.11681047827005386
0.0 0.37659332156181335 0.3458016514778137 0.10583195835351944 0.12434122711420059
0.0 0.4683871269226074 0.336437463760376 0.10670561343431473 0.11992650479078293
0.0 0.5768658518791199 0.32781144976615906 0.10670561343431473 0.11992650479078293
0.0 0.6735461950302124 0.3303694427013397 0.1016414687037468 0.12676118314266205
0.0 0.7546162009239197 0.3178238272666931 0.09810038655996323 0.1232200488448143
0.0 0.02615181729197502 0.5016643404960632 0.05230363458395004 0.10457081347703934
0.0 0.0727376714348793 0.4932788014411926 0.06759896129369736 0.11122790724039078
0.0 0.1316101849079132 0.4855309724807739 0.07510634511709213 0.11080273240804672
0.0 0.20517279207706451 0.47565287351608276 0.08947177976369858 0.11591353267431259
0.0 0.29574495553970337 0.4633081555366516 0.10318776965141296 0.12698541581630707
0.0 0.39570724964141846 0.4503912031650543 0.10847614705562592 0.12169703841209412
0.0 0.5049474835395813 0.4361288249492645 0.10538351535797119 0.12124856561422348
0.0 0.6117793917655945 0.432478129863739 0.11201722174882889 0.12523813545703888
0.0 0.7081117033958435 0.427192360162735 0.10096874833106995 0.1221221536397934
0.0 0.7880722284317017 0.41243940591812134 0.09151317179203033 0.1404304802417755
0.0 0.028092553839087486 0.5936940908432007 0.04238594323396683 0.09394742548465729
0.0 0.05571384355425835 0.5936357378959656 0.05762495473027229 0.09464343637228012
0.0 0.09470836073160172 0.5903493165969849 0.06094185635447502 0.0966382697224617
0.0 0.14098602533340454 0.5828490853309631 0.07156523317098618 0.10726165771484375
0.0 0.19677753746509552 0.5810739398002625 0.08438430726528168 0.11214815825223923
0.0 0.2615106701850891 0.5756338834762573 0.09056961536407471 0.1130451038479805
0.0 0.3303338289260864 0.5711796283721924 0.09234017133712769 0.11481567472219467
0.0 0.4075380265712738 0.5591946244239807 0.1040380671620369 0.11197062581777573
0.0 0.49016597867012024 0.5519490242004395 0.10249176621437073 0.1117463931441307
0.0 0.5700376629829407 0.5474714636802673 0.10184235125780106 0.11770748347043991
0.0 0.6492483019828796 0.5438790917396545 0.10139387100934982 0.11461475491523743
0.0 0.7239204049110413 0.5362083315849304 0.09810037910938263 0.12321998924016953
0.0 0.7946146726608276 0.528325080871582 0.08969604969024658 0.11745990067720413
0.0 0.04496411606669426 0.6828204393386841 0.05099118500947952 0.09065385162830353
0.0 0.07966765761375427 0.688050389289856 0.06071760132908821 0.09509187936782837
0.0 0.12086954712867737 0.6836544871330261 0.0655808299779892 0.09731101244688034
0.0 0.16959047317504883 0.6821152567863464 0.07308820635080338 0.09688577800989151
0.0 0.2251577526330948 0.6787938475608826 0.07595663517713547 0.09578794986009598
0.0 0.28790774941444397 0.6760096549987793 0.08812632411718369 0.10663553327322006
0.0 0.36114564538002014 0.6693363189697266 0.09431164711713791 0.10753248631954193
0.0 0.43703940510749817 0.6646461486816406 0.09874974936246872 0.11725901067256927
0.0 0.5160258412361145 0.6595074534416199 0.09939909726381302 0.11129792034626007
0.0 0.5927931666374207 0.649954080581665 0.09608226269483566 0.10930315405130386
0.0 0.6661315560340881 0.6385296583175659 0.09431158751249313 0.10753247886896133
0.0 0.7364893555641174 0.6283268332481384 0.0965307280421257 0.1123957559466362
0.0 0.7989029884338379 0.6232231855392456 0.087252676486969 0.1110503226518631
0.0 0.058518778532743454 0.77084881067276 0.057400722056627274 0.09309710562229156
0.0 0.09000588953495026 0.7702299356460571 0.0593721866607666 0.08581394702196121
0.0 0.12900041043758392 0.7669435143470764 0.06690291315317154 0.09598882496356964
0.0 0.17639924585819244 0.7671748995780945 0.07727871090173721 0.09446588158607483
0.0 0.2309691309928894 0.7624192237854004 0.08037137240171432 0.09491435438394547
0.0 0.2909628450870514 0.7624030113220215 0.08104410022497177 0.09955338388681412
0.0 0.35724228620529175 0.7567387819290161 0.08590731769800186 0.10177239775657654
0.0 0.430603951215744 0.756362795829773 0.0920925885438919 0.10266933590173721
0.0 0.5079319477081299 0.7506752610206604 0.09032204747200012 0.10089880228042603
0.0 0.5833654999732971 0.7373681664466858 0.0951853096485138 0.10311782360076904
0.0 0.6574887037277222 0.7313558459281921 0.0905696302652359 0.1130451038479805
0.0 0.7248543500900269 0.7168504595756531 0.09476007521152496 0.11062519997358322
0.0 0.7932291030883789 0.7093035578727722 0.08790214359760284 0.10508923977613449
0.0 0.05749547481536865 0.8617807030677795 0.03378069028258324 0.09724093973636627
0.0 0.0777214989066124 0.8651630878448486 0.056975580751895905 0.10060449689626694
0.0 0.10843544453382492 0.8646562695503235 0.06029246374964714 0.10259927064180374
0.0 0.1495252102613449 0.8594871759414673 0.06670201569795609 0.10504264384508133
0.0 0.19449244439601898 0.8592817187309265 0.06647776067256927 0.10349621623754501
0.0 0.24530863761901855 0.8558598160743713 0.07929687201976776 0.10838284343481064
0.0 0.3038564622402191 0.8513167500495911 0.08303888887166977 0.10287022590637207
0.0 0.3703601360321045 0.8471987843513489 0.08613155037164688 0.1033186987042427
0.0 0.43885862827301025 0.8459492921829224 0.0881030336022377 0.09603554755449295
0.0 0.5131943821907043 0.8359591364860535 0.09164410084486008 0.09957661479711533
0.0 0.5853227972984314 0.8270784020423889 0.09077052026987076 0.10399140417575836
0.0 0.722296416759491 0.8135308623313904 0.08967268466949463 0.10685978084802628
0.0 0.7885642051696777 0.8023422956466675 0.07907257974147797 0.10683652758598328
0.0 0.6539217233657837 0.8210777640342712 0.0938631221652031 0.104439876973629
