0.0 0.097444087266922 0.9935896992683411 0.08945686370134354 0.012820561416447163
0.0 0.09424920380115509 0.9847756028175354 0.08945686370134354 0.03044874221086502
0.0 0.09025559574365616 0.9551281929016113 0.09424920380115509 0.03365382179617882
0.0 0.09185303747653961 0.9350961446762085 0.09105432033538818 0.03525635972619057
0.0 0.08386582136154175 0.8974358439445496 0.09105432033538818 0.036859024316072464
0.0 0.08386582136154175 0.8717948794364929 0.09105432033538818 0.036859024316072464
0.0 0.08067093044519424 0.8277243375778198 0.08945687115192413 0.04166664183139801
0.0 0.07827475666999817 0.7980769276618958 0.08945686370134354 0.04326918348670006
0.0 0.0702875405550003 0.7427884936332703 0.08945686370134354 0.04326918348670006
0.0 0.06948881596326828 0.7067307829856873 0.08785942196846008 0.0496794618666172
0.0 0.05750798434019089 0.6458333730697632 0.09265176206827164 0.046474382281303406
0.0 0.059904154390096664 0.6057692766189575 0.08945687115192413 0.046474382281303406
0.0 0.05431310087442398 0.5424679517745972 0.08466453850269318 0.048076923936605453
0.0 0.048722043633461 0.5016025900840759 0.08306708931922913 0.04487181454896927
0.0 0.04552715644240379 0.45192307233810425 0.09105431288480759 0.048076923936605453
0.0 0.04392971098423004 0.41266027092933655 0.08785942196846008 0.046474382281303406
0.0 0.04153354465961456 0.3758012652397156 0.08306708931922913 0.04326924309134483
0.0 0.040734823793172836 0.3405448794364929 0.08146964758634567 0.04326924309134483
0.0 0.04233226925134659 0.3052884638309479 0.08466453850269318 0.04006410390138626
0.0 0.04153354465961456 0.27163460850715637 0.08306708931922913 0.03685896098613739
0.0 0.04632588103413582 0.24358972907066345 0.08785942196846008 0.03685896098613739
0.0 0.04472843557596207 0.2107371836900711 0.08945687115192413 0.03685896098613739
0.0 0.19568690657615662 0.9967948794364929 0.0974440947175026 0.006410280708223581
0.0 0.20527157187461853 0.9887820482254028 0.08466452360153198 0.022435922175645828
0.0 0.20207667350769043 0.9743589758872986 0.0974440947175026 0.027243541553616524
0.0 0.19968050718307495 0.9575320482254028 0.0974440947175026 0.025641001760959625
0.0 0.1980830579996109 0.9383013248443604 0.0974440947175026 0.03205128386616707
0.0 0.18530352413654327 0.9174679517745972 0.1006389632821083 0.03365382179617882
0.0 0.1829073429107666 0.8934294581413269 0.0942491963505745 0.03205128386616707
0.0 0.17891374230384827 0.8581730723381042 0.10223641246557236 0.04006410390138626
0.0 0.1797124594449997 0.8285256028175354 0.09584664553403854 0.04006410390138626
0.0 0.17571885883808136 0.7836538553237915 0.09904153645038605 0.04326918348670006
0.0 0.17492012679576874 0.7491986751556396 0.1006389856338501 0.044871844351291656
0.0 0.16693291068077087 0.6923076510429382 0.09584664553403854 0.048076923936605453
0.0 0.16932907700538635 0.6530448198318481 0.09584664553403854 0.0496794618666172
0.0 0.1613418608903885 0.5897436141967773 0.10223641246557236 0.046474382281303406
0.0 0.1581469625234604 0.5480769276618958 0.09904153645038605 0.046474382281303406
0.0 0.152555912733078 0.48557692766189575 0.10223641246557236 0.04967949166893959
0.0 0.1493610292673111 0.4431089758872986 0.09584664553403854 0.04487178102135658
0.0 0.152555912733078 0.40544870495796204 0.09904152154922485 0.046474382281303406
0.0 0.1493610292673111 0.3669871687889099 0.10543131828308105 0.046474382281303406
0.0 0.15415334701538086 0.3253205120563507 0.10543131828308105 0.046474382281303406
0.0 0.14536742866039276 0.2916666567325592 0.09904153645038605 0.04487178102135658
0.0 0.3969648480415344 0.9759615659713745 0.1102236658334732 0.048076923936605453
0.0 0.389776349067688 0.9262820482254028 0.10543128848075867 0.056089743971824646
0.0 0.3777955174446106 0.8637820482254028 0.10862618684768677 0.06891030818223953
0.0 0.37380191683769226 0.786057710647583 0.11341850459575653 0.07852566242218018
0.0 0.3626198172569275 0.6963140964508057 0.11182108521461487 0.08814102411270142
0.0 0.3530351519584656 0.6129807233810425 0.11661340296268463 0.09615384787321091
0.0 0.3442491888999939 0.5184294581413269 0.11341850459575653 0.0993589535355568
0.0 0.33626195788383484 0.40785256028175354 0.11341850459575653 0.09935898333787918
0.0 0.3386581540107727 0.30849358439445496 0.11980830878019333 0.09134616702795029
0.0 0.3266773223876953 0.22516025602817535 0.11821088939905167 0.08653847128152847
0.0 0.5111821293830872 0.9735576510429382 0.103833869099617 0.04326918348670006
0.0 0.5023961663246155 0.9254807233810425 0.10702873766422272 0.05929482355713844
0.0 0.4944089353084564 0.865384578704834 0.10702873766422272 0.06570510566234589
0.0 0.4848242700099945 0.7892627716064453 0.11182105541229248 0.08173074573278427
0.0 0.4728434383869171 0.6963140964508057 0.11980827897787094 0.09294876456260681
0.0 0.4600638747215271 0.59375 0.11501595377922058 0.0993589237332344
0.0 0.4456869065761566 0.4815705120563507 0.11341850459575653 0.0961538776755333
0.0 0.4424920380115509 0.3725961744785309 0.11821088939905167 0.10256412625312805
0.0 0.43769967555999756 0.2732371687889099 0.11501598358154297 0.09294870495796204
0.0 0.42252397537231445 0.19150641560554504 0.13738016784191132 0.08173077553510666
0.0 0.604632556438446 0.9711538553237915 0.09105426073074341 0.03365382179617882
0.0 0.604632556438446 0.9431089758872986 0.09265180677175522 0.0496794618666172
0.0 0.6022364497184753 0.9030448794364929 0.09265180677175522 0.05288466438651085
0.0 0.5942491888999939 0.8557692170143127 0.103833869099617 0.06250002235174179
0.0 0.5926517248153687 0.7988781929016113 0.10702870786190033 0.07532046735286713
0.0 0.5870606899261475 0.7323718070983887 0.10862624645233154 0.08173074573278427
0.0 0.5830671191215515 0.6618589758872986 0.1102236658334732 0.08333328366279602
0.0 0.5718849897384644 0.5825320482254028 0.10543128848075867 0.09615384787321091
0.0 0.5638977289199829 0.4975961744785309 0.103833869099617 0.09455130994319916
0.0 0.559904158115387 0.41506409645080566 0.1102236658334732 0.09455130994319916
0.0 0.5567092299461365 0.33413463830947876 0.10702873766422272 0.09294870495796204
0.0 0.5487220287322998 0.2580128312110901 0.11821088939905167 0.08814102411270142
0.0 0.5415335893630981 0.1850961446762085 0.11341850459575653 0.08012820780277252
0.0 0.6964855790138245 0.9543269276618958 0.08945684134960175 0.04326918348670006
0.0 0.7012779712677002 0.9190705418586731 0.09265180677175522 0.05288466438651085
0.0 0.6972843408584595 0.8774037957191467 0.09265180677175522 0.057692281901836395
0.0 0.6956868767738342 0.8269230723381042 0.09105426073074341 0.06570510566234589
0.0 0.6932907700538635 0.7700320482254028 0.09105426073074341 0.06891030818223953
0.0 0.6908945441246033 0.7051281929016113 0.10223644971847534 0.08012820780277252
0.0 0.6837060451507568 0.6306089758872986 0.10223644971847534 0.08653848618268967
0.0 0.6797124743461609 0.552884578704834 0.1102236658334732 0.08974356204271317
0.0 0.6741214394569397 0.4711538255214691 0.103833869099617 0.0913461372256279
0.0 0.664536714553833 0.3926282227039337 0.10223644971847534 0.08814102411270142
0.0 0.6533546447753906 0.3173076808452606 0.10223644971847534 0.08653848618268967
0.0 0.6429712176322937 0.24519230425357819 0.10543128848075867 0.08814102411270142
0.0 0.6381789445877075 0.18108974397182465 0.10702870786190033 0.07852563261985779
0.0 0.7859424948692322 0.9407051205635071 0.08945684134960175 0.0496794618666172
0.0 0.7851437926292419 0.9086538553237915 0.08306704461574554 0.05128200352191925
0.0 0.7827476263046265 0.8685897588729858 0.09105426073074341 0.05929482355713844
0.0 0.7835463285446167 0.8205128312110901 0.08785942196846008 0.06730764359235764
0.0 0.7779552936553955 0.7644230723381042 0.08785942196846008 0.07051284611225128
0.0 0.7787539958953857 0.7027243971824646 0.09424922615289688 0.07532046735286713
0.0 0.7731629610061646 0.634615421295166 0.09584664553403854 0.07852566242218018
0.0 0.7731629610061646 0.5592948794364929 0.09584664553403854 0.08493594825267792
0.0 0.7667731642723083 0.4799679219722748 0.09584664553403854 0.08333331346511841
0.0 0.7539936304092407 0.4030448794364929 0.09584664553403854 0.08814102411270142
0.0 0.7484025359153748 0.32612180709838867 0.10862624645233154 0.08173074573278427
0.0 0.7340255975723267 0.2580128312110901 0.10543128848075867 0.08653847128152847
0.0 0.7260383367538452 0.1875 0.09904148429632187 0.07852563261985779
0.0 0.8801916837692261 0.9463141560554504 0.0974440649151802 0.03205128386616707
0.0 0.8825878500938416 0.9222756624221802 0.09904148429632187 0.0496794618666172
0.0 0.8825878500938416 0.8902243971824646 0.10063902288675308 0.05128200352191925
0.0 0.8769968152046204 0.8485576510429382 0.10063902288675308 0.056089743971824646
0.0 0.8769968152046204 0.8028846383094788 0.09904148429632187 0.057692281901836395
0.0 0.8738019466400146 0.75 0.103833869099617 0.07051284611225128
0.0 0.8698083162307739 0.6899038553237915 0.0974440649151802 0.07532046735286713
0.0 0.865015983581543 0.6217948794364929 0.09904148429632187 0.07852566242218018
0.0 0.865015983581543 0.5512820482254028 0.08945684134960175 0.08012820780277252
0.0 0.8546326160430908 0.47516027092933655 0.09265180677175522 0.08493591845035553
0.0 0.8458466529846191 0.401442289352417 0.09904148429632187 0.08173074573278427
0.0 0.8330671191215515 0.2604166567325592 0.10223644971847534 0.08173076063394547
0.0 0.8210862874984741 0.1931089609861374 0.10223644971847534 0.0705128163099289
0.0 0.8402555584907532 0.3301282227039337 0.09904148429632187 0.08653848618268967
