0.0 0.000706347229424864 0.1274462789297104 0.001412694458849728 0.02928326465189457
0.0 0.002129629720002413 0.14768527448177338 0.004259259440004826 0.03560960665345192
0.0 0.0033813894260674715 0.16402390599250793 0.006762778852134943 0.03725550323724747
0.0 0.007359292358160019 0.19271507859230042 0.014718584716320038 0.042278993874788284
0.0 0.01021407637745142 0.21130816638469696 0.02042815275490284 0.04253627732396126
0.0 0.01206616684794426 0.24870873987674713 0.02413233369588852 0.04574231058359146
0.0 0.015786783769726753 0.2711593210697174 0.031573567539453506 0.04452523589134216
0.0 0.020930685102939606 0.3138488829135895 0.04186137020587921 0.04963446408510208
0.0 0.024085633456707 0.34258294105529785 0.048171266913414 0.05145186930894852
0.0 0.02870674803853035 0.3962364196777344 0.0574134960770607 0.05335509404540062
0.0 0.034373436123132706 0.42952221632003784 0.06874687224626541 0.05855008214712143
0.0 0.03912319242954254 0.4894162714481354 0.07824638485908508 0.05733300745487213
0.0 0.04483276233077049 0.5273825526237488 0.08966552466154099 0.05628742650151253
0.0 0.05805204436182976 0.5876706838607788 0.08880959451198578 0.05932193621993065
0.0 0.06569946557283401 0.6271542310714722 0.08699217438697815 0.05455569177865982
0.0 0.07689598202705383 0.6742669939994812 0.09661032259464264 0.059750743210315704
0.0 0.08597490936517715 0.7113245129585266 0.09643880277872086 0.05663049966096878
0.0 0.09418798983097076 0.7468647956848145 0.09314700216054916 0.05333861708641052
0.0 0.10383258014917374 0.7799791097640991 0.09167259186506271 0.054812975227832794
0.0 0.11802897602319717 0.810495913028717 0.09141533076763153 0.05013261362910271
0.0 0.12836787104606628 0.8420071601867676 0.08812350779771805 0.04684073105454445
0.0 0.14230696856975555 0.8678435683250427 0.0896836444735527 0.04692649096250534
0.0 0.14943982660770416 0.897966206073761 0.092803955078125 0.04709801450371742
0.0 0.04846639186143875 0.11248625814914703 0.0969327837228775 0.041114769876003265
0.0 0.06321815401315689 0.12653577327728271 0.08604880422353745 0.03739413991570473
0.0 0.0641186460852623 0.14291730523109436 0.09705556929111481 0.039554618299007416
0.0 0.06735935807228088 0.15917018055915833 0.09696981310844421 0.03799448534846306
0.0 0.07146590203046799 0.17694032192230225 0.09887300431728363 0.04432081803679466
0.0 0.06651174277067184 0.2006855458021164 0.10216481983661652 0.047612641006708145
0.0 0.07091845571994781 0.2239161878824234 0.09575270861387253 0.04414929449558258
0.0 0.07822282612323761 0.25715911388397217 0.10406799614429474 0.053938962519168854
0.0 0.08756725490093231 0.28481289744377136 0.09930180013179779 0.052121542394161224
0.0 0.09772641211748123 0.32728809118270874 0.10103347897529602 0.055327605456113815
0.0 0.10810819268226624 0.3595794439315796 0.10267937183380127 0.05697348713874817
0.0 0.11743618547916412 0.4154016077518463 0.0981704592704773 0.059836503118276596
0.0 0.13188984990119934 0.4505988359451294 0.09817047417163849 0.059836503118276596
0.0 0.14385820925235748 0.5117528438568115 0.10432528704404831 0.0586194284260273
0.0 0.1530657708644867 0.5511506199836731 0.10120499134063721 0.058447904884815216
0.0 0.1672886162996292 0.6106159090995789 0.1044110506772995 0.06017955020070076
0.0 0.17653904855251312 0.6507936716079712 0.09955908358097076 0.05680202320218086
0.0 0.19172990322113037 0.6851679682731628 0.10111922770738602 0.056887783110141754
0.0 0.19998589158058167 0.7214882969856262 0.1076170802116394 0.061911191791296005
0.0 0.21690841019153595 0.7588971257209778 0.10761711001396179 0.061911191791296005
0.0 0.21953235566616058 0.7923973798751831 0.1011192575097084 0.05688778683543205
0.0 0.24451974034309387 0.07979542762041092 0.11238329112529755 0.06372864544391632
0.0 0.2535475492477417 0.13015708327293396 0.10960603505373001 0.06979770958423615
0.0 0.2616155743598938 0.19152550399303436 0.11332666873931885 0.08089025318622589
0.0 0.2812907099723816 0.26477476954460144 0.120081827044487 0.09059415757656097
0.0 0.2985744774341583 0.35145676136016846 0.12059639394283295 0.0999550148844719
0.0 0.31473514437675476 0.43194109201431274 0.12570562958717346 0.10801302641630173
0.0 0.33531075716018677 0.5215718150138855 0.12275685369968414 0.11096177250146866
0.0 0.36146730184555054 0.6273269057273865 0.12275685369968414 0.11096174269914627
0.0 0.3938297629356384 0.7178745865821838 0.12865442037582397 0.10506430268287659
0.0 0.4076930582523346 0.799267590045929 0.1252768337726593 0.10021229833364487
0.0 0.3523576855659485 0.0488298200070858 0.10579964518547058 0.057145021855831146
0.0 0.3581365942955017 0.09702277928590775 0.11125198006629944 0.0714436024427414
0.0 0.36993342638015747 0.15505652129650116 0.1116807833313942 0.07924433797597885
0.0 0.38332507014274597 0.22786873579025269 0.11869318038225174 0.09362868219614029
0.0 0.4007803797721863 0.3176710307598114 0.12874017655849457 0.10662442445755005
0.0 0.42031043767929077 0.41674843430519104 0.1244027391076088 0.1126076802611351
0.0 0.44113507866859436 0.5251438617706299 0.12423121184110641 0.109487384557724
0.0 0.4709776043891907 0.626784086227417 0.12760883569717407 0.11433938890695572
0.0 0.49727097153663635 0.7207950949668884 0.12397393584251404 0.10480701923370361
0.0 0.5079283118247986 0.800799548625946 0.1421811431646347 0.09647519141435623
0.0 0.4401281476020813 0.022879470139741898 0.09427832067012787 0.04562367871403694
0.0 0.4486067295074463 0.04901600256562233 0.09661032259464264 0.059750743210315704
0.0 0.4577285647392273 0.08685361593961716 0.09834196418523788 0.0629567876458168
0.0 0.4657618999481201 0.13335779309272766 0.10830319672822952 0.07439237087965012
0.0 0.48120182752609253 0.18649668991565704 0.1136697456240654 0.0871308296918869
0.0 0.49641916155815125 0.24981939792633057 0.11557287722826004 0.09345714002847672
0.0 0.5141481161117554 0.3161337673664093 0.11730454862117767 0.09666319191455841
0.0 0.5270169973373413 0.3936693072319031 0.1147846132516861 0.10741269588470459
0.0 0.5462979674339294 0.4739820957183838 0.11313872784376144 0.10576681047677994
0.0 0.5677905678749084 0.551826000213623 0.11929357051849365 0.10454973578453064
0.0 0.5884172320365906 0.6281527280807495 0.11617320775985718 0.10437821596860886
0.0 0.6049291491508484 0.700793445110321 0.12527677416801453 0.10021229833364487
0.0 0.6204895377159119 0.7703567147254944 0.12025336176156998 0.09371441602706909
0.0 0.5305308103561401 0.01875554956495762 0.090986467897892 0.03751109912991524
0.0 0.5452070832252502 0.0413585789501667 0.09678184986114502 0.06287103146314621
0.0 0.55450040102005 0.08231648802757263 0.09859925508499146 0.06763722747564316
0.0 0.5679942965507507 0.12852050364017487 0.09746793657541275 0.07535219192504883
0.0 0.5835199356079102 0.1832195371389389 0.09763945639133453 0.07847245782613754
0.0 0.6001258492469788 0.24333621561527252 0.10924651473760605 0.09155397862195969
0.0 0.6173321604728699 0.3143738806247711 0.11114980280399323 0.09788033366203308
0.0 0.6370072364807129 0.387623131275177 0.11920780688524246 0.102989561855793
0.0 0.6561166644096375 0.464815616607666 0.11296720802783966 0.10264648497104645
0.0 0.671239972114563 0.540662407875061 0.11123555898666382 0.09944044798612595
0.0 0.6838943958282471 0.61429762840271 0.11114980280399323 0.09788033366203308
0.0 0.6962916254997253 0.6832523345947266 0.11435580253601074 0.09961196780204773
0.0 0.7114231586456299 0.7450149059295654 0.1138412356376648 0.090251125395298
0.0 0.6176844835281372 0.01249675266444683 0.09367801994085312 0.02499350532889366
0.0 0.6265143156051636 0.028166629374027252 0.0873352438211441 0.056333258748054504
0.0 0.6364161968231201 0.06372983008623123 0.09712488949298859 0.06911160796880722
0.0 0.6513844132423401 0.10828793793916702 0.09616509824991226 0.0799468606710434
0.0 0.6637040972709656 0.1615983545780182 0.09633662551641464 0.0830671489238739
0.0 0.6833016872406006 0.21920329332351685 0.10101698338985443 0.08332444727420807
0.0 0.6985618472099304 0.2833060920238495 0.10439462959766388 0.08817637711763382
0.0 0.7219657897949219 0.3532206416130066 0.10473767668008804 0.09441698342561722
0.0 0.7402093410491943 0.42889586091041565 0.10309179127216339 0.09277103841304779
0.0 0.7513894438743591 0.5041769742965698 0.10490919649600983 0.09753728657960892
0.0 0.768681526184082 0.5767747759819031 0.11557287722826004 0.09345712512731552
0.0 0.7770925164222717 0.6443837881088257 0.11427004635334015 0.09805185347795486
0.0 0.7909640669822693 0.7116926312446594 0.10768639296293259 0.0914682000875473
0.0 0.7142419219017029 0.0068036229349672794 0.09957557916641235 0.013607245869934559
0.0 0.7229002714157104 0.022233545780181885 0.1044110506772995 0.04446709156036377
0.0 0.7305476665496826 0.053860846906900406 0.10492561757564545 0.06954041868448257
0.0 0.7446072101593018 0.09612160921096802 0.10336549580097198 0.06945466250181198
0.0 0.7575353980064392 0.14626885950565338 0.11029218882322311 0.08227885514497757
0.0 0.7716295719146729 0.2033938765525818 0.1042231097817421 0.08505609631538391
0.0 0.7884498834609985 0.26741090416908264 0.10595475137233734 0.08826214075088501
0.0 0.8092563152313232 0.33277368545532227 0.09832555055618286 0.09095363318920135
0.0 0.8226909041404724 0.4063659906387329 0.10161731392145157 0.09424545615911484
0.0 0.8375569581985474 0.477532297372818 0.10621203482151031 0.09294256567955017
0.0 0.8676401972770691 0.6120213866233826 0.10933227837085724 0.09311408549547195
0.0 0.8775256872177124 0.6779844760894775 0.1087319478392601 0.08219311386346817
0.0 0.8529886603355408 0.5447553396224976 0.10794368386268616 0.09614868462085724
