0.0 0.010937499813735485 0.10000000149011612 0.02187499962747097 0.02812500298023224
0.0 0.01171875 0.12031249701976776 0.0234375 0.03437500447034836
0.0 0.012500000186264515 0.13671875 0.02500000037252903 0.03593749552965164
0.0 0.015625 0.16562500596046448 0.03125 0.04062500596046448
0.0 0.01796874962747097 0.18437500298023224 0.03593749925494194 0.04062500596046448
0.0 0.01875000074505806 0.22187499701976776 0.03750000149011612 0.043749988079071045
0.0 0.02187499962747097 0.24453124403953552 0.04374999925494194 0.042187511920928955
0.0 0.02578124962747097 0.2874999940395355 0.05156249925494194 0.046875
0.0 0.02812499925494194 0.31640625 0.05624999850988388 0.04843747615814209
0.0 0.03125 0.37031251192092896 0.0625 0.050000011920928955
0.0 0.03593749925494194 0.4039062559604645 0.07187499850988388 0.0546875
0.0 0.0390625 0.46406251192092896 0.078125 0.05312502384185791
0.0 0.04374999925494194 0.5023437738418579 0.08749999850988388 0.05156251788139343
0.0 0.05390624701976776 0.563281238079071 0.0859375 0.0546875
0.0 0.05937499925494194 0.6031249761581421 0.08437500149011612 0.04999995231628418
0.0 0.06796874850988388 0.6507812738418579 0.09375 0.0546875
0.0 0.07500000298023224 0.688281238079071 0.09375 0.05156254768371582
0.0 0.08124999701976776 0.7242187261581421 0.09062501043081284 0.04843747615814209
0.0 0.08906249701976776 0.7578125 0.08906248956918716 0.04999995231628418
0.0 0.1015625 0.7890625 0.08906250447034836 0.04531252384185791
0.0 0.11015625298023224 0.821093738079071 0.0859375 0.04218745231628418
0.0 0.12265624850988388 0.84765625 0.08749999105930328 0.04218745231628418
0.0 0.12812499701976776 0.878125011920929 0.09062501043081284 0.04218745231628418
0.0 0.0703125 0.08828125149011612 0.09531250596046448 0.03593750298023224
0.0 0.08437500149011612 0.10312499850988388 0.08437500894069672 0.032812491059303284
0.0 0.08437500149011612 0.11953125149011612 0.09531249105930328 0.03437499701976776
0.0 0.08671875298023224 0.13593749701976776 0.09531250596046448 0.03281250596046448
0.0 0.08984375 0.15390625596046448 0.09687500447034836 0.0390625
0.0 0.08359374850988388 0.17734375596046448 0.10000000894069672 0.042187511920928955
0.0 0.08671875298023224 0.20078125596046448 0.09375 0.0390625
0.0 0.09218749403953552 0.234375 0.1015624925494194 0.048437491059303284
0.0 0.10000000149011612 0.26249998807907104 0.09687499701976776 0.046875
0.0 0.10781250149011612 0.30546873807907104 0.09843750298023224 0.050000011920928955
0.0 0.11640624701976776 0.3382812440395355 0.09999999403953552 0.051562488079071045
0.0 0.12265624850988388 0.39453125 0.09531249105930328 0.0546875
0.0 0.13515624403953552 0.43046873807907104 0.09531250596046448 0.0546875
0.0 0.14374999701976776 0.4921875 0.1015625 0.05312502384185791
0.0 0.15078124403953552 0.532031238079071 0.09843749552965164 0.05312502384185791
0.0 0.16171875596046448 0.5921875238418579 0.1015625 0.0546875
0.0 0.16875000298023224 0.6328125 0.09687498956918716 0.05156254768371582
0.0 0.18203124403953552 0.66796875 0.09843748807907104 0.05156254768371582
0.0 0.18828125298023224 0.7046874761581421 0.10468748211860657 0.05624997615814209
0.0 0.203125 0.742968738079071 0.10468751192092896 0.05624997615814209
0.0 0.20390625298023224 0.776562511920929 0.09843751788139343 0.05156254768371582
0.0 0.2679687440395355 0.06640625 0.109375 0.05781249701976776
0.0 0.27421873807907104 0.1171875 0.10624998807907104 0.06406250596046448
0.0 0.2789062559604645 0.17890624701976776 0.109375 0.07500001788139343
0.0 0.2945312559604645 0.25312501192092896 0.11562500894069672 0.08437500894069672
0.0 0.3070312440395355 0.34062498807907104 0.11562500894069672 0.09375
0.0 0.3187499940395355 0.421875 0.12031251192092896 0.1015625
0.0 0.3343749940395355 0.512499988079071 0.1171875 0.10468748211860657
0.0 0.35468751192092896 0.6195312738418579 0.1171875 0.10468745231628418
0.0 0.38203126192092896 0.711718738079071 0.12343752384185791 0.09843754768371582
0.0 0.39140623807907104 0.793749988079071 0.12031251192092896 0.09375
0.0 0.3773437440395355 0.04140625149011612 0.10312497615814209 0.05156250298023224
0.0 0.3804687559604645 0.08984375 0.10781252384185791 0.06562499701976776
0.0 0.3890624940395355 0.1484375 0.10781252384185791 0.07343750447034836
0.0 0.3984375 0.22187499701976776 0.11406248807907104 0.08750000596046448
0.0 0.41093748807907104 0.3125 0.12343752384185791 0.10000002384185791
0.0 0.42500001192092896 0.4124999940395355 0.11874997615814209 0.10624998807907104
0.0 0.4398437440395355 0.5218750238418579 0.11874997615814209 0.10312497615814209
0.0 0.46406251192092896 0.625 0.12187501788139343 0.10781252384185791
0.0 0.48515623807907104 0.7203124761581421 0.11874997615814209 0.09843754768371582
0.0 0.49140626192092896 0.80078125 0.13750001788139343 0.08906245231628418
0.0 0.4664062261581421 0.02031249925494194 0.09218749403953552 0.04062499850988388
0.0 0.47343748807907104 0.046875 0.09375 0.0546875
0.0 0.48046875 0.08515624701976776 0.09531247615814209 0.05781249701976776
0.0 0.4859375059604645 0.13203124701976776 0.10468751192092896 0.06874999403953552
0.0 0.4984375238418579 0.18593749403953552 0.10937502980232239 0.08125001192092896
0.0 0.5101562738418579 0.25 0.11093747615814209 0.08749999105930328
0.0 0.524218738079071 0.31718748807907104 0.11249998211860657 0.09062498807907104
0.0 0.5328124761581421 0.39531248807907104 0.109375 0.1015625
0.0 0.547656238079071 0.4765625 0.10781252384185791 0.10000002384185791
0.0 0.5648437738418579 0.555468738079071 0.11406254768371582 0.09843754768371582
0.0 0.581250011920929 0.6328125 0.11093747615814209 0.09843754768371582
0.0 0.59375 0.706250011920929 0.12031245231628418 0.09375
0.0 0.60546875 0.776562511920929 0.11562502384185791 0.08749997615814209
0.0 0.5570312738418579 0.01875000074505806 0.08906245231628418 0.03750000149011612
0.0 0.5703125 0.04453124850988388 0.09375 0.05781249701976776
0.0 0.577343761920929 0.0859375 0.09531247615814209 0.0625
0.0 0.5882812738418579 0.1328125 0.09375 0.0703125
0.0 0.600781261920929 0.18828125298023224 0.09375 0.07343748211860657
0.0 0.614062488079071 0.24921876192092896 0.10468745231628418 0.0859375149011612
0.0 0.6273437738418579 0.32109373807907104 0.10625004768371582 0.09218752384185791
0.0 0.6429687738418579 0.39531248807907104 0.11406254768371582 0.09687501192092896
0.0 0.6578124761581421 0.47343748807907104 0.10781252384185791 0.09687498211860657
0.0 0.668749988079071 0.550000011920929 0.10625004768371582 0.09375
0.0 0.6773437261581421 0.624218761920929 0.10625004768371582 0.09218752384185791
0.0 0.6859375238418579 0.6937500238418579 0.109375 0.09375
0.0 0.6976562738418579 0.7562500238418579 0.109375 0.08437502384185791
0.0 0.64453125 0.014843749813735485 0.09218752384185791 0.02968749962747097
0.0 0.65234375 0.03359375149011612 0.08437502384185791 0.05624999850988388
0.0 0.66015625 0.07187499850988388 0.09375 0.06406249105930328
0.0 0.672656238079071 0.1171875 0.09218752384185791 0.07499999552965164
0.0 0.6820312738418579 0.17109374701976776 0.09218752384185791 0.078125
0.0 0.698437511920929 0.22968751192092896 0.09687495231628418 0.0781250149011612
0.0 0.710156261920929 0.2945312559604645 0.10000002384185791 0.08281248807907104
0.0 0.729687511920929 0.3656249940395355 0.10000002384185791 0.08906251192092896
0.0 0.7437499761581421 0.44218748807907104 0.09843754768371582 0.08749997615814209
0.0 0.750781238079071 0.5179687738418579 0.10000002384185791 0.09218752384185791
0.0 0.7640625238418579 0.5914062261581421 0.11093747615814209 0.08749997615814209
0.0 0.768750011920929 0.659375011920929 0.109375 0.09218752384185791
0.0 0.7789062261581421 0.727343738079071 0.10312497615814209 0.0859375
0.0 0.741406261920929 0.01171875 0.09843754768371582 0.0234375
0.0 0.749218761920929 0.02734375 0.1015625 0.0546875
0.0 0.754687488079071 0.06718750298023224 0.1015625 0.06406250596046448
0.0 0.766406238079071 0.11015625298023224 0.10000002384185791 0.06406250596046448
0.0 0.776562511920929 0.16093750298023224 0.10625004768371582 0.07656249403953552
0.0 0.7875000238418579 0.21875 0.10000002384185791 0.07968749105930328
0.0 0.80078125 0.2835937440395355 0.1015625 0.08281248807907104
0.0 0.8179687261581421 0.3499999940395355 0.09375 0.0859375
0.0 0.827343761920929 0.4242187440395355 0.09687495231628418 0.08906251192092896
0.0 0.8382812738418579 0.49609375 0.1015625 0.08749997615814209
0.0 0.8609374761581421 0.632031261920929 0.10468745231628418 0.08749997615814209
0.0 0.8671875 0.698437511920929 0.10468745231628418 0.07656252384185791
0.0 0.8500000238418579 0.5640624761581421 0.10312497615814209 0.09062504768371582
