0.0 0.9985811710357666 0.246720552444458 0.0028375983238220215 0.04477585852146149
0.0 0.9953789710998535 0.2838328182697296 0.009242057800292969 0.04807078838348389
0.0 0.9909190535545349 0.3059251308441162 0.018161892890930176 0.04729706048965454
0.0 0.98422771692276 0.34807541966438293 0.03154456615447998 0.05291903018951416
0.0 0.9800575971603394 0.37646639347076416 0.03988480567932129 0.05505192279815674
0.0 0.9735589623451233 0.42956650257110596 0.05288207530975342 0.05737900733947754
0.0 0.9666749238967896 0.4623173773288727 0.0666501522064209 0.0631951093673706
0.0 0.9598850607872009 0.5216190814971924 0.08022987842559814 0.06242141127586365
0.0 0.9524224400520325 0.5590211153030396 0.09322917461395264 0.06203603744506836
0.0 0.9347725510597229 0.6182242035865784 0.09206712245941162 0.06494259834289551
0.0 0.9243950843811035 0.6570795774459839 0.08993422985076904 0.06009721755981445
0.0 0.9099459648132324 0.7032985687255859 0.09981906414031982 0.06591343879699707
0.0 0.8983092904090881 0.7396341562271118 0.09943068027496338 0.0628126859664917
0.0 0.8876420259475708 0.7745164632797241 0.09594160318374634 0.05932343006134033
0.0 0.8757156133651733 0.8068790435791016 0.0945853590965271 0.06067967414855957
0.0 0.8594292402267456 0.8363335132598877 0.09400290250778198 0.05602860450744629
0.0 0.8469216823577881 0.8670485615730286 0.09051376581192017 0.05253946781158447
0.0 0.8312178254127502 0.8918519020080566 0.09206414222717285 0.052733540534973145
0.0 0.8220052719116211 0.9214049577713013 0.09516501426696777 0.05312192440032959
0.0 0.9639996290206909 0.1448671519756317 0.07200080156326294 0.047502875328063965
0.0 0.9589108228683472 0.15784838795661926 0.08217835426330566 0.04304295778274536
0.0 0.9551297426223755 0.1741274744272232 0.08974051475524902 0.04595249891281128
0.0 0.9529961347579956 0.1901153177022934 0.09400773048400879 0.044402092695236206
0.0 0.9497475624084473 0.20755647122859955 0.10050487518310547 0.05079782009124756
0.0 0.950519859790802 0.2315889596939087 0.098960280418396 0.05428694188594818
0.0 0.9472601413726807 0.254456490278244 0.09787744283676147 0.05040949583053589
0.0 0.9376592636108398 0.28711026906967163 0.10679435729980469 0.06068265438079834
0.0 0.9264124035835266 0.3140464723110199 0.10194897651672363 0.05854976177215576
0.0 0.9133210182189941 0.35571134090423584 0.10388773679733276 0.061844706535339355
0.0 0.9007164239883423 0.3872016370296478 0.10563230514526367 0.06358927488327026
0.0 0.8875249624252319 0.44223901629447937 0.10136944055557251 0.06610757112503052
0.0 0.8706561326980591 0.47634464502334595 0.10136944055557251 0.06610754132270813
0.0 0.8544595837593079 0.5365171432495117 0.1073768138885498 0.06533384323120117
0.0 0.842531681060791 0.575178325176239 0.10427606105804443 0.06494545936584473
0.0 0.8242036700248718 0.6335092186927795 0.10757100582122803 0.06688416004180908
0.0 0.8121787309646606 0.6729455590248108 0.10253149271011353 0.0632009506225586
0.0 0.7946317195892334 0.7061789631843567 0.10408192873001099 0.06339514255523682
0.0 0.783867359161377 0.741836428642273 0.11086595058441162 0.06882286071777344
0.0 0.7643817067146301 0.7779764533042908 0.11086595058441162 0.06882286071777344
0.0 0.7594319581985474 0.8112127780914307 0.10408192873001099 0.06339514255523682
0.0 0.7841129302978516 0.0986001193523407 0.1157112717628479 0.0709557831287384
0.0 0.7716010808944702 0.14821112155914307 0.11338716745376587 0.07676902413368225
0.0 0.7592805027961731 0.20886901021003723 0.11784708499908447 0.08801008760929108
0.0 0.734553873538971 0.2805708944797516 0.125213623046875 0.09808908402919769
0.0 0.7112776637077332 0.3658393621444702 0.12637865543365479 0.10739141702651978
0.0 0.6895533204078674 0.4450034201145172 0.13200056552886963 0.1157258152961731
0.0 0.6627879738807678 0.5329843163490295 0.12928807735443115 0.1184382438659668
0.0 0.6293327212333679 0.636661946773529 0.12928807735443115 0.1184382438659668
0.0 0.5907453298568726 0.7247370481491089 0.1347130537033081 0.1130133867263794
0.0 0.5712494850158691 0.80496746301651 0.13102972507476807 0.10797393321990967
0.0 0.6786922812461853 0.060202501714229584 0.10873305797576904 0.06397758424282074
0.0 0.6695724725723267 0.1078762412071228 0.11513173580169678 0.07851357012987137
0.0 0.6537642478942871 0.16494795680046082 0.11610245704650879 0.08626553416252136
0.0 0.6353362798690796 0.23665127158164978 0.12405157089233398 0.10099567472934723
0.0 0.6116716861724854 0.32502055168151855 0.13490718603134155 0.11456382274627686
0.0 0.5852918028831482 0.4224979877471924 0.13103258609771729 0.1201828122138977
0.0 0.5569717288017273 0.5291807651519775 0.1306443214416504 0.11708202958106995
0.0 0.5201259255409241 0.6284968852996826 0.13432765007019043 0.12212157249450684
0.0 0.48735177516937256 0.7204494476318359 0.13006186485290527 0.11243093013763428
0.0 0.47115081548690796 0.799517810344696 0.14750158786773682 0.10545849800109863
0.0 0.5929412841796875 0.02820497192442417 0.09652119874954224 0.051765721291303635
0.0 0.5826638340950012 0.05368785932660103 0.09981906414031982 0.06591338664293289
0.0 0.5709300637245178 0.09079866111278534 0.10175776481628418 0.06920832395553589
0.0 0.559678852558136 0.13663077354431152 0.1124192476272583 0.08122602105140686
0.0 0.5405770540237427 0.18856589496135712 0.11862373352050781 0.09421166777610779
0.0 0.5209884643554688 0.25067564845085144 0.12095069885253906 0.10060733556747437
0.0 0.4986860156059265 0.3155949115753174 0.12288939952850342 0.10390228033065796
0.0 0.48045074939727783 0.3920464813709259 0.12114787101745605 0.11436671018600464
0.0 0.45562559366226196 0.47082218527793884 0.11940324306488037 0.1126222014427185
0.0 0.42876607179641724 0.5469810366630554 0.12541067600250244 0.11184847354888916
0.0 0.4028759002685547 0.6216866374015808 0.12230992317199707 0.11146008968353271
0.0 0.3813471794128418 0.6930016279220581 0.13102972507476807 0.10797393321990967
0.0 0.36098194122314453 0.7613129615783691 0.12560200691223145 0.10118985176086426
0.0 0.5032128691673279 0.01976572535932064 0.09303200244903564 0.03953145071864128
0.0 0.4868309199810028 0.03932418301701546 0.1002073884010315 0.06901416927576065
0.0 0.4747088551521301 0.07953576743602753 0.1023402214050293 0.07385949790477753
0.0 0.4580312669277191 0.12468831241130829 0.10176068544387817 0.08141729235649109
0.0 0.43873530626296997 0.17817384004592896 0.10214900970458984 0.08451804518699646
0.0 0.4179847240447998 0.2369886338710785 0.1145550012588501 0.09828031063079834
0.0 0.39587485790252686 0.306656152009964 0.1168820858001709 0.10467606782913208
0.0 0.3711482286453247 0.37835800647735596 0.12521660327911377 0.1102980375289917
0.0 0.3467114567756653 0.45403292775154114 0.11901497840881348 0.10952132940292358
0.0 0.32634472846984863 0.5286428928375244 0.11707627773284912 0.10622644424438477
0.0 0.30859488248825073 0.6012185215950012 0.1168820858001709 0.1046760082244873
0.0 0.29142749309539795 0.6691429615020752 0.12017703056335449 0.10661470890045166
0.0 0.27203303575515747 0.7297022938728333 0.11901199817657471 0.09731245040893555
0.0 0.41687649488449097 0.010550280101597309 0.095162034034729 0.021100560203194618
0.0 0.40679460763931274 0.025713661685585976 0.09071087837219238 0.05142732337117195
0.0 0.3942856788635254 0.055291641503572464 0.10098397731781006 0.07521571964025497
0.0 0.37625187635421753 0.09869962930679321 0.1007927656173706 0.0858742892742157
0.0 0.36025089025497437 0.15102308988571167 0.10118114948272705 0.08897507190704346
0.0 0.33669066429138184 0.20712397992610931 0.10583221912384033 0.08955755829811096
0.0 0.3170050382614136 0.27000892162323 0.10951554775238037 0.09459704160690308
0.0 0.288790762424469 0.3381246030330658 0.11029219627380371 0.1007986068725586
0.0 0.265323281288147 0.412346214056015 0.10854768753051758 0.09905403852462769
0.0 0.24892961978912354 0.48666638135910034 0.11068058013916016 0.10389938950538635
0.0 0.22662568092346191 0.5578842759132385 0.12095069885253906 0.10060727596282959
0.0 0.21352845430374146 0.6247437596321106 0.11998283863067627 0.10506439208984375
0.0 0.1950048804283142 0.6909235715866089 0.11300456523895264 0.09808611869812012
0.0 0.32114070653915405 0.0016246209852397442 0.10058701038360596 0.0032492419704794884
0.0 0.3114470839500427 0.016740188002586365 0.10757100582122803 0.03348037600517273
0.0 0.30106961727142334 0.03889364004135132 0.10873603820800781 0.07618653774261475
0.0 0.284102201461792 0.08007312566041946 0.10718560218811035 0.0759923905134201
0.0 0.26771438121795654 0.12919871509075165 0.11494052410125732 0.08917214721441269
0.0 0.2496775984764099 0.18520396947860718 0.10912728309631348 0.09149625897407532
0.0 0.22844159603118896 0.247894749045372 0.11106598377227783 0.09479120373725891
0.0 0.2031354308128357 0.31165051460266113 0.10370230674743652 0.09692120552062988
0.0 0.1846103072166443 0.38412901759147644 0.10719132423400879 0.10041028261184692
0.0 0.16482609510421753 0.4540877938270569 0.11164844036102295 0.09944236278533936
0.0 0.12545335292816162 0.5861563086509705 0.11474919319152832 0.09983062744140625
0.0 0.11099982261657715 0.6512712240219116 0.11338996887207031 0.08897805213928223
0.0 0.14475208520889282 0.5200734734535217 0.1135871410369873 0.10273733735084534
