0.0 0.00625002384185791 0.09531249850988388 0.01250004768371582 0.08749999105930328
0.0 0.014843761920928955 0.09218750149011612 0.02968752384185791 0.08749999105930328
0.0 0.043749988079071045 0.08828125149011612 0.03281247615814209 0.09218750894069672
0.0 0.06328123807907104 0.08984375 0.03281247615814209 0.08906251192092896
0.0 0.10000002384185791 0.08203125 0.03593754768371582 0.08906251192092896
0.0 0.125 0.08203125 0.03593754768371582 0.08906251192092896
0.0 0.16796875 0.07890625298023224 0.04062497615814209 0.08750000596046448
0.0 0.1968749761581421 0.07656250149011612 0.04218745231628418 0.08749999105930328
0.0 0.25078123807907104 0.06875000149011612 0.04218745231628418 0.08749999105930328
0.0 0.28593748807907104 0.06796874850988388 0.04843747615814209 0.0859375
0.0 0.3453124761581421 0.05624999850988388 0.04531252384185791 0.09062500298023224
0.0 0.3843749761581421 0.05859375 0.04531252384185791 0.08750000596046448
0.0 0.44609373807907104 0.05312500149011612 0.046875 0.08281250298023224
0.0 0.4859374761581421 0.04765624552965164 0.04375004768371582 0.08124999701976776
0.0 0.534375011920929 0.04453124850988388 0.046875 0.08906249701976776
0.0 0.5718749761581421 0.04296875 0.043749988079071045 0.0859375
0.0 0.608593761920929 0.04062499850988388 0.04218757152557373 0.08124999701976776
0.0 0.6429687738418579 0.03984374925494194 0.042187511920928955 0.07968749850988388
0.0 0.6773437261581421 0.04140625149011612 0.0390625 0.08281250298023224
0.0 0.710156261920929 0.04062499850988388 0.03593742847442627 0.08124999701976776
0.0 0.737500011920929 0.04531250149011612 0.03593742847442627 0.0859375
0.0 0.768750011920929 0.04374999925494194 0.03750002384185791 0.08749999850988388
0.0 0.003125011920928955 0.19140625 0.00625002384185791 0.09531250596046448
0.0 0.010937511920928955 0.20078125596046448 0.02187502384185791 0.08281248807907104
0.0 0.02499997615814209 0.19765624403953552 0.02656245231628418 0.09531250596046448
0.0 0.04140627384185791 0.1953125 0.02499997615814209 0.09531250596046448
0.0 0.06015622615814209 0.19374999403953552 0.03125 0.09531250596046448
0.0 0.08046877384185791 0.18125000596046448 0.03281247615814209 0.09843748807907104
0.0 0.10390627384185791 0.17890624701976776 0.03125 0.09218749403953552
0.0 0.1382812261581421 0.17499999701976776 0.0390625 0.09999999403953552
0.0 0.16718751192092896 0.17578125 0.0390625 0.09375
0.0 0.2109375 0.171875 0.04218745231628418 0.09687501192092896
0.0 0.2445312738418579 0.17109374701976776 0.04375004768371582 0.09843751788139343
0.0 0.30000001192092896 0.16328124701976776 0.046875 0.09375
0.0 0.3382812738418579 0.16562500596046448 0.04843747615814209 0.09375
0.0 0.3999999761581421 0.15781250596046448 0.04531252384185791 0.09999999403953552
0.0 0.44062501192092896 0.15468749403953552 0.04531252384185791 0.09687501192092896
0.0 0.5015624761581421 0.14921875298023224 0.04843747615814209 0.09999999403953552
0.0 0.54296875 0.14609375596046448 0.04375004768371582 0.09375
0.0 0.5796875357627869 0.14921875298023224 0.04531252384185791 0.09687498211860657
0.0 0.6171875 0.14609375596046448 0.04531252384185791 0.10312500596046448
0.0 0.6578125357627869 0.15078124403953552 0.04531252384185791 0.10312500596046448
0.0 0.690625011920929 0.14218750596046448 0.04374992847442627 0.09687501192092896
0.0 0.0234375 0.3882812559604645 0.046875 0.10781252384185791
0.0 0.07187497615814209 0.3812499940395355 0.0546875 0.10312497615814209
0.0 0.1328125 0.3695312440395355 0.06718754768371582 0.10624998807907104
0.0 0.2085937261581421 0.3656249940395355 0.07656252384185791 0.11093747615814209
0.0 0.29609376192092896 0.35468751192092896 0.0859375 0.109375
0.0 0.3773437738418579 0.3453125059604645 0.09375 0.11406248807907104
0.0 0.46953123807907104 0.33671873807907104 0.09687495231628418 0.11093747615814209
0.0 0.577343761920929 0.32890623807907104 0.09687507152557373 0.11093747615814209
0.0 0.6742187738418579 0.33125001192092896 0.08906251192092896 0.1171875
0.0 0.7554687261581421 0.31953126192092896 0.0859375 0.11562502384185791
0.0 0.02578127384185791 0.5 0.04218745231628418 0.1015625
0.0 0.07265627384185791 0.49140626192092896 0.05781245231628418 0.10468745231628418
0.0 0.1312500238418579 0.48359376192092896 0.06406247615814209 0.10468745231628418
0.0 0.2054687738418579 0.4742187261581421 0.07968747615814209 0.109375
0.0 0.29609376192092896 0.4624999761581421 0.09062504768371582 0.1171875
0.0 0.3960937261581421 0.44999998807907104 0.09687495231628418 0.11249995231628418
0.0 0.5054687261581421 0.4359374940395355 0.09375 0.11093747615814209
0.0 0.6117187142372131 0.43281251192092896 0.10000002384185791 0.11562502384185791
0.0 0.7085937261581421 0.4281249940395355 0.09062498807907104 0.11250001192092896
0.0 0.788281261920929 0.41328126192092896 0.07968747615814209 0.1343749761581421
0.0 0.028124988079071045 0.5914062261581421 0.03281247615814209 0.08906245231628418
0.0 0.055468738079071045 0.5914062261581421 0.04843747615814209 0.09062504768371582
0.0 0.09453123807907104 0.589062511920929 0.05156254768371582 0.09062504768371582
0.0 0.140625 0.581250011920929 0.06093752384185791 0.1015625
0.0 0.19609373807907104 0.5796874761581421 0.07343745231628418 0.10468745231628418
0.0 0.26093751192092896 0.57421875 0.07968747615814209 0.10625004768371582
0.0 0.3296874761581421 0.5703125 0.08124995231628418 0.10781252384185791
0.0 0.40703123807907104 0.559374988079071 0.09375 0.10312497615814209
0.0 0.4898437261581421 0.551562488079071 0.09218752384185791 0.1015625
0.0 0.5703125 0.547656238079071 0.09218752384185791 0.10781252384185791
0.0 0.649218738079071 0.5445312261581421 0.09062492847442627 0.10468745231628418
0.0 0.723437488079071 0.5367187261581421 0.0859375 0.11562502384185791
0.0 0.7945312261581421 0.5296875238418579 0.078125 0.11093747615814209
0.0 0.04453122615814209 0.6812499761581421 0.04218745231628418 0.08749997615814209
0.0 0.07890623807907104 0.6859375238418579 0.05156254768371582 0.09062504768371582
0.0 0.11953127384185791 0.6820312738418579 0.0546875 0.09062504768371582
0.0 0.16874998807907104 0.680468738079071 0.06406247615814209 0.09062504768371582
0.0 0.2242187261581421 0.6781250238418579 0.06718754768371582 0.08906245231628418
0.0 0.2875000238418579 0.67578125 0.078125 0.10000002384185791
0.0 0.36015623807907104 0.668749988079071 0.08437502384185791 0.10000002384185791
0.0 0.4359375238418579 0.664843738079071 0.08749997615814209 0.10781252384185791
0.0 0.515625 0.659375011920929 0.08906245231628418 0.1015625
0.0 0.5921875238418579 0.6499999761581421 0.0859375 0.10000002384185791
0.0 0.6656250357627869 0.6390625238418579 0.08437502384185791 0.10000002384185791
0.0 0.7359374761581421 0.62890625 0.0859375 0.10312497615814209
0.0 0.7984374761581421 0.624218761920929 0.07656246423721313 0.10468745231628418
0.0 0.057812511920928955 0.768750011920929 0.04843747615814209 0.08749997615814209
0.0 0.08906251192092896 0.7679687738418579 0.04999995231628418 0.08124995231628418
0.0 0.12812501192092896 0.765625 0.05781245231628418 0.08906245231628418
0.0 0.17500001192092896 0.766406238079071 0.06562495231628418 0.08749997615814209
0.0 0.22968751192092896 0.760937511920929 0.06875002384185791 0.0859375
0.0 0.28984373807907104 0.76171875 0.07343745231628418 0.09218752384185791
0.0 0.35624998807907104 0.7562500238418579 0.07656252384185791 0.09375
0.0 0.4296875 0.7562500238418579 0.08281254768371582 0.09375
0.0 0.507031261920929 0.75 0.08124995231628418 0.09375
0.0 0.58203125 0.737500011920929 0.0859375 0.09375
0.0 0.657031238079071 0.7320312261581421 0.07968747615814209 0.10625004768371582
0.0 0.723437488079071 0.717968761920929 0.08437502384185791 0.10312497615814209
0.0 0.792187511920929 0.710156261920929 0.078125 0.09687495231628418
0.0 0.05234372615814209 0.8609374761581421 0.03125 0.09531247615814209
0.0 0.07578122615814209 0.86328125 0.04843747615814209 0.09687495231628418
0.0 0.10703122615814209 0.86328125 0.04999995231628418 0.09843754768371582
0.0 0.14765626192092896 0.8578125238418579 0.0546875 0.09843754768371582
0.0 0.19218748807907104 0.8578125238418579 0.05624997615814209 0.09687495231628418
0.0 0.2437499761581421 0.854687511920929 0.06718754768371582 0.1015625
0.0 0.3023437261581421 0.850781261920929 0.07343745231628418 0.09531247615814209
0.0 0.3687499761581421 0.8460937738418579 0.07656252384185791 0.09687495231628418
0.0 0.4375 0.8460937738418579 0.078125 0.08749997615814209
0.0 0.51171875 0.8359375 0.08281254768371582 0.09062504768371582
0.0 0.5835937261581421 0.827343761920929 0.08125001192092896 0.09687495231628418
0.0 0.7210937142372131 0.8148437738418579 0.07968747615814209 0.10000002384185791
0.0 0.7867187261581421 0.8031250238418579 0.06874996423721313 0.10000002384185791
0.0 0.653124988079071 0.8218749761581421 0.08437502384185791 0.09687495231628418
