0.0 0.948437511920929 0.953906238079071 0.02187502384185791 0.08906245231628418
0.0 0.9398437738418579 0.9554687738418579 0.0390625 0.08906245231628418
0.0 0.91015625 0.9546874761581421 0.04218745231628418 0.09062504768371582
0.0 0.891406238079071 0.953906238079071 0.04375004768371582 0.09218752384185791
0.0 0.8539062738418579 0.9554687738418579 0.04531252384185791 0.08906245231628418
0.0 0.828906238079071 0.953906238079071 0.04531252384185791 0.09218752384185791
0.0 0.785937488079071 0.953125 0.04999995231628418 0.09062504768371582
0.0 0.757031261920929 0.953125 0.05156254768371582 0.09218752384185791
0.0 0.702343761920929 0.953906238079071 0.05156254768371582 0.09218752384185791
0.0 0.66796875 0.952343761920929 0.05781245231628418 0.09062504768371582
0.0 0.6070312261581421 0.9546874761581421 0.0546875 0.09062504768371582
0.0 0.5687500238418579 0.9507812261581421 0.0546875 0.09218752384185791
0.0 0.507031261920929 0.949999988079071 0.0546875 0.08749997615814209
0.0 0.4664062559604645 0.9515625238418579 0.051562488079071045 0.0859375
0.0 0.41796875 0.94921875 0.05624997615814209 0.09375
0.0 0.37968748807907104 0.9468749761581421 0.0546875 0.09062504768371582
0.0 0.34375 0.9453125 0.050000011920928955 0.0859375
0.0 0.30937498807907104 0.9429687261581421 0.050000011920928955 0.08437502384185791
0.0 0.2757812440395355 0.9375 0.046875 0.0859375
0.0 0.24296876788139343 0.9351562261581421 0.04375000298023224 0.08437502384185791
0.0 0.21640625596046448 0.9273437261581421 0.04531249403953552 0.08906245231628418
0.0 0.18437500298023224 0.92578125 0.04531249403953552 0.09062504768371582
0.0 0.961718738079071 0.858593761920929 0.015625 0.09531247615814209
0.0 0.9554687738418579 0.848437488079071 0.02968752384185791 0.08437502384185791
0.0 0.940625011920929 0.8500000238418579 0.03593754768371582 0.09687495231628418
0.0 0.9242187738418579 0.850781261920929 0.03437495231628418 0.09687495231628418
0.0 0.905468761920929 0.850781261920929 0.04062497615814209 0.09843754768371582
0.0 0.883593738079071 0.8609374761581421 0.04218745231628418 0.1015625
0.0 0.860156238079071 0.8609374761581421 0.04062497615814209 0.09531247615814209
0.0 0.8257812261581421 0.8609374761581421 0.04999995231628418 0.10312497615814209
0.0 0.796875 0.8570312261581421 0.04843747615814209 0.09687495231628418
0.0 0.753125011920929 0.856249988079071 0.05156254768371582 0.10000002384185791
0.0 0.719531238079071 0.8539062738418579 0.05312502384185791 0.10312497615814209
0.0 0.6640625 0.85546875 0.05624997615814209 0.09843754768371582
0.0 0.625781238079071 0.8492187261581421 0.05781245231628418 0.09843754768371582
0.0 0.5640624761581421 0.850781261920929 0.05624997615814209 0.10468745231628418
0.0 0.522656261920929 0.8500000238418579 0.0546875 0.1015625
0.0 0.46171873807907104 0.848437488079071 0.059374988079071045 0.10468745231628418
0.0 0.4203124940395355 0.84765625 0.05312502384185791 0.09843754768371582
0.0 0.3843750059604645 0.840624988079071 0.0546875 0.1015625
0.0 0.3460937440395355 0.83984375 0.05624997615814209 0.10781252384185791
0.0 0.3062500059604645 0.8304687738418579 0.05624997615814209 0.10781252384185791
0.0 0.27265626192092896 0.8359375 0.053125008940696716 0.1015625
0.0 0.9624999761581421 0.660937488079071 0.05781245231628418 0.11249995231628418
0.0 0.913281261920929 0.6625000238418579 0.06562495231628418 0.10781252384185791
0.0 0.8515625 0.66796875 0.078125 0.11249995231628418
0.0 0.7757812738418579 0.6640625 0.08749997615814209 0.11874997615814209
0.0 0.6875 0.6656249761581421 0.09687495231628418 0.1171875
0.0 0.60546875 0.6664062738418579 0.10468745231628418 0.12343752384185791
0.0 0.5132812261581421 0.6656249761581421 0.10781252384185791 0.12031245231628418
0.0 0.40546876192092896 0.6617187261581421 0.10781252384185791 0.12031245231628418
0.0 0.30937498807907104 0.6499999761581421 0.1015625 0.1265624761581421
0.0 0.22734375298023224 0.653124988079071 0.09531250596046448 0.12343752384185791
0.0 0.971875011920929 0.5492187738418579 0.05312502384185791 0.10468748211860657
0.0 0.9242187738418579 0.5531250238418579 0.06875002384185791 0.11093747615814209
0.0 0.8648437261581421 0.5546875 0.07500004768371582 0.11093747615814209
0.0 0.789843738079071 0.5562499761581421 0.09062504768371582 0.1171875
0.0 0.69921875 0.55859375 0.10312497615814209 0.1265624761581421
0.0 0.598437488079071 0.5609375238418579 0.10781252384185791 0.12187504768371582
0.0 0.48750001192092896 0.563281238079071 0.10468748211860657 0.12031245231628418
0.0 0.38203126192092896 0.555468738079071 0.11093747615814209 0.125
0.0 0.28515625 0.550000011920929 0.1015625 0.12187501788139343
0.0 0.20390623807907104 0.5562499761581421 0.0937499850988388 0.1421874761581421
0.0 0.9789062738418579 0.4585937261581421 0.04218745231628418 0.09218749403953552
0.0 0.9515625238418579 0.4554687738418579 0.05781245231628418 0.09531250596046448
0.0 0.9125000238418579 0.45390623807907104 0.06093752384185791 0.09531247615814209
0.0 0.8656250238418579 0.45703125 0.07187497615814209 0.10781252384185791
0.0 0.8109375238418579 0.45234376192092896 0.08437502384185791 0.11249998211860657
0.0 0.745312511920929 0.4515624940395355 0.09062504768371582 0.11406248807907104
0.0 0.676562488079071 0.44765621423721313 0.09218752384185791 0.11562499403953552
0.0 0.598437488079071 0.4507812559604645 0.10468745231628418 0.11250001192092896
0.0 0.515625 0.44999998807907104 0.1015625 0.11093747615814209
0.0 0.4351562559604645 0.4453125 0.10312497615814209 0.1171875
0.0 0.35624998807907104 0.4398437440395355 0.1015625 0.11406248807907104
0.0 0.28125 0.43984371423721313 0.09687501192092896 0.12343749403953552
0.0 0.21015624701976776 0.4398437440395355 0.08906248211860657 0.11874997615814209
0.0 0.971875011920929 0.3671875 0.05156254768371582 0.09218752384185791
0.0 0.938281238079071 0.359375 0.06093752384185791 0.09531247615814209
0.0 0.897656261920929 0.35859376192092896 0.06562495231628418 0.09531247615814209
0.0 0.848437488079071 0.35546875 0.07343745231628418 0.09531247615814209
0.0 0.79296875 0.3515625 0.07656252384185791 0.09531247615814209
0.0 0.729687511920929 0.34765625 0.08749997615814209 0.10781252384185791
0.0 0.657031238079071 0.34687501192092896 0.09375 0.10781252384185791
0.0 0.581250011920929 0.34296876192092896 0.09843754768371582 0.11562502384185791
0.0 0.500781238079071 0.33984375 0.09843751788139343 0.11093747615814209
0.0 0.4242187440395355 0.3414062559604645 0.09531247615814209 0.10781252384185791
0.0 0.3499999940395355 0.34453123807907104 0.09375 0.10781252384185791
0.0 0.2789062559604645 0.34687501192092896 0.09687501192092896 0.11093747615814209
0.0 0.21640625596046448 0.3453125059604645 0.08749999105930328 0.11250001192092896
0.0 0.967968761920929 0.2789062559604645 0.05781245231628418 0.09218750894069672
0.0 0.936718761920929 0.27656251192092896 0.05781245231628418 0.0859375
0.0 0.897656261920929 0.2750000059604645 0.06718754768371582 0.09531249105930328
0.0 0.850781261920929 0.26875001192092896 0.07500004768371582 0.09218750894069672
0.0 0.796093761920929 0.26875001192092896 0.078125 0.09218750894069672
0.0 0.7367187738418579 0.26171875 0.08281254768371582 0.10000000894069672
0.0 0.6695312261581421 0.2601562440395355 0.0859375 0.1015625
0.0 0.596875011920929 0.2523437440395355 0.09218752384185791 0.1015625
0.0 0.518750011920929 0.25078123807907104 0.09062501788139343 0.1015625
0.0 0.4429687559604645 0.2554687559604645 0.09531247615814209 0.1015625
0.0 0.36796873807907104 0.25312501192092896 0.09062498807907104 0.11406248807907104
0.0 0.30078125 0.2601562440395355 0.09531247615814209 0.11093749105930328
0.0 0.23124998807907104 0.2601562440395355 0.0859374850988388 0.10468751192092896
0.0 0.981249988079071 0.18671874701976776 0.03750002384185791 0.09843751788139343
0.0 0.960156261920929 0.18281249701976776 0.05781245231628418 0.1015625
0.0 0.928906261920929 0.1796875 0.05937504768371582 0.10312500596046448
0.0 0.887499988079071 0.18125000596046448 0.06406247615814209 0.10312500596046448
0.0 0.84375 0.17656250298023224 0.06562495231628418 0.1015625
0.0 0.792187511920929 0.17421874403953552 0.07968747615814209 0.10781249403953552
0.0 0.733593761920929 0.171875 0.08281254768371582 0.10312500596046448
0.0 0.6664062738418579 0.16953125596046448 0.0859375 0.10468750447034836
0.0 0.598437488079071 0.16249999403953552 0.08749997615814209 0.09531250596046448
0.0 0.5234375 0.16484375298023224 0.09218752384185791 0.09843751043081284
0.0 0.4507812559604645 0.16562500596046448 0.08906251192092896 0.10468750447034836
0.0 0.31328123807907104 0.1640625 0.08906251192092896 0.10781249403953552
0.0 0.24687498807907104 0.16875000298023224 0.0781249850988388 0.10625001043081284
0.0 0.3812499940395355 0.1640625 0.09375 0.10468750447034836
