0.0 0.9332770109176636 0.9635416865348816 0.0945945680141449 0.020833279937505722
0.0 0.9358108043670654 0.9539930820465088 0.09628373384475708 0.03993060812354088
0.0 0.9375 0.921875 0.10135135054588318 0.0434027761220932
0.0 0.9349662661552429 0.9001736044883728 0.09797302633523941 0.04513886198401451
0.0 0.9400337934494019 0.858506977558136 0.09797302633523941 0.04687494784593582
0.0 0.9383445978164673 0.8315972089767456 0.09797302633523941 0.04687494784593582
0.0 0.9383445978164673 0.7829861044883728 0.09797302633523941 0.0520833320915699
0.0 0.9391891956329346 0.7508680820465088 0.09797302633523941 0.05381941795349121
0.0 0.943412184715271 0.6909722089767456 0.09797302633523941 0.05381941795349121
0.0 0.9417229890823364 0.6519097089767456 0.09628373384475708 0.0607638880610466
0.0 0.9493243098258972 0.585069477558136 0.10135135054588318 0.05729172006249428
0.0 0.9442567825317383 0.5416666865348816 0.09797302633523941 0.05729172006249428
0.0 0.9451013803482056 0.4730902910232544 0.09290540218353271 0.05902780592441559
0.0 0.9484797716140747 0.4288194477558136 0.09121624380350113 0.055555567145347595
0.0 0.9484797716140747 0.3741319477558136 0.099662184715271 0.05902780592441559
0.0 0.9467905163764954 0.3315972089767456 0.09628373384475708 0.057291653007268906
0.0 0.9467905163764954 0.2916666567325592 0.09121624380350113 0.05381941795349121
0.0 0.9451013803482056 0.2534722089767456 0.08952707797288895 0.0520833320915699
0.0 0.9408783912658691 0.2161458283662796 0.09290540218353271 0.05034724995493889
0.0 0.9391891956329346 0.1796874850988388 0.08952707797288895 0.046875014901161194
0.0 0.9315878748893738 0.1493055522441864 0.0945945680141449 0.0468749962747097
0.0 0.9315878748893738 0.1137152761220932 0.09628373384475708 0.046875014901161194
0.0 0.8293918967247009 0.9748263359069824 0.10304051637649536 0.013888942077755928
0.0 0.8192567229270935 0.9670138955116272 0.09121624380350113 0.03125005215406418
0.0 0.8209459781646729 0.9513888955116272 0.10472967475652695 0.03645830601453781
0.0 0.8226351141929626 0.9322916865348816 0.10472967475652695 0.0347222238779068
0.0 0.8226351141929626 0.9114583730697632 0.10472967475652695 0.04166669398546219
0.0 0.8344594836235046 0.8880208134651184 0.10810813307762146 0.0434027761220932
0.0 0.8353040814399719 0.8619791269302368 0.10135135054588318 0.04166669398546219
0.0 0.8369932174682617 0.8237847685813904 0.11148645728826523 0.05034724995493889
0.0 0.8344594836235046 0.7916666269302368 0.10472967475652695 0.05034724995493889
0.0 0.8353040814399719 0.7430555820465088 0.10810813307762146 0.05381941795349121
0.0 0.8336148858070374 0.7057291269302368 0.10979729890823364 0.05555550381541252
0.0 0.8378378748893738 0.6432291865348816 0.10472967475652695 0.05902780592441559
0.0 0.8319256901741028 0.6015625 0.10472967475652695 0.0607638880610466
0.0 0.8361486196517944 0.532118022441864 0.11148645728826523 0.05729172006249428
0.0 0.8361486196517944 0.4869791567325592 0.10810813307762146 0.05729172006249428
0.0 0.8378378748893738 0.4192708134651184 0.11148645728826523 0.060763854533433914
0.0 0.8378378748893738 0.3732638955116272 0.10472967475652695 0.055555567145347595
0.0 0.8319256901741028 0.3324652910232544 0.10810813307762146 0.057291653007268906
0.0 0.8319256901741028 0.2907986342906952 0.11486491560935974 0.05902780592441559
0.0 0.8243243098258972 0.2456597238779068 0.11486491560935974 0.05902780592441559
0.0 0.8310810923576355 0.2092013955116272 0.10810813307762146 0.055555567145347595
0.0 0.6157094836235046 0.967881977558136 0.11993240565061569 0.0607638880610466
0.0 0.6199324131011963 0.9131944179534912 0.11486491560935974 0.0694444477558136
0.0 0.6275337934494019 0.844618022441864 0.11993240565061569 0.08333338797092438
0.0 0.6266891956329346 0.7604166865348816 0.1250000298023224 0.09375002980232239
0.0 0.6317567825317383 0.6623263359069824 0.1250000298023224 0.1041666641831398
0.0 0.6351351737976074 0.5720486640930176 0.13006751239299774 0.1128472238779068
0.0 0.6376689076423645 0.46875 0.12668919563293457 0.11631942540407181
0.0 0.6385135054588318 0.3489583134651184 0.12668919563293457 0.1163194552063942
0.0 0.6283783912658691 0.2413194477558136 0.13344597816467285 0.1076389029622078
0.0 0.6351351737976074 0.1510416716337204 0.13175681233406067 0.1024305671453476
0.0 0.4949323832988739 0.9735243320465088 0.1131756529211998 0.0529513880610466
0.0 0.5008445978164673 0.9210069179534912 0.11655408143997192 0.07291661202907562
0.0 0.5050675868988037 0.8550347089767456 0.11824323982000351 0.07986108213663101
0.0 0.5092905759811401 0.772569477558136 0.12331082671880722 0.09722219407558441
0.0 0.5152027010917664 0.6710069179534912 0.13344597816467285 0.10937505215406418
0.0 0.5211148858070374 0.5590277910232544 0.12837834656238556 0.11631938815116882
0.0 0.5278716087341309 0.4366319477558136 0.12668919563293457 0.11284718662500381
0.0 0.5236486792564392 0.3185763657093048 0.13175678253173828 0.11979169398546219
0.0 0.5211148858070374 0.2109375 0.12837834656238556 0.1093749850988388
0.0 0.53125 0.1215277761220932 0.15033785998821259 0.09895831346511841
0.0 0.39611485600471497 0.9782986044883728 0.09797295928001404 0.0434027761220932
0.0 0.3944256603717804 0.9479166269302368 0.10135135054588318 0.0607638880610466
0.0 0.3935810923576355 0.9045138955116272 0.10135135054588318 0.06423605978488922
0.0 0.3986486494541168 0.852430522441864 0.11486484855413437 0.07465282827615738
0.0 0.39611485600471497 0.7907986044883728 0.11824323982000351 0.09027772396802902
0.0 0.39780405163764954 0.71875 0.11993240565061569 0.09722219407558441
0.0 0.39611485600471497 0.6423611044883728 0.12162163108587265 0.09895828366279602
0.0 0.4020270109176636 0.5555555820465088 0.11824321001768112 0.11111113429069519
0.0 0.40456080436706543 0.463541716337204 0.11655408143997192 0.10937502235174179
0.0 0.40287160873413086 0.3732638955116272 0.12331079691648483 0.11111113429069519
0.0 0.4003378450870514 0.285590261220932 0.11993240565061569 0.1093749850988388
0.0 0.40287160873413086 0.203125 0.1317567378282547 0.1041666641831398
0.0 0.4054054021835327 0.1241319477558136 0.1250000298023224 0.0954861119389534
0.0 0.2981418967247009 0.9670138955116272 0.09797295928001404 0.05381941795349121
0.0 0.29054054617881775 0.928819477558136 0.10135135054588318 0.06423605978488922
0.0 0.2922297418117523 0.883680522441864 0.10135135054588318 0.0694444477558136
0.0 0.28969594836235046 0.8289930820465088 0.10135135054588318 0.078125
0.0 0.2880067527294159 0.7673611640930176 0.10135135054588318 0.08159717172384262
0.0 0.2863175570964813 0.6970486044883728 0.11317569017410278 0.09375002980232239
0.0 0.2880067527294159 0.616319477558136 0.11486484855413437 0.10069449990987778
0.0 0.2863175570964813 0.532118022441864 0.12331079691648483 0.10590275377035141
0.0 0.2863175570964813 0.4427083432674408 0.11655408143997192 0.10590275377035141
0.0 0.29054054617881775 0.3576388657093048 0.11486484855413437 0.10243058204650879
0.0 0.29729729890823364 0.2751736044883728 0.11486484855413437 0.1006944328546524
0.0 0.30236488580703735 0.1961805671453476 0.11824323982000351 0.1024305671453476
0.0 0.30320945382118225 0.126736119389534 0.11824323982000351 0.0937500074505806
0.0 0.20270268619060516 0.9592013955116272 0.09797295928001404 0.0607638880610466
0.0 0.20185811817646027 0.9244791865348816 0.09121622890233994 0.06249997392296791
0.0 0.20101353526115417 0.8810763955116272 0.0996621698141098 0.07118052989244461
0.0 0.19679054617881775 0.8289930820465088 0.09797295928001404 0.07986108213663101
0.0 0.19847971200942993 0.7673611640930176 0.09797295928001404 0.08333338797092438
0.0 0.1934121549129486 0.7013888359069824 0.10472974181175232 0.08854164183139801
0.0 0.1942567378282547 0.6267361044883728 0.1064189076423645 0.09201394021511078
0.0 0.18834459781646729 0.546006977558136 0.10810810327529907 0.09895828366279602
0.0 0.18918919563293457 0.4592014253139496 0.1064189076423645 0.09722219407558441
0.0 0.19679056107997894 0.375 0.10810811817646027 0.10243058204650879
0.0 0.19763512909412384 0.2916666567325592 0.11993242055177689 0.09722219407558441
0.0 0.20777027308940887 0.2170138955116272 0.11824323982000351 0.1006944328546524
0.0 0.21114863455295563 0.140625 0.10979729890823364 0.09201391041278839
0.0 0.10388512909412384 0.9722222089767456 0.10472971946001053 0.04166669398546219
0.0 0.0996621623635292 0.9461805820465088 0.10810810327529907 0.0607638880610466
0.0 0.09712838381528854 0.9114583730697632 0.10979729890823364 0.06249997392296791
0.0 0.10050676017999649 0.8663194179534912 0.10979729890823364 0.06770835816860199
0.0 0.09712838381528854 0.8168402910232544 0.10810810327529907 0.0694444477558136
0.0 0.09628377854824066 0.7595486044883728 0.11486486345529556 0.08333338797092438
0.0 0.09628378599882126 0.694444477558136 0.10810810327529907 0.08854164183139801
0.0 0.09628378599882126 0.6197916865348816 0.10979729890823364 0.09201394021511078
0.0 0.09121621400117874 0.5442708134651184 0.09966215491294861 0.09375002980232239
0.0 0.09628378599882126 0.4609374701976776 0.10472973436117172 0.09895831346511841
0.0 0.10050676017999649 0.3802083432674408 0.10979729890823364 0.0954861119389534
0.0 0.10304053872823715 0.2274305373430252 0.11317568272352219 0.0954861119389534
0.0 0.11064189672470093 0.1536458432674408 0.11317569017410278 0.08333335071802139
0.0 0.10050676017999649 0.3029513955116272 0.11148649454116821 0.1006944328546524
