0.0 0.010374069213867188 0.9026846289634705 0.020748138427734375 0.09090733528137207
0.0 0.018832683563232422 0.9051684737205505 0.037665367126464844 0.09276831150054932
0.0 0.04302501678466797 0.9076060652732849 0.05175161361694336 0.09466004371643066
0.0 0.061749398708343506 0.9088595509529114 0.05347418785095215 0.0963824987411499
0.0 0.09885972738265991 0.9144730567932129 0.05468916893005371 0.09344494342803955
0.0 0.123881995677948 0.9156265258789062 0.05502748489379883 0.09655165672302246
0.0 0.16668272018432617 0.9195021986961365 0.05951821804046631 0.09550583362579346
0.0 0.19541901350021362 0.9226319193840027 0.0612407922744751 0.09722840785980225
0.0 0.2497004270553589 0.9293296933174133 0.0612407922744751 0.09722840785980225
0.0 0.2840425372123718 0.9314982891082764 0.06728470325469971 0.0963517427444458
0.0 0.344368040561676 0.9404260516166687 0.06417810916900635 0.09601342678070068
0.0 0.3828471899032593 0.9406875371932983 0.06434738636016846 0.09756672382354736
0.0 0.44428765773773193 0.9465932846069336 0.06383979320526123 0.09290671348571777
0.0 0.48450469970703125 0.952545166015625 0.06056404113769531 0.09101510047912598
0.0 0.5329111814498901 0.9529075026512146 0.06606978178024292 0.0941849946975708
0.0 0.5712212324142456 0.9546338319778442 0.06417816877365112 0.09073233604431152
0.0 0.6071165800094604 0.9570946097373962 0.05901074409484863 0.08581078052520752
0.0 0.6415432691574097 0.9581788182258606 0.0588415265083313 0.08364236354827881
0.0 0.6755316257476807 0.9569754600524902 0.0559040904045105 0.08604907989501953
0.0 0.7084050178527832 0.9580597281455994 0.052628278732299805 0.08388054370880127
0.0 0.7356572151184082 0.9544071555137634 0.054689109325408936 0.09118568897247314
0.0 0.7676693201065063 0.9549762010574341 0.054858267307281494 0.09004759788513184
0.0 0.007548153400421143 0.8064944744110107 0.015096306800842285 0.09644389152526855
0.0 0.01440352201461792 0.7970746159553528 0.02880704402923584 0.08709335327148438
0.0 0.02407008409500122 0.8002351522445679 0.046215176582336426 0.1001964807510376
0.0 0.040295302867889404 0.8027881383895874 0.044661760330200195 0.10002732276916504
0.0 0.05893510580062866 0.8048182129859924 0.05104422569274902 0.1022573709487915
0.0 0.0795818567276001 0.8172832131385803 0.05293583869934082 0.10553312301635742
0.0 0.10288161039352417 0.8198208212852478 0.050705790519714355 0.0991506576538086
0.0 0.13705450296401978 0.8235426545143127 0.06087160110473633 0.10793232917785645
0.0 0.1662137508392334 0.8227891325950623 0.05864155292510986 0.10154986381530762
0.0 0.2097911238670349 0.8267493844032288 0.06208658218383789 0.10499489307403564
0.0 0.2434411644935608 0.8280566930770874 0.06397831439971924 0.10827064514160156
0.0 0.2984146475791931 0.8356156945228577 0.06657731533050537 0.10394918918609619
0.0 0.33714759349823 0.8335471749305725 0.06813061237335205 0.10411834716796875
0.0 0.3983343243598938 0.8417829871177673 0.06725406646728516 0.11016237735748291
0.0 0.4395817518234253 0.8454894423484802 0.06536233425140381 0.10688650608062744
0.0 0.5003302097320557 0.8505339026451111 0.07036066055297852 0.11050069332122803
0.0 0.5415776371955872 0.8542404174804688 0.06347072124481201 0.10361075401306152
0.0 0.5780651569366455 0.8511415123939514 0.06536239385604858 0.10688650608062744
0.0 0.6162059307098389 0.8545096516609192 0.06759238243103027 0.11326897144317627
0.0 0.6568304896354675 0.849503755569458 0.06759238243103027 0.11326897144317627
0.0 0.6896346211433411 0.8585776090621948 0.06380903720855713 0.10671734809875488
0.0 0.02881026268005371 0.6099156141281128 0.05762052536010742 0.11809802055358887
0.0 0.07155406475067139 0.6167979836463928 0.0769122838973999 0.11428403854370117
0.0 0.1323179006576538 0.6289169788360596 0.08984637260437012 0.12029731273651123
0.0 0.2080765962600708 0.633238673210144 0.09984290599822998 0.1275256872177124
0.0 0.2956697344779968 0.6443503499031067 0.1089935302734375 0.12698745727539062
0.0 0.37713414430618286 0.654008686542511 0.11743688583374023 0.1340465545654297
0.0 0.4688643217086792 0.663213312625885 0.12020516395568848 0.13127827644348145
0.0 0.576465904712677 0.6710031032562256 0.12020516395568848 0.13127827644348145
0.0 0.6732635498046875 0.6697575449943542 0.11466860771179199 0.13681483268737793
0.0 0.7544742226600647 0.6817458271980286 0.1081169843673706 0.13303148746490479
0.0 0.028821825981140137 0.4978385865688324 0.05764365196228027 0.10982400178909302
0.0 0.07252311706542969 0.5068817138671875 0.08035731315612793 0.11772897839546204
0.0 0.13137996196746826 0.5148636698722839 0.0865706205368042 0.11840569972991943
0.0 0.20576989650726318 0.5245373249053955 0.10278046131134033 0.12631073594093323
0.0 0.2956083416938782 0.5366795063018799 0.11622190475463867 0.1369839906692505
0.0 0.3955433964729309 0.5499212741851807 0.12037432193756104 0.13283169269561768
0.0 0.5055749416351318 0.5642626285552979 0.11709856986999512 0.13093987107276917
0.0 0.6112695336341858 0.5679153800010681 0.12381923198699951 0.13627660274505615
0.0 0.7081671357154846 0.5729676485061646 0.11416113376617432 0.1321549415588379
0.0 0.7882628440856934 0.587977945804596 0.10859376192092896 0.15150213241577148
0.0 0.02839219570159912 0.4069850444793701 0.05192077159881592 0.09621328115463257
0.0 0.055913567543029785 0.406838983297348 0.06779229640960693 0.10101169347763062
0.0 0.09491556882858276 0.40951502323150635 0.07089900970458984 0.10135000944137573
0.0 0.14117670059204102 0.41769692301750183 0.08312547206878662 0.11496078968048096
0.0 0.196050226688385 0.4189580976963043 0.09605956077575684 0.12097406387329102
0.0 0.2613740563392639 0.42528676986694336 0.10244202613830566 0.12320411205291748
0.0 0.3301428556442261 0.42884716391563416 0.1041644811630249 0.1249266266822815
0.0 0.4074702262878418 0.44041258096694946 0.11625266075134277 0.12317335605621338
0.0 0.48988041281700134 0.44860216975212097 0.11297684907913208 0.1212816834449768
0.0 0.5703836679458618 0.45265474915504456 0.11520683765411377 0.12766414880752563
0.0 0.6494181752204895 0.45576149225234985 0.11331522464752197 0.12438833713531494
0.0 0.723977267742157 0.46388185024261475 0.10967028141021729 0.13320067524909973
0.0 0.7946531176567078 0.47157931327819824 0.10139620304107666 0.12769481539726257
0.0 0.045278847217559814 0.31687742471694946 0.0612407922744751 0.09722834825515747
0.0 0.07952100038528442 0.31274810433387756 0.07089900970458984 0.10135000944137573
0.0 0.11999177932739258 0.31637001037597656 0.07555878162384033 0.10185748338699341
0.0 0.16925954818725586 0.3185923993587494 0.08332538604736328 0.10270339250564575
0.0 0.22482514381408691 0.3207148015499115 0.08643209934234619 0.10304170846939087
0.0 0.28815728425979614 0.32368311285972595 0.09865868091583252 0.11665254831314087
0.0 0.36047106981277466 0.33077311515808105 0.10487198829650879 0.11732923984527588
0.0 0.4362297058105469 0.3350948095321655 0.11037778854370117 0.1256033182144165
0.0 0.5165637731552124 0.3407006561756134 0.10987019538879395 0.12094330787658691
0.0 0.592507004737854 0.3505435585975647 0.10642528533935547 0.11749839782714844
0.0 0.665951132774353 0.36168599128723145 0.10487192869186401 0.11732923984527588
0.0 0.7363731861114502 0.37171342968940735 0.10831695795059204 0.12077414989471436
0.0 0.7986749410629272 0.37692710757255554 0.09916621446609497 0.12131243944168091
0.0 0.058720529079437256 0.22953808307647705 0.06745386123657227 0.09790502488613129
0.0 0.09004056453704834 0.23059162497520447 0.06677722930908203 0.09169177711009979
0.0 0.1290426254272461 0.23326769471168518 0.07711219787597656 0.10202671587467194
0.0 0.17631876468658447 0.23212969303131104 0.0845404863357544 0.09976595640182495
0.0 0.23068475723266602 0.23805081844329834 0.08764708042144775 0.10010433197021484
0.0 0.29047203063964844 0.23748955130577087 0.09315288066864014 0.10837842524051666
0.0 0.3574337363243103 0.24321073293685913 0.09642863273620605 0.11027008295059204
0.0 0.43050873279571533 0.24331077933311462 0.10264194011688232 0.11094675958156586
0.0 0.5083436369895935 0.25021621584892273 0.10108864307403564 0.1107776015996933
0.0 0.5831718444824219 0.2630811631679535 0.10574853420257568 0.11128510534763336
0.0 0.657984733581543 0.26887160539627075 0.10244202613830566 0.12320411205291748
0.0 0.7240159511566162 0.2831360101699829 0.10676360130310059 0.1206049919128418
0.0 0.7931385040283203 0.29066431522369385 0.09676700830459595 0.11337672173976898
0.0 0.055498719215393066 0.13645455241203308 0.047937631607055664 0.101919025182724
0.0 0.07689136266708374 0.13485512137413025 0.06846892833709717 0.10722491145133972
0.0 0.10829603672027588 0.13513198494911194 0.07019150257110596 0.10894742608070374
0.0 0.14928966760635376 0.14116844534873962 0.074851393699646 0.1094549298286438
0.0 0.19328999519348145 0.14124539494514465 0.07623553276062012 0.10807079076766968
0.0 0.24480313062667847 0.14449819922447205 0.09089207649230957 0.11580660939216614
0.0 0.3033062219619751 0.14851228892803192 0.0934913158416748 0.11148503422737122
0.0 0.37035250663757324 0.15345685184001923 0.09676706790924072 0.11337670683860779
0.0 0.4386829733848572 0.1538260281085968 0.0973052978515625 0.1042259931564331
0.0 0.5129883289337158 0.16427640616893768 0.10230356454849243 0.1078401505947113
0.0 0.5851328372955322 0.17291970551013947 0.09987366199493408 0.11371505260467529
0.0 0.7219936847686768 0.18625378608703613 0.10021203756332397 0.11682167649269104
0.0 0.7875020503997803 0.198103666305542 0.08916962146759033 0.1140841394662857
0.0 0.6544245481491089 0.17889466881752014 0.1045336127281189 0.11422258615493774
