0.0 0.983593761920929 0.942187488079071 0.01328122615814209 0.08281254768371582
0.0 0.9640624523162842 0.946093738079071 0.020312488079071045 0.0859375
0.0 0.9476562738418579 0.948437511920929 0.021874964237213135 0.0859375
0.0 0.918749988079071 0.949999988079071 0.02499997615814209 0.08984375
0.0 0.899218738079071 0.9468749761581421 0.02578127384185791 0.08671879768371582
0.0 0.8617187738418579 0.9515625238418579 0.028906285762786865 0.08671879768371582
0.0 0.8374999761581421 0.94921875 0.028124988079071045 0.08749997615814209
0.0 0.793749988079071 0.948437511920929 0.03281247615814209 0.08515620231628418
0.0 0.764843761920929 0.948437511920929 0.03437507152557373 0.08437502384185791
0.0 0.7109375 0.9515625238418579 0.03515625 0.08359372615814209
0.0 0.67578125 0.94921875 0.03984379768371582 0.08281254768371582
0.0 0.6156249642372131 0.9554687738418579 0.03750002384185791 0.08828127384185791
0.0 0.5765624642372131 0.949999988079071 0.03750002384185791 0.08359372615814209
0.0 0.514843761920929 0.949999988079071 0.04140627384185791 0.07968747615814209
0.0 0.4750000238418579 0.9515625238418579 0.03671872615814209 0.07890629768371582
0.0 0.42656248807907104 0.9515625238418579 0.0390625 0.08828127384185791
0.0 0.3882812261581421 0.9515625238418579 0.03671872615814209 0.08906245231628418
0.0 0.3515625 0.9515625238418579 0.03437495231628418 0.0859375
0.0 0.31718748807907104 0.94921875 0.03515625 0.08437502384185791
0.0 0.28437501192092896 0.9429687261581421 0.03125 0.08359372615814209
0.0 0.2515624761581421 0.9398437738418579 0.02890622615814209 0.08281254768371582
0.0 0.22343748807907104 0.9320312738418579 0.02812504768371582 0.08437502384185791
0.0 0.19218748807907104 0.9320312738418579 0.02890622615814209 0.08671879768371582
0.0 0.9796874523162842 0.8515625 0.020312488079071045 0.09296870231628418
0.0 0.9632812738418579 0.840624988079071 0.018750011920928955 0.08203125
0.0 0.9468749761581421 0.842968761920929 0.018750011920928955 0.09296870231628418
0.0 0.930468738079071 0.84375 0.01718747615814209 0.09375
0.0 0.9117187261581421 0.84375 0.0234375 0.09296870231628418
0.0 0.889843761920929 0.8539062738418579 0.02499997615814209 0.09687495231628418
0.0 0.866406261920929 0.854687511920929 0.0234375 0.08984375
0.0 0.83203125 0.85546875 0.03203129768371582 0.09687495231628418
0.0 0.8031250238418579 0.852343738079071 0.03125 0.09140622615814209
0.0 0.7593750357627869 0.852343738079071 0.03359377384185791 0.09375
0.0 0.725781261920929 0.8500000238418579 0.03593742847442627 0.09531247615814209
0.0 0.6695312261581421 0.8531249761581421 0.038281261920928955 0.08984375
0.0 0.632031261920929 0.846875011920929 0.03984367847442627 0.08984375
0.0 0.569531261920929 0.8492187261581421 0.03750002384185791 0.09687495231628418
0.0 0.5289062857627869 0.8492187261581421 0.03750002384185791 0.09375
0.0 0.46796876192092896 0.8492187261581421 0.03984379768371582 0.09687495231628418
0.0 0.42656248807907104 0.8492187261581421 0.03593754768371582 0.09140622615814209
0.0 0.38984376192092896 0.8421875238418579 0.03671872615814209 0.09375
0.0 0.35234373807907104 0.8421875238418579 0.03828120231628418 0.10000002384185791
0.0 0.3125 0.8343750238418579 0.03828120231628418 0.10000002384185791
0.0 0.2789062261581421 0.83984375 0.03593754768371582 0.09296870231628418
0.0 0.9671875238418579 0.653124988079071 0.040625035762786865 0.10468745231628418
0.0 0.9164062738418579 0.655468761920929 0.046875 0.10000002384185791
0.0 0.8546874523162842 0.6617187261581421 0.057812511920928955 0.1015625
0.0 0.7789062261581421 0.659375011920929 0.06718748807907104 0.10625004768371582
0.0 0.690625011920929 0.6625000238418579 0.07656252384185791 0.10312497615814209
0.0 0.608593761920929 0.664843738079071 0.08359372615814209 0.10781252384185791
0.0 0.516406238079071 0.6656249761581421 0.08671879768371582 0.10312497615814209
0.0 0.4078124761581421 0.6640625 0.08749997615814209 0.10312497615814209
0.0 0.31171876192092896 0.653124988079071 0.07968747615814209 0.11093747615814209
0.0 0.22968751192092896 0.6578124761581421 0.07578122615814209 0.109375
0.0 0.97265625 0.5414062738418579 0.03359377384185791 0.09843754768371582
0.0 0.925000011920929 0.546093761920929 0.04843747615814209 0.1015625
0.0 0.8656250238418579 0.5484374761581421 0.055468738079071045 0.10000002384185791
0.0 0.7914062738418579 0.551562488079071 0.0703125 0.10312497615814209
0.0 0.699999988079071 0.555468738079071 0.08125007152557373 0.11093747615814209
0.0 0.5992187857627869 0.55859375 0.08828127384185791 0.10468745231628418
0.0 0.48906248807907104 0.563281238079071 0.08515620231628418 0.10468745231628418
0.0 0.3828125 0.5570312738418579 0.09062504768371582 0.10781252384185791
0.0 0.28593748807907104 0.5531250238418579 0.08124995231628418 0.10625004768371582
0.0 0.2054687738418579 0.5609375238418579 0.06796872615814209 0.12812495231628418
0.0 0.9781249761581421 0.44999998807907104 0.025000035762786865 0.08828127384185791
0.0 0.9507812261581421 0.4476562440395355 0.039843738079071045 0.08671873807907104
0.0 0.9117187261581421 0.4468750059604645 0.044531285762786865 0.08828127384185791
0.0 0.8648437261581421 0.44999998807907104 0.052343785762786865 0.09687501192092896
0.0 0.809374988079071 0.4468750059604645 0.06484377384185791 0.10000002384185791
0.0 0.7445312142372131 0.4468750059604645 0.07265627384185791 0.10000002384185791
0.0 0.67578125 0.44453126192092896 0.07343745231628418 0.1015625
0.0 0.59765625 0.44921875 0.0859375 0.09531247615814209
0.0 0.514843761920929 0.44921875 0.08437502384185791 0.09531247615814209
0.0 0.43437498807907104 0.44609373807907104 0.08359372615814209 0.1015625
0.0 0.35546875 0.4429687559604645 0.08281254768371582 0.09843748807907104
0.0 0.28046876192092896 0.4437499940395355 0.07656252384185791 0.109375
0.0 0.2093750238418579 0.44453126192092896 0.06953120231628418 0.10468751192092896
0.0 0.9695312976837158 0.359375 0.034375011920928955 0.08359372615814209
0.0 0.9359375238418579 0.3515625 0.043749988079071045 0.08671873807907104
0.0 0.89453125 0.3515625 0.04765629768371582 0.08671873807907104
0.0 0.8460937738418579 0.3492187559604645 0.055468738079071045 0.08515626192092896
0.0 0.7898437976837158 0.34687501192092896 0.059374988079071045 0.08359372615814209
0.0 0.727343738079071 0.34375 0.0703125 0.09296876192092896
0.0 0.6539062857627869 0.34375 0.07656252384185791 0.09296876192092896
0.0 0.578125 0.3414062559604645 0.07968747615814209 0.1015625
0.0 0.4984375238418579 0.33984375 0.08046877384185791 0.09531247615814209
0.0 0.42109376192092896 0.3421874940395355 0.07734370231628418 0.09375
0.0 0.34687501192092896 0.34687501192092896 0.07656252384185791 0.09296876192092896
0.0 0.27656251192092896 0.35078126192092896 0.07734370231628418 0.09687501192092896
0.0 0.2132812738418579 0.3499999940395355 0.06875002384185791 0.09843748807907104
0.0 0.9640624523162842 0.2710937559604645 0.039843738079071045 0.08515626192092896
0.0 0.9328124523162842 0.26875001192092896 0.043749988079071045 0.07734376192092896
0.0 0.893750011920929 0.2679687440395355 0.04921877384185791 0.08515626192092896
0.0 0.846875011920929 0.2632812559604645 0.06015622615814209 0.08203125
0.0 0.7921874523162842 0.2632812559604645 0.06328123807907104 0.08203125
0.0 0.7320312857627869 0.2578125 0.06484377384185791 0.08671873807907104
0.0 0.6656250357627869 0.25703126192092896 0.06875002384185791 0.08828127384185791
0.0 0.5921875238418579 0.25078123807907104 0.07499998807907104 0.08828127384185791
0.0 0.514843761920929 0.25 0.07343745231628418 0.08671873807907104
0.0 0.4390624761581421 0.2562499940395355 0.078125 0.08671873807907104
0.0 0.36406248807907104 0.2554687559604645 0.07187497615814209 0.10000002384185791
0.0 0.29609376192092896 0.2632812559604645 0.07656252384185791 0.09687501192092896
0.0 0.22734373807907104 0.26484376192092896 0.06953120231628418 0.09140622615814209
0.0 0.977343738079071 0.1796875 0.0234375 0.09375
0.0 0.9539062976837158 0.17499999701976776 0.039843738079071045 0.09375
0.0 0.9234374761581421 0.17265625298023224 0.042187511920928955 0.09531250596046448
0.0 0.8820312023162842 0.17421874403953552 0.047656238079071045 0.09531250596046448
0.0 0.8374999761581421 0.17031249403953552 0.048437535762786865 0.09375
0.0 0.785937488079071 0.16875000298023224 0.06015622615814209 0.09687498211860657
0.0 0.727343738079071 0.16796875 0.06562507152557373 0.08984375
0.0 0.660937488079071 0.16640624403953552 0.06875002384185791 0.08984375
0.0 0.5921874642372131 0.16093750298023224 0.07187497615814209 0.08203125
0.0 0.5179687738418579 0.1640625 0.07499998807907104 0.08515626192092896
0.0 0.4453125 0.16640624403953552 0.07265627384185791 0.08984375
0.0 0.3070312738418579 0.16718749701976776 0.07109379768371582 0.09375
0.0 0.2406250238418579 0.17265625298023224 0.06093752384185791 0.09531250596046448
0.0 0.37578123807907104 0.16640624403953552 0.07656252384185791 0.08984375
