0.0 0.9911504983901978 0.9107881784439087 0.017698943614959717 0.08719778060913086
0.0 0.9793975353240967 0.9143311381340027 0.02813059091567993 0.08731257915496826
0.0 0.9506843090057373 0.9180134534835815 0.031591594219207764 0.0922170877456665
0.0 0.930976152420044 0.9163320660591125 0.03136199712753296 0.08910048007965088
0.0 0.893921971321106 0.9237624406814575 0.03447848558425903 0.08933007717132568
0.0 0.8695964813232422 0.9232046008110046 0.03447848558425903 0.08933007717132568
0.0 0.8259073495864868 0.9256402850151062 0.03892374038696289 0.08655798435211182
0.0 0.79707932472229 0.927764356136322 0.04048198461532593 0.08667278289794922
0.0 0.7435483932495117 0.9348419904708862 0.04048198461532593 0.08667278289794922
0.0 0.7083149552345276 0.9350878000259399 0.04660022258758545 0.08557379245758057
0.0 0.6487805843353271 0.9457412958145142 0.04382818937301636 0.09001898765563965
0.0 0.6094218492507935 0.9431576132774353 0.04359859228134155 0.08690249919891357
0.0 0.5478699207305908 0.9476927518844604 0.046370625495910645 0.08245718479156494
0.0 0.5082487463951111 0.9521787762641907 0.04313933849334717 0.08066928386688232
0.0 0.459942102432251 0.9553355574607849 0.045386433601379395 0.08932888507843018
0.0 0.4217643737792969 0.9563812017440796 0.043943047523498535 0.08723759651184082
0.0 0.3851448893547058 0.9585667848587036 0.040596723556518555 0.08286643028259277
0.0 0.3506906032562256 0.9590505361557007 0.04048192501068115 0.08189892768859863
0.0 0.3175075650215149 0.9571969509124756 0.03736543655395508 0.08560609817504883
0.0 0.284554123878479 0.9569100737571716 0.0341341495513916 0.0846552848815918
0.0 0.2559310793876648 0.9511853456497192 0.034248948097229004 0.08621358871459961
0.0 0.22476553916931152 0.9534816145896912 0.03447854518890381 0.08933007717132568
0.0 0.9953253269195557 0.8153643608093262 0.009349405765533447 0.09498918056488037
0.0 0.987058162689209 0.8056619167327881 0.0246695876121521 0.08240807056427002
0.0 0.9708684682846069 0.8092049360275269 0.02558809518814087 0.09487438201904297
0.0 0.9545640349388123 0.811189591884613 0.024029850959777832 0.09475946426391602
0.0 0.9358646869659424 0.8125673532485962 0.03026294708251953 0.09521877765655518
0.0 0.9147951602935791 0.8243035674095154 0.032050907611846924 0.09845006465911865
0.0 0.891478419303894 0.8268048763275146 0.030033349990844727 0.0921022891998291
0.0 0.8572537302970886 0.8301098942756653 0.03828394412994385 0.09890937805175781
0.0 0.8281959891319275 0.8291174173355103 0.03782474994659424 0.09267628192901611
0.0 0.7845642566680908 0.832332193851471 0.04117089509963989 0.09602248668670654
0.0 0.7508891224861145 0.832463264465332 0.04284393787384033 0.09769546985626221
0.0 0.6950207948684692 0.8397130966186523 0.04405784606933594 0.09313559532165527
0.0 0.6571629643440247 0.836235523223877 0.04717433452606201 0.09336519241333008
0.0 0.5950040817260742 0.8431654572486877 0.04451709985733032 0.09936857223510742
0.0 0.5544888973236084 0.8461506366729736 0.04428744316101074 0.09625208377838135
0.0 0.49371618032455444 0.8506283164024353 0.04763352870941162 0.09959816932678223
0.0 0.4524218440055847 0.8536708950996399 0.042499542236328125 0.09302079677581787
0.0 0.41528570652008057 0.8493568301200867 0.04428744316101074 0.09625208377838135
0.0 0.3778870701789856 0.852112352848053 0.0447467565536499 0.10248517990112305
0.0 0.3375769853591919 0.8472487330436707 0.0447467565536499 0.10248517990112305
0.0 0.3044758439064026 0.8551711440086365 0.04272925853729248 0.09613728523254395
0.0 0.976536214351654 0.6183817982673645 0.046927571296691895 0.10738956928253174
0.0 0.9267045259475708 0.62445068359375 0.05409640073776245 0.10317409038543701
0.0 0.8656118512153625 0.6352188587188721 0.06511914730072021 0.10553598403930664
0.0 0.7898632287979126 0.6384499669075012 0.07481318712234497 0.11089980602264404
0.0 0.7020502686500549 0.6480534672737122 0.08393323421478271 0.10847210884094238
0.0 0.620413064956665 0.6564185619354248 0.09206908941268921 0.11372101306915283
0.0 0.528532087802887 0.6639716625213623 0.0948411226272583 0.1092756986618042
0.0 0.4201171398162842 0.6703929901123047 0.0948411226272583 0.1092756986618042
0.0 0.32347947359085083 0.6665460467338562 0.08762383460998535 0.1164931058883667
0.0 0.24201440811157227 0.6772485971450806 0.08283424377441406 0.11459040641784668
0.0 0.9744210243225098 0.5065632462501526 0.0415152907371521 0.10069727897644043
0.0 0.9272380471229553 0.5147398710250854 0.05576944351196289 0.10484719276428223
0.0 0.8681957721710205 0.5214401483535767 0.06344598531723022 0.10386300086975098
0.0 0.794407308101654 0.5300103425979614 0.07770013809204102 0.10801279544830322
0.0 0.7035351991653442 0.5406226515769958 0.08918213844299316 0.1166079044342041
0.0 0.6032560467720032 0.5511447191238403 0.0949559211730957 0.11083400249481201
0.0 0.4937419891357422 0.563913881778717 0.09183943271636963 0.11060440540313721
0.0 0.38731998205184937 0.5654881000518799 0.09830224514007568 0.11418020725250244
0.0 0.2904198169708252 0.5687108635902405 0.0888376235961914 0.11193311214447021
0.0 0.21074271202087402 0.5824151039123535 0.07797884941101074 0.13283038139343262
0.0 0.9731584191322327 0.4150022268295288 0.031361937522888184 0.08910048007965088
0.0 0.945716381072998 0.4146740436553955 0.04694473743438721 0.09024858474731445
0.0 0.9067020416259766 0.4167652428150177 0.05006128549575806 0.09047824144363403
0.0 0.8601834177970886 0.42332619428634644 0.06009984016418457 0.10051679611206055
0.0 0.8046349883079529 0.42428553104400635 0.07279562950134277 0.10455185174942017
0.0 0.7399665117263794 0.4290502965450287 0.07902878522872925 0.10501110553741455
0.0 0.6712301969528198 0.4317646920681 0.08070188760757446 0.10668414831161499
0.0 0.593660831451416 0.44218018651008606 0.09270882606506348 0.10136955976486206
0.0 0.5110721588134766 0.44826531410217285 0.09115058183670044 0.10125476121902466
0.0 0.430591344833374 0.4510616362094879 0.09160983562469482 0.10748785734176636
0.0 0.3516687750816345 0.4537431597709656 0.08982193470001221 0.10425648093223572
0.0 0.27692896127700806 0.4600333571434021 0.08439254760742188 0.11470520496368408
0.0 0.20608478784561157 0.4660365581512451 0.0762566328048706 0.10945633053779602
0.0 0.9579287171363831 0.3252536952495575 0.0404820442199707 0.086672842502594
0.0 0.923851728439331 0.3199307918548584 0.05006128549575806 0.09047818183898926
0.0 0.8825573921203613 0.322973370552063 0.053177833557128906 0.09070783853530884
0.0 0.8340786695480347 0.32419517636299133 0.06229788064956665 0.08828020095825195
0.0 0.777808427810669 0.32599106431007385 0.06541436910629272 0.08850985765457153
0.0 0.7152478098869324 0.32746702432632446 0.07701122760772705 0.09866315126419067
0.0 0.6420088410377502 0.3328632712364197 0.0832444429397583 0.09912240505218506
0.0 0.5662602186203003 0.33609431982040405 0.08693492412567139 0.10714340209960938
0.0 0.48667335510253906 0.34039151668548584 0.08803391456604004 0.10102510452270508
0.0 0.4097108840942383 0.3484121859073639 0.08480262756347656 0.09923726320266724
0.0 0.33603721857070923 0.35854068398475647 0.08324432373046875 0.09912240505218506
0.0 0.26620185375213623 0.36760297417640686 0.08503222465515137 0.10235381126403809
0.0 0.20303428173065186 0.3714737892150879 0.075797438621521 0.10322320461273193
0.0 0.9459878206253052 0.23761296272277832 0.04671508073806763 0.08713208138942719
0.0 0.9146500825881958 0.2375718206167221 0.04937237501144409 0.0811285674571991
0.0 0.8756357431411743 0.2396630048751831 0.05606478452682495 0.08782094717025757
0.0 0.8285430669784546 0.23843258619308472 0.06518477201461792 0.08539329469203949
0.0 0.7740033864974976 0.24245107173919678 0.06830137968063354 0.08562292158603668
0.0 0.713607907295227 0.24141740798950195 0.07187724113464355 0.09208559989929199
0.0 0.6473237872123718 0.24551784992218018 0.07499372959136963 0.09231525659561157
0.0 0.5736255049705505 0.2446809560060501 0.08122682571411133 0.09277448058128357
0.0 0.4964334964752197 0.2495851069688797 0.07966852188110352 0.09265968203544617
0.0 0.42131632566452026 0.2613866627216339 0.0843433141708374 0.09300410747528076
0.0 0.3464616537094116 0.266118586063385 0.07902872562408447 0.10501110553741455
0.0 0.27925074100494385 0.27890434861183167 0.0834740400314331 0.10223899781703949
0.0 0.210801362991333 0.2855144441127777 0.07522332668304443 0.09543180465698242
0.0 0.9525165557861328 0.14547787606716156 0.03026294708251953 0.09521875530481339
0.0 0.9287979602813721 0.14252525568008423 0.04740405082702637 0.09648171067237854
0.0 0.8982393741607666 0.14242671430110931 0.04907703399658203 0.09815481305122375
0.0 0.8570598363876343 0.14702753722667694 0.05375194549560547 0.09849923849105835
0.0 0.8123619556427002 0.14640402793884277 0.05519533157348633 0.09705578535795212
0.0 0.7608240246772766 0.14863461256027222 0.06633293628692627 0.10097602009773254
0.0 0.7023313045501709 0.15216097235679626 0.07210677862167358 0.09520217776298523
0.0 0.6359897255897522 0.15548227727413177 0.07522332668304443 0.09543180465698242
0.0 0.567023754119873 0.15508010983467102 0.0776510238647461 0.08631175756454468
0.0 0.4932352304458618 0.1636503040790558 0.08099722862243652 0.08965795487165451
0.0 0.4209476709365845 0.17132653295993805 0.07833981513977051 0.09566143155097961
0.0 0.28309762477874756 0.18226668238639832 0.07856953144073486 0.09877797961235046
0.0 0.21727275848388672 0.19260022044181824 0.06777644157409668 0.09953257441520691
0.0 0.3516043424606323 0.17643573880195618 0.08301472663879395 0.09600585699081421
