0.0 0.9601393938064575 0.0363304540514946 0.018876373767852783 0.0726609081029892
0.0 0.9398269653320312 0.03635062277317047 0.025126338005065918 0.07270124554634094
0.0 0.9234193563461304 0.03558416664600372 0.026686131954193115 0.07116833329200745
0.0 0.8937346339225769 0.0371735617518425 0.029816508293151855 0.074347123503685
0.0 0.8742047548294067 0.03797229006886482 0.03138172626495361 0.07594458013772964
0.0 0.8367034792900085 0.0372246578335762 0.034504055976867676 0.0744493156671524
0.0 0.8124874234199524 0.038807325065135956 0.03294694423675537 0.07761465013027191
0.0 0.769520103931427 0.0396275669336319 0.03763711452484131 0.0792551338672638
0.0 0.7406152486801147 0.04043436422944069 0.039202213287353516 0.08086872845888138
0.0 0.6867090463638306 0.04048142954707146 0.040764808654785156 0.08096285909414291
0.0 0.6515555381774902 0.04207620024681091 0.04545760154724121 0.08415240049362183
0.0 0.5906181335449219 0.042127300053834915 0.04233264923095703 0.08425460010766983
0.0 0.5523449778556824 0.046784233301877975 0.0423353910446167 0.08600998669862747
0.0 0.49063175916671753 0.05001546069979668 0.047014832496643066 0.0813305601477623
0.0 0.45078808069229126 0.05008403956890106 0.040764808654785156 0.08131980895996094
0.0 0.40235596895217896 0.0532924048602581 0.04390597343444824 0.0907001718878746
0.0 0.36407744884490967 0.05492078885436058 0.04078090190887451 0.09069479256868362
0.0 0.3273628354072571 0.05732773244380951 0.03921306133270264 0.08756709098815918
0.0 0.29299455881118774 0.06129314750432968 0.04077279567718506 0.08600729703903198
0.0 0.2609768509864807 0.06916076689958572 0.03608536720275879 0.08599923551082611
0.0 0.22817248106002808 0.07390473037958145 0.03295767307281494 0.08443135023117065
0.0 0.2008448839187622 0.0833267867565155 0.03296029567718506 0.08599385619163513
0.0 0.16959762573242188 0.08494307100772858 0.032965660095214844 0.0891188383102417
0.0 0.9602887034416199 0.12264470010995865 0.025164008140563965 0.09535537660121918
0.0 0.9439039826393127 0.13517291843891144 0.02358269691467285 0.08441521972417831
0.0 0.9274950623512268 0.1336386650800705 0.023601531982421875 0.09535270929336548
0.0 0.9110888242721558 0.13366690278053284 0.022036314010620117 0.09378752112388611
0.0 0.8923401832580566 0.13448041677474976 0.02828902006149292 0.09536076337099075
0.0 0.870450496673584 0.12592433393001556 0.029856860637664795 0.098488450050354
0.0 0.847012996673584 0.1259646862745285 0.02828359603881836 0.09223577380180359
0.0 0.8126393556594849 0.12680508196353912 0.037669360637664795 0.09850189089775085
0.0 0.7837412357330322 0.13154232501983643 0.03609883785247803 0.09381172060966492
0.0 0.7399953603744507 0.13396139442920685 0.0392264723777771 0.09537959098815918
0.0 0.7064083218574524 0.13792546093463898 0.04079163074493408 0.09694477915763855
0.0 0.6501584053039551 0.1380222737789154 0.04390859603881836 0.09226265549659729
0.0 0.6134545207023621 0.14667919278144836 0.04390859603881836 0.09226265549659729
0.0 0.5501747131347656 0.14756937325000763 0.04235684871673584 0.09850996732711792
0.0 0.5103350877761841 0.14998169243335724 0.042351484298706055 0.09538498520851135
0.0 0.4494030475616455 0.1532115787267685 0.04391944408416748 0.0985126718878746
0.0 0.4080008864402771 0.155626580119133 0.0407862663269043 0.09381977468729019
0.0 0.3712969422340393 0.16428352892398834 0.040789008140563965 0.09538229554891586
0.0 0.33379971981048584 0.16591057181358337 0.043924808502197266 0.10163766145706177
0.0 0.2947548031806946 0.17613403499126434 0.043924808502197266 0.10163766145706177
0.0 0.2611543536186218 0.17228561639785767 0.040789008140563965 0.09538228064775467
0.0 0.9582878351211548 0.3218671977519989 0.04549527168273926 0.1063278317451477
0.0 0.9075066447257996 0.3219545781612396 0.051737189292907715 0.10165107250213623
0.0 0.8457839488983154 0.31971707940101624 0.06268006563186646 0.10479491949081421
0.0 0.7700135707855225 0.3260974884033203 0.07206320762634277 0.10949856042861938
0.0 0.6817351579666138 0.32781195640563965 0.08143281936645508 0.10638970136642456
0.0 0.5997067093849182 0.32951563596725464 0.09081852436065674 0.11265581846237183
0.0 0.5075260400772095 0.33358055353164673 0.09237295389175415 0.10797101259231567
0.0 0.39894455671310425 0.34079867601394653 0.09237301349639893 0.10797101259231567
0.0 0.30366045236587524 0.35736897587776184 0.0861363410949707 0.1157727837562561
0.0 0.22162801027297974 0.3567289113998413 0.08300602436065674 0.11264240741729736
0.0 0.9694162607192993 0.43278568983078003 0.03923451900482178 0.100067138671875
0.0 0.9217573404312134 0.4313052296638489 0.053305089473724365 0.10477876663208008
0.0 0.8623837828636169 0.4321886897087097 0.06111490726470947 0.10322970151901245
0.0 0.7881665229797363 0.4330976605415344 0.07518279552459717 0.10637891292572021
0.0 0.6967617273330688 0.4340362250804901 0.08769887685775757 0.115775465965271
0.0 0.5959833264350891 0.435772180557251 0.09393811225891113 0.10953617095947266
0.0 0.4858298897743225 0.43752428889274597 0.09081315994262695 0.10953080654144287
0.0 0.37960028648376465 0.4494258761405945 0.0970684289932251 0.11266657710075378
0.0 0.28352147340774536 0.45818501710891724 0.0861283540725708 0.1110852062702179
0.0 0.20226621627807617 0.4551998972892761 0.07366323471069336 0.13137614727020264
0.0 0.9805110692977905 0.5241729617118835 0.029843449592590332 0.090675950050354
0.0 0.9531741142272949 0.5281262397766113 0.04546576738357544 0.08914032578468323
0.0 0.9141156673431396 0.5305373072624207 0.04859340190887451 0.09070825576782227
0.0 0.8672393560409546 0.5298367142677307 0.05798453092575073 0.10009941458702087
0.0 0.8117814660072327 0.536182165145874 0.07048988342285156 0.10324585437774658
0.0 0.7469445466995239 0.5401999950408936 0.07673990726470947 0.10325658321380615
0.0 0.6782040596008301 0.5457870960235596 0.07830500602722168 0.10482180118560791
0.0 0.6000778675079346 0.5451403260231018 0.09079694747924805 0.10015583038330078
0.0 0.5172735452651978 0.5499703288078308 0.08923447132110596 0.10015317797660828
0.0 0.43759822845458984 0.5571387410163879 0.08768272399902344 0.1064004898071289
0.0 0.3587055802345276 0.565087080001831 0.08767735958099365 0.10327541828155518
0.0 0.2837110757827759 0.568341076374054 0.08300602436065674 0.11264228820800781
0.0 0.21262145042419434 0.5708072185516357 0.07518553733825684 0.10794150829315186
0.0 0.9767608046531677 0.6148046255111694 0.03921031951904297 0.08600461483001709
0.0 0.9431846141815186 0.6250185966491699 0.04859071969985962 0.08914566040039062
0.0 0.9017810821533203 0.6266524195671082 0.05328083038330078 0.09071636199951172
0.0 0.8533530831336975 0.632204532623291 0.061090707778930664 0.08916723728179932
0.0 0.7978924512863159 0.6369874477386475 0.06421297788619995 0.08761012554168701
0.0 0.735403299331665 0.643345057964325 0.07516658306121826 0.09700393676757812
0.0 0.6619726419448853 0.6473776698112488 0.08141660690307617 0.0970146656036377
0.0 0.5862022638320923 0.6537581086158752 0.08455777168273926 0.10639512538909912
0.0 0.5073069334030151 0.6601439118385315 0.086109459400177 0.10014784336090088
0.0 0.4299659729003906 0.661839485168457 0.08298182487487793 0.09857988357543945
0.0 0.35574597120285034 0.6611860394477844 0.08141660690307617 0.0970146656036377
0.0 0.28465235233306885 0.6613084077835083 0.08298718929290771 0.10170483589172363
0.0 0.22215914726257324 0.6653221845626831 0.07361221313476562 0.10168874263763428
0.0 0.976132869720459 0.7038682699203491 0.04546302556991577 0.08757781982421875
0.0 0.9448896050453186 0.7078282833099365 0.04857456684112549 0.07977068424224854
0.0 0.9058312177658081 0.7102392911911011 0.054840683937072754 0.0891563892364502
0.0 0.8589683771133423 0.7173512578010559 0.06577277183532715 0.08605027198791504
0.0 0.8042863607406616 0.7205703854560852 0.0688977837562561 0.08605575561523438
0.0 0.7449262142181396 0.7292662858963013 0.06890583038330078 0.0907433032989502
0.0 0.678526759147644 0.7332868576049805 0.0735960602760315 0.09231376647949219
0.0 0.6058881282806396 0.7435680627822876 0.07984602451324463 0.09232449531555176
0.0 0.5285539031028748 0.7491700053215027 0.07828080654144287 0.09075939655303955
0.0 0.45198750495910645 0.7469580173492432 0.08297109603881836 0.0923299789428711
0.0 0.3777769207954407 0.7517732381820679 0.07673990726470947 0.10325658321380615
0.0 0.30901896953582764 0.747204065322876 0.08142197132110596 0.10013973712921143
0.0 0.24027305841445923 0.749666154384613 0.07516396045684814 0.09544146060943604
0.0 0.9900558590888977 0.7936877012252808 0.01988828182220459 0.09534728527069092
0.0 0.9708294868469238 0.7999712824821472 0.043913960456848145 0.09538757801055908
0.0 0.9403675198554993 0.8039299845695496 0.04704165458679199 0.09695553779602051
0.0 0.898962676525116 0.804782509803772 0.05329430103302002 0.09852886199951172
0.0 0.8544422388076782 0.811109185218811 0.0532916784286499 0.09696626663208008
0.0 0.8036677837371826 0.8151028156280518 0.06579703092575073 0.10011279582977295
0.0 0.745080828666687 0.8191099166870117 0.07047373056411743 0.09387087821960449
0.0 0.6786841154098511 0.8246929049491882 0.07359874248504639 0.09387624263763428
0.0 0.6107302308082581 0.8334036469459534 0.07671034336090088 0.08606910705566406
0.0 0.5357317328453064 0.8343139886856079 0.07984066009521484 0.08919942378997803
0.0 0.46307823061943054 0.8360015749931335 0.07828623056411743 0.09388434886932373
0.0 0.32558923959732056 0.8424882292747498 0.0767291784286499 0.09700655937194824
0.0 0.2583991289138794 0.8410413265228271 0.06579422950744629 0.09855031967163086
0.0 0.3943350911140442 0.8400261402130127 0.08141124248504639 0.09388971328735352
