0.0 0.01640624925494194 0.942187488079071 0.013281249441206455 0.08281254768371582
0.0 0.03593749925494194 0.946093738079071 0.02031249739229679 0.0859375
0.0 0.05234374850988388 0.948437511920929 0.02187499776482582 0.0859375
0.0 0.08124999701976776 0.949999988079071 0.025000005960464478 0.08984375
0.0 0.10078124701976776 0.9468749761581421 0.025781244039535522 0.08671879768371582
0.0 0.13828125596046448 0.9515625238418579 0.028906255960464478 0.08671879768371582
0.0 0.16249999403953552 0.94921875 0.028124988079071045 0.08749997615814209
0.0 0.20624999701976776 0.948437511920929 0.03281250596046448 0.08515620231628418
0.0 0.23515623807907104 0.948437511920929 0.03437499701976776 0.08437502384185791
0.0 0.2890625 0.9515625238418579 0.03515625 0.08359372615814209
0.0 0.32421875 0.94921875 0.039843738079071045 0.08281254768371582
0.0 0.3843750059604645 0.9554687738418579 0.03750002384185791 0.08828127384185791
0.0 0.4234375059604645 0.949999988079071 0.03750002384185791 0.08359372615814209
0.0 0.48515623807907104 0.949999988079071 0.04140627384185791 0.07968747615814209
0.0 0.5249999761581421 0.9515625238418579 0.03671872615814209 0.07890629768371582
0.0 0.573437511920929 0.9515625238418579 0.0390625 0.08828127384185791
0.0 0.6117187738418579 0.9515625238418579 0.03671872615814209 0.08906245231628418
0.0 0.6484375 0.9515625238418579 0.03437495231628418 0.0859375
0.0 0.682812511920929 0.94921875 0.03515625 0.08437502384185791
0.0 0.715624988079071 0.9429687261581421 0.03125 0.08359372615814209
0.0 0.7484375238418579 0.9398437738418579 0.02890622615814209 0.08281254768371582
0.0 0.776562511920929 0.9320312738418579 0.02812504768371582 0.08437502384185791
0.0 0.807812511920929 0.9320312738418579 0.02890622615814209 0.08671879768371582
0.0 0.02031249925494194 0.8515625 0.02031249925494194 0.09296870231628418
0.0 0.03671874850988388 0.840624988079071 0.01874999888241291 0.08203125
0.0 0.05312500149011612 0.842968761920929 0.01874999701976776 0.09296870231628418
0.0 0.06953124701976776 0.84375 0.01718750223517418 0.09375
0.0 0.08828125149011612 0.84375 0.0234375 0.09296870231628418
0.0 0.11015625298023224 0.8539062738418579 0.025000005960464478 0.09687495231628418
0.0 0.13359375298023224 0.854687511920929 0.0234375 0.08984375
0.0 0.16796875 0.85546875 0.032031238079071045 0.09687495231628418
0.0 0.19687500596046448 0.852343738079071 0.03125 0.09140622615814209
0.0 0.24062499403953552 0.852343738079071 0.033593758940696716 0.09375
0.0 0.27421873807907104 0.8500000238418579 0.035937488079071045 0.09531247615814209
0.0 0.3304687440395355 0.8531249761581421 0.038281261920928955 0.08984375
0.0 0.36796873807907104 0.846875011920929 0.039843738079071045 0.08984375
0.0 0.43046873807907104 0.8492187261581421 0.03750002384185791 0.09687495231628418
0.0 0.4710937440395355 0.8492187261581421 0.03750002384185791 0.09375
0.0 0.532031238079071 0.8492187261581421 0.03984379768371582 0.09687495231628418
0.0 0.573437511920929 0.8492187261581421 0.03593754768371582 0.09140622615814209
0.0 0.610156238079071 0.8421875238418579 0.03671872615814209 0.09375
0.0 0.647656261920929 0.8421875238418579 0.03828120231628418 0.10000002384185791
0.0 0.6875 0.8343750238418579 0.03828120231628418 0.10000002384185791
0.0 0.7210937738418579 0.83984375 0.03593754768371582 0.09296870231628418
0.0 0.03281249850988388 0.653124988079071 0.04062499850988388 0.10468745231628418
0.0 0.08359374850988388 0.655468761920929 0.046875 0.10000002384185791
0.0 0.14531250298023224 0.6617187261581421 0.05781250447034836 0.1015625
0.0 0.22109374403953552 0.659375011920929 0.06718748807907104 0.10625004768371582
0.0 0.30937498807907104 0.6625000238418579 0.07656252384185791 0.10312497615814209
0.0 0.39140623807907104 0.664843738079071 0.08359372615814209 0.10781252384185791
0.0 0.48359376192092896 0.6656249761581421 0.08671876788139343 0.10312497615814209
0.0 0.5921875238418579 0.6640625 0.08749997615814209 0.10312497615814209
0.0 0.688281238079071 0.653124988079071 0.07968747615814209 0.11093747615814209
0.0 0.770312488079071 0.6578124761581421 0.07578122615814209 0.109375
0.0 0.02734375 0.5414062738418579 0.03359375149011612 0.09843751788139343
0.0 0.07500000298023224 0.546093761920929 0.04843750223517418 0.1015625
0.0 0.13437500596046448 0.5484374761581421 0.05546874552965164 0.10000002384185791
0.0 0.20859375596046448 0.551562488079071 0.0703125 0.10312497615814209
0.0 0.30000001192092896 0.555468738079071 0.08125001192092896 0.11093747615814209
0.0 0.4007812440395355 0.55859375 0.08828127384185791 0.10468745231628418
0.0 0.510937511920929 0.563281238079071 0.08515623211860657 0.10468745231628418
0.0 0.6171875 0.5570312738418579 0.09062504768371582 0.10781252384185791
0.0 0.714062511920929 0.5531250238418579 0.08124995231628418 0.10625004768371582
0.0 0.7945312261581421 0.5609375238418579 0.06796872615814209 0.12812498211860657
0.0 0.02187499962747097 0.44999998807907104 0.02500000223517418 0.08828127384185791
0.0 0.04921875149011612 0.4476562440395355 0.03984375298023224 0.08671873807907104
0.0 0.08828125149011612 0.4468750059604645 0.044531241059303284 0.08828127384185791
0.0 0.13515624403953552 0.44999998807907104 0.05234375596046448 0.09687501192092896
0.0 0.19062499701976776 0.4468750059604645 0.06484374403953552 0.10000002384185791
0.0 0.2554687559604645 0.4468750059604645 0.07265625894069672 0.10000002384185791
0.0 0.32421875 0.44453126192092896 0.07343751192092896 0.1015625
0.0 0.40234375 0.44921875 0.0859375 0.09531247615814209
0.0 0.48515623807907104 0.44921875 0.08437502384185791 0.09531247615814209
0.0 0.565625011920929 0.44609373807907104 0.08359372615814209 0.1015625
0.0 0.64453125 0.4429687559604645 0.08281254768371582 0.09843748807907104
0.0 0.719531238079071 0.4437499940395355 0.07656252384185791 0.109375
0.0 0.7906249761581421 0.44453126192092896 0.06953120231628418 0.10468751192092896
0.0 0.03046875074505806 0.359375 0.03437500447034836 0.08359372615814209
0.0 0.06406249850988388 0.3515625 0.04375000298023224 0.08671873807907104
0.0 0.10546875 0.3515625 0.04765624552965164 0.08671873807907104
0.0 0.15390625596046448 0.3492187559604645 0.055468738079071045 0.08515626192092896
0.0 0.21015624701976776 0.34687501192092896 0.059374988079071045 0.08359372615814209
0.0 0.27265626192092896 0.34375 0.0703125 0.09296876192092896
0.0 0.3460937440395355 0.34375 0.07656252384185791 0.09296876192092896
0.0 0.421875 0.3414062559604645 0.07968747615814209 0.1015625
0.0 0.5015624761581421 0.33984375 0.08046877384185791 0.09531247615814209
0.0 0.578906238079071 0.3421874940395355 0.07734370231628418 0.09375
0.0 0.653124988079071 0.34687501192092896 0.07656252384185791 0.09296876192092896
0.0 0.723437488079071 0.35078126192092896 0.07734370231628418 0.09687501192092896
0.0 0.7867187261581421 0.3499999940395355 0.06875002384185791 0.09843748807907104
0.0 0.03593749925494194 0.2710937559604645 0.03984374552965164 0.08515626192092896
0.0 0.06718750298023224 0.26875001192092896 0.04375000298023224 0.07734376192092896
0.0 0.10625000298023224 0.2679687440395355 0.04921874403953552 0.08515626192092896
0.0 0.15312500298023224 0.2632812559604645 0.06015625596046448 0.08203125
0.0 0.20781250298023224 0.2632812559604645 0.06328126788139343 0.08203125
0.0 0.2679687440395355 0.2578125 0.06484375894069672 0.08671873807907104
0.0 0.3343749940395355 0.25703126192092896 0.06875002384185791 0.08828125894069672
0.0 0.4078125059604645 0.25078123807907104 0.07499998807907104 0.08828125894069672
0.0 0.48515623807907104 0.25 0.07343748211860657 0.08671873807907104
0.0 0.5609375238418579 0.2562499940395355 0.078125 0.08671873807907104
0.0 0.635937511920929 0.2554687559604645 0.07187497615814209 0.10000000894069672
0.0 0.703906238079071 0.2632812559604645 0.07656252384185791 0.09687501192092896
0.0 0.772656261920929 0.26484376192092896 0.06953120231628418 0.09140624105930328
0.0 0.02265625074505806 0.1796875 0.0234375 0.09375
0.0 0.04609375074505806 0.17499999701976776 0.03984374552965164 0.09375
0.0 0.07656250149011612 0.17265625298023224 0.04218749701976776 0.09531250596046448
0.0 0.11796875298023224 0.17421874403953552 0.04765624552965164 0.09531250596046448
0.0 0.16249999403953552 0.17031249403953552 0.04843750596046448 0.09375
0.0 0.21406249701976776 0.16875000298023224 0.06015625596046448 0.09687498956918716
0.0 0.27265626192092896 0.16796875 0.06562501192092896 0.08984375
0.0 0.33906251192092896 0.16640624403953552 0.06875002384185791 0.08984375
0.0 0.4078125059604645 0.16093750298023224 0.07187497615814209 0.08203125
0.0 0.4820312559604645 0.1640625 0.07499998807907104 0.08515625447034836
0.0 0.5546875 0.16640624403953552 0.07265627384185791 0.08984375
0.0 0.6929687261581421 0.16718749701976776 0.07109379768371582 0.09375
0.0 0.7593749761581421 0.17265625298023224 0.06093752384185791 0.09531250596046448
0.0 0.624218761920929 0.16640624403953552 0.07656252384185791 0.08984375
