0.0 0.039860572665929794 0.0363304540514946 0.018876370042562485 0.0726609081029892
0.0 0.06017304211854935 0.03635062277317047 0.02512636035680771 0.07270124554634094
0.0 0.07658061385154724 0.03558416664600372 0.02668616734445095 0.07116833329200745
0.0 0.10626538097858429 0.0371735617518425 0.029816538095474243 0.074347123503685
0.0 0.12579526007175446 0.03797229006886482 0.03138172999024391 0.07594458013772964
0.0 0.16329653561115265 0.0372246578335762 0.03450404852628708 0.0744493156671524
0.0 0.1875125616788864 0.038807325065135956 0.03294692561030388 0.07761465013027191
0.0 0.2304799109697342 0.0396275669336319 0.037637095898389816 0.0792551338672638
0.0 0.25938475131988525 0.04043436422944069 0.039202287793159485 0.08086872845888138
0.0 0.31329095363616943 0.04048142954707146 0.040764760226011276 0.08096285909414291
0.0 0.34844446182250977 0.04207620024681091 0.04545767977833748 0.08415240049362183
0.0 0.4093818664550781 0.042127300053834915 0.04233267530798912 0.08425460010766983
0.0 0.44765499234199524 0.046784233301877975 0.04233536496758461 0.08600998669862747
0.0 0.5093682408332825 0.05001546069979668 0.04701477661728859 0.0813305601477623
0.0 0.5492119193077087 0.05008403956890106 0.040764763951301575 0.08131980150938034
0.0 0.597644031047821 0.0532924048602581 0.043905965983867645 0.0907001718878746
0.0 0.6359225511550903 0.05492078885436058 0.04078089818358421 0.09069479256868362
0.0 0.6726371645927429 0.05732773244380951 0.03921304643154144 0.08756709843873978
0.0 0.7070054411888123 0.06129314750432968 0.040772829204797745 0.08600729703903198
0.0 0.7390231490135193 0.06916076689958572 0.03608540818095207 0.08599922806024551
0.0 0.7718275189399719 0.07390473037958145 0.03295765072107315 0.08443135023117065
0.0 0.7991551160812378 0.0833267867565155 0.03296034038066864 0.08599384874105453
0.0 0.8304023742675781 0.08494307100772858 0.03296571969985962 0.0891188383102417
0.0 0.03971131518483162 0.12264470010995865 0.025164011865854263 0.09535537660121918
0.0 0.05609602853655815 0.13517291843891144 0.023582693189382553 0.08441521227359772
0.0 0.0725049376487732 0.1336386650800705 0.023601515218615532 0.09535270184278488
0.0 0.08891116827726364 0.13366690278053284 0.022036323323845863 0.09378751367330551
0.0 0.10765979439020157 0.13448041677474976 0.028289010748267174 0.09536077082157135
0.0 0.1295495480298996 0.12592433393001556 0.029856879264116287 0.098488450050354
0.0 0.1529870182275772 0.1259646862745285 0.02828361839056015 0.09223576635122299
0.0 0.18736061453819275 0.12680508196353912 0.03766936808824539 0.09850189089775085
0.0 0.21625876426696777 0.13154232501983643 0.036098796874284744 0.09381171315908432
0.0 0.2600046694278717 0.13396139442920685 0.03922649100422859 0.09537959843873978
0.0 0.2935916483402252 0.13792546093463898 0.04079165682196617 0.09694478660821915
0.0 0.34984156489372253 0.1380222737789154 0.04390859603881836 0.09226265549659729
0.0 0.38654547929763794 0.14667919278144836 0.04390859603881836 0.09226265549659729
0.0 0.4498252868652344 0.14756937325000763 0.04235687851905823 0.09850997477769852
0.0 0.4896649122238159 0.14998169243335724 0.04235146939754486 0.09538497775793076
0.0 0.5505969524383545 0.1532115787267685 0.043919410556554794 0.098512664437294
0.0 0.5919991135597229 0.155626580119133 0.04078627750277519 0.09381978213787079
0.0 0.6287030577659607 0.16428352892398834 0.04078896716237068 0.09538228809833527
0.0 0.6662002801895142 0.16591057181358337 0.04392478987574577 0.10163765400648117
0.0 0.7052451968193054 0.17613403499126434 0.04392478987574577 0.10163765400648117
0.0 0.7388456463813782 0.17228561639785767 0.04078896716237068 0.09538228809833527
0.0 0.04171217232942581 0.3218671977519989 0.04549531266093254 0.10632782429456711
0.0 0.09249334782361984 0.3219545781612396 0.051737233996391296 0.10165109485387802
0.0 0.15421603620052338 0.31971707940101624 0.06268009543418884 0.1047949343919754
0.0 0.22998641431331635 0.3260974884033203 0.0720631554722786 0.10949854552745819
0.0 0.31826484203338623 0.32781195640563965 0.0814327672123909 0.10638967901468277
0.0 0.4002932906150818 0.32951563596725464 0.09081848710775375 0.11265582591295242
0.0 0.49247393012046814 0.33358055353164673 0.09237295389175415 0.10797103494405746
0.0 0.6010554432868958 0.34079867601394653 0.09237295389175415 0.10797103494405746
0.0 0.6963395476341248 0.35736897587776184 0.08613638579845428 0.11577276885509491
0.0 0.7783719897270203 0.3567289113998413 0.08300606161355972 0.11264237761497498
0.0 0.030583743005990982 0.43278568983078003 0.03923455998301506 0.10006710886955261
0.0 0.07824260741472244 0.4313052296638489 0.05330510437488556 0.10477879643440247
0.0 0.13761618733406067 0.4321886897087097 0.061114899814128876 0.10322970896959305
0.0 0.21183347702026367 0.4330976605415344 0.07518278062343597 0.10637892037630081
0.0 0.30323824286460876 0.4340362250804901 0.08769886195659637 0.1157754585146904
0.0 0.4040166735649109 0.435772180557251 0.09393811225891113 0.10953620076179504
0.0 0.5141701102256775 0.43752428889274597 0.09081313759088516 0.10953082144260406
0.0 0.6203997135162354 0.4494258761405945 0.09706844389438629 0.112666554749012
0.0 0.7164785265922546 0.45818501710891724 0.08612831681966782 0.11108522862195969
0.0 0.7977337837219238 0.4551998972892761 0.07366324961185455 0.13137616217136383
0.0 0.019488932564854622 0.5241729617118835 0.029843438416719437 0.09067597985267639
0.0 0.046825915575027466 0.5281262397766113 0.04546572268009186 0.08914034068584442
0.0 0.08588432520627975 0.5305373072624207 0.04859341308474541 0.09070825576782227
0.0 0.13276059925556183 0.5298367142677307 0.05798453837633133 0.10009938478469849
0.0 0.18821851909160614 0.536182165145874 0.07048989087343216 0.10324584692716599
0.0 0.2530554533004761 0.5401999950408936 0.07673989236354828 0.10325659811496735
0.0 0.3217959403991699 0.5457870960235596 0.07830507308244705 0.10482179373502731
0.0 0.3999221622943878 0.5451403260231018 0.09079696983098984 0.10015586018562317
0.0 0.48272645473480225 0.5499703288078308 0.08923450112342834 0.10015317052602768
0.0 0.5624017715454102 0.5571387410163879 0.08768272399902344 0.1064004972577095
0.0 0.6412944197654724 0.565087080001831 0.08767734467983246 0.10327542573213577
0.0 0.7162889242172241 0.568341076374054 0.08300606161355972 0.1126423180103302
0.0 0.7873785495758057 0.5708072185516357 0.07518550008535385 0.10794145613908768
0.0 0.023239193484187126 0.6148046255111694 0.03921035677194595 0.08600460737943649
0.0 0.056815411895513535 0.6250185966491699 0.04859071597456932 0.08914569020271301
0.0 0.09821891784667969 0.6266524195671082 0.053280897438526154 0.09071635454893112
0.0 0.1466469168663025 0.632204532623291 0.06109069660305977 0.08916720747947693
0.0 0.2021075189113617 0.6369874477386475 0.06421301513910294 0.08761011064052582
0.0 0.26459670066833496 0.643345057964325 0.07516661286354065 0.09700389951467514
0.0 0.33802732825279236 0.6473776698112488 0.08141662925481796 0.0970146581530571
0.0 0.4137977361679077 0.6537581086158752 0.08455777168273926 0.10639511793851852
0.0 0.49269309639930725 0.6601439118385315 0.08610948920249939 0.1001477912068367
0.0 0.5700340270996094 0.661839485168457 0.08298185467720032 0.09857993572950363
0.0 0.6442540287971497 0.6611860394477844 0.08141656965017319 0.0970146581530571
0.0 0.7153476476669312 0.6613084077835083 0.0829872339963913 0.10170488804578781
0.0 0.7778408527374268 0.6653221845626831 0.07361215353012085 0.10168875008821487
0.0 0.023867148905992508 0.7038682699203491 0.04546303674578667 0.08757783472537994
0.0 0.0551103800535202 0.7078282833099365 0.04857458174228668 0.07977072894573212
0.0 0.09416878968477249 0.7102392911911011 0.05484071001410484 0.08915644884109497
0.0 0.14103162288665771 0.7173512578010559 0.06577280908823013 0.08605032414197922
0.0 0.19571365416049957 0.7205703854560852 0.0688978061079979 0.0860557034611702
0.0 0.25507378578186035 0.7292662858963013 0.06890588998794556 0.09074324369430542
0.0 0.32147321105003357 0.7332868576049805 0.07359607517719269 0.09231378883123398
0.0 0.39411187171936035 0.7435680627822876 0.07984603196382523 0.09232454746961594
0.0 0.47144609689712524 0.7491700053215027 0.07828086614608765 0.09075938165187836
0.0 0.5480124950408936 0.7469580173492432 0.08297109603881836 0.09232991933822632
0.0 0.6222230792045593 0.7517732381820679 0.07673990726470947 0.10325659811496735
0.0 0.6909810304641724 0.747204065322876 0.08142194896936417 0.10013972222805023
0.0 0.7597269415855408 0.749666154384613 0.07516399025917053 0.09544142335653305
0.0 0.009944146499037743 0.7936877012252808 0.019888292998075485 0.09534730017185211
0.0 0.02917049638926983 0.7999712824821472 0.043913982808589935 0.09538763761520386
0.0 0.059632476419210434 0.8039299845695496 0.047041669487953186 0.09695548564195633
0.0 0.10103732347488403 0.804782509803772 0.0532943457365036 0.09852883964776993
0.0 0.14555776119232178 0.811109185218811 0.05329165607690811 0.09696624428033829
0.0 0.1963322013616562 0.8151028156280518 0.06579703092575073 0.10011282563209534
0.0 0.2549191415309906 0.8191099166870117 0.07047376036643982 0.09387087821960449
0.0 0.3213158845901489 0.8246929049491882 0.07359876483678818 0.09387625753879547
0.0 0.38926973938941956 0.8334036469459534 0.07671032100915909 0.08606915175914764
0.0 0.4642682671546936 0.8343139886856079 0.07984065264463425 0.0891994759440422
0.0 0.5369217395782471 0.8360015749931335 0.07828624546527863 0.09388432651758194
0.0 0.6744107604026794 0.8424882292747498 0.07672914862632751 0.09700658917427063
0.0 0.7416008710861206 0.8410413265228271 0.06579428166151047 0.09855035692453384
0.0 0.6056649088859558 0.8400261402130127 0.08141119033098221 0.09388970583677292
