0.0 0.08139899373054504 0.9811116456985474 0.024477997794747353 0.037776682525873184
0.0 0.10128089040517807 0.9806971549987793 0.03187044709920883 0.038605693727731705
0.0 0.11785351485013962 0.9806831479072571 0.03341827541589737 0.03863365575671196
0.0 0.14670197665691376 0.9784069657325745 0.03704797104001045 0.04318607598543167
0.0 0.16562262177467346 0.9762712717056274 0.03739465773105621 0.0474574938416481
0.0 0.20341137051582336 0.9759228825569153 0.04049032926559448 0.04815426096320152
0.0 0.227082297205925 0.9729397296905518 0.03982319310307503 0.05412053316831589
0.0 0.2703147232532501 0.9699824452400208 0.044146277010440826 0.060035109519958496
0.0 0.29894956946372986 0.968146562576294 0.04558730125427246 0.06370681524276733
0.0 0.3527769148349762 0.9661763906478882 0.04625440761446953 0.06764718890190125
0.0 0.38728266954421997 0.9626456499099731 0.05079108849167824 0.0747087225317955
0.0 0.44772854447364807 0.9603550434112549 0.049217019230127335 0.07928992807865143
0.0 0.485676646232605 0.9561370611190796 0.048576176166534424 0.08772590011358261
0.0 0.5468158721923828 0.9478042125701904 0.051911719143390656 0.08460000157356262
0.0 0.5864991545677185 0.9439049363136292 0.04716138541698456 0.08318531513214111
0.0 0.6344819068908691 0.9372829794883728 0.05076482146978378 0.09279268980026245
0.0 0.6724037528038025 0.9320494532585144 0.04854985326528549 0.09324611723423004
0.0 0.7087777256965637 0.9270296096801758 0.045800864696502686 0.08983007818460464
0.0 0.7425095438957214 0.9200083613395691 0.04636121913790703 0.088389091193676
0.0 0.7741594910621643 0.9093311429023743 0.042384833097457886 0.08708109706640244
0.0 0.806236743927002 0.9017496705055237 0.039956267923116684 0.08598683029413223
0.0 0.833029568195343 0.8901655077934265 0.03939603269100189 0.08742783963680267
0.0 0.8639861941337585 0.8858932852745056 0.040490299463272095 0.08985640108585358
0.0 0.07287906855344772 0.9138405323028564 0.032831694930791855 0.09487276524305344
0.0 0.08763598650693893 0.9007627964019775 0.029788587242364883 0.08382439613342285
0.0 0.10420861840248108 0.9008416533470154 0.03128386288881302 0.09465914964675903
0.0 0.12056763470172882 0.8993726372718811 0.02984285168349743 0.09521950036287308
0.0 0.13914158940315247 0.8968092799186707 0.03592735528945923 0.09529998898506165
0.0 0.1621996909379959 0.9038796424865723 0.038009218871593475 0.09938317537307739
0.0 0.18552392721176147 0.9014493227005005 0.035500138998031616 0.09220437705516815
0.0 0.219682976603508 0.8975237607955933 0.044974435120821 0.10034442692995071
0.0 0.24789060652256012 0.8904762864112854 0.04345289245247841 0.09482024610042572
0.0 0.29122984409332275 0.8844951391220093 0.046095069497823715 0.09746243059635162
0.0 0.3241877257823944 0.8775807619094849 0.048630401492118835 0.09933064877986908
0.0 0.38033682107925415 0.872986376285553 0.050204530358314514 0.0942336916923523
0.0 0.41663026809692383 0.8616684079170227 0.05175233632326126 0.0944472998380661
0.0 0.4788638651371002 0.8554456233978271 0.050391875207424164 0.10109207779169083
0.0 0.519107460975647 0.8498916625976562 0.04996465519070625 0.09799646586179733
0.0 0.5794727802276611 0.8415608406066895 0.05271364375948906 0.10141249746084213
0.0 0.620490312576294 0.835900068283081 0.0480964295566082 0.09546108543872833
0.0 0.6559030413627625 0.8239150047302246 0.0491906963288784 0.09788964688777924
0.0 0.6930509209632874 0.8187883496284485 0.051592953503131866 0.10429459810256958
0.0 0.7314525246620178 0.8056020736694336 0.051592953503131866 0.10429459810256958
0.0 0.7654785513877869 0.8064268231391907 0.048310037702322006 0.09700889140367508
0.0 0.05813296511769295 0.7155572772026062 0.05455556884407997 0.10925844311714172
0.0 0.10875784605741501 0.7109366655349731 0.060106061398983 0.1054694727063179
0.0 0.17075155675411224 0.7086902856826782 0.07115448266267776 0.10851256549358368
0.0 0.2455008625984192 0.6960083842277527 0.081082284450531 0.1144377738237381
0.0 0.33338046073913574 0.6870349645614624 0.08994206041097641 0.11262372136116028
0.0 0.41496190428733826 0.6781420111656189 0.09754808992147446 0.1182285025715828
0.0 0.5063906908035278 0.6663128137588501 0.1000029519200325 0.11401219666004181
0.0 0.613751232624054 0.6499189734458923 0.10077682137489319 0.11411899328231812
0.0 0.7074474096298218 0.6259469985961914 0.09410573542118073 0.12079008668661118
0.0 0.7893493175506592 0.6193758845329285 0.09002254903316498 0.11870824545621872
0.0 0.03744230419397354 0.6056351661682129 0.04673589766025543 0.10210593789815903
0.0 0.08529194444417953 0.6037634611129761 0.061867501586675644 0.10723089426755905
0.0 0.14442987740039825 0.5979679226875305 0.06861911714076996 0.10664433985948563
0.0 0.21837900578975677 0.5909169912338257 0.08375072479248047 0.11176926642656326
0.0 0.3094610571861267 0.5822902917861938 0.09565360099077225 0.12100370228290558
0.0 0.40972328186035156 0.5716079473495483 0.10176439583301544 0.11577361822128296
0.0 0.5194860696792603 0.5611917972564697 0.09866869449615479 0.11534638702869415
0.0 0.6238840818405151 0.5404748916625977 0.10451339185237885 0.11918976902961731
0.0 0.7193154692649841 0.5233613848686218 0.09501271694898605 0.11636027693748474
0.0 0.8000966906547546 0.5200994610786438 0.08484674990177155 0.13621412217617035
0.0 0.01952858828008175 0.5158347487449646 0.03683435916900635 0.09087018668651581
0.0 0.04629518836736679 0.5097748041152954 0.05132512375712395 0.09135163575410843
0.0 0.08488412201404572 0.5036605596542358 0.056182216852903366 0.09354033321142197
0.0 0.13174621760845184 0.5003478527069092 0.06509624421596527 0.10312144458293915
0.0 0.1862669438123703 0.48966899514198303 0.07790609449148178 0.10792601108551025
0.0 0.2505019009113312 0.48080408573150635 0.08564525842666626 0.10899407416582108
0.0 0.3182859420776367 0.46908342838287354 0.08663278073072433 0.11064868420362473
0.0 0.396318256855011 0.46304628252983093 0.09816095232963562 0.10616624355316162
0.0 0.47835320234298706 0.4517248570919037 0.09661314636468887 0.10595262795686722
0.0 0.5576392412185669 0.4376281499862671 0.09669364243745804 0.11203715950250626
0.0 0.6353774070739746 0.42374512553215027 0.09549257159233093 0.10883469134569168
0.0 0.7097799777984619 0.41426563262939453 0.09079651534557343 0.11881505697965622
0.0 0.7803130149841309 0.4053202271461487 0.08319037407636642 0.11321032047271729
0.0 0.019196199253201485 0.4248857796192169 0.03839239850640297 0.08750832080841064
0.0 0.047862421721220016 0.41255396604537964 0.05519469827413559 0.09188566356897354
0.0 0.08887990564107895 0.406893253326416 0.059064265340566635 0.09241969138383865
0.0 0.1365422159433365 0.39794954657554626 0.06658979505300522 0.09193994849920273
0.0 0.19194364547729492 0.3879377543926239 0.07024575024843216 0.09092611074447632
0.0 0.2534296214580536 0.37629759311676025 0.08236224949359894 0.10170841217041016
0.0 0.32617756724357605 0.36625784635543823 0.08855359256267548 0.10256285965442657
0.0 0.4009268879890442 0.3535759150981903 0.0928240641951561 0.11150313168764114
0.0 0.4796525537967682 0.34113386273384094 0.09274357557296753 0.1054186001420021
0.0 0.5565905570983887 0.3328818082809448 0.08943423628807068 0.10344356298446655
0.0 0.6307532787322998 0.3273787498474121 0.08855359256267548 0.10256285965442657
0.0 0.7009396553039551 0.32163578271865845 0.08986146003007889 0.10653923451900482
0.0 0.7635199427604675 0.3122105598449707 0.08156207948923111 0.10691218078136444
0.0 0.017278112471103668 0.33668577671051025 0.034556224942207336 0.08980382978916168
0.0 0.03963664919137955 0.33009180426597595 0.05391302704811096 0.08259870857000351
0.0 0.07822557538747787 0.3239775598049164 0.06039848178625107 0.09108550101518631
0.0 0.12401962280273438 0.3129257261753082 0.07080607861280441 0.08948511630296707
0.0 0.17819365859031677 0.30544930696487427 0.07390175014734268 0.08991234004497528
0.0 0.23703745007514954 0.2918078303337097 0.07609040290117264 0.0947694256901741
0.0 0.30271339416503906 0.28195542097091675 0.08017360419034958 0.09685131162405014
0.0 0.3746069371700287 0.2657243013381958 0.08636488765478134 0.09770575165748596
0.0 0.4511176645755768 0.2543765902519226 0.0846034362912178 0.09594429284334183
0.0 0.5270419120788574 0.25020772218704224 0.08924694359302521 0.09658513218164444
0.0 0.6012308597564697 0.23918044567108154 0.084871307015419 0.10888724774122238
0.0 0.6696295142173767 0.23762746155261993 0.08908762037754059 0.10643243789672852
0.0 0.7379476428031921 0.22977635264396667 0.08137466758489609 0.10005374997854233
0.0 0.0006823490257374942 0.24795344471931458 0.0013646980514749885 0.0960739478468895
0.0 0.016033703461289406 0.2401057779788971 0.03206740692257881 0.09831687808036804
0.0 0.03578647971153259 0.2336186021566391 0.05482172966003418 0.10018513351678848
0.0 0.07701756805181503 0.22950570285320282 0.06023913249373436 0.1009327694773674
0.0 0.12059667706489563 0.21954818069934845 0.06079944595694542 0.09949174523353577
0.0 0.17146143317222595 0.21095116436481476 0.07283538579940796 0.10418948531150818
0.0 0.22939825057983398 0.20216679573059082 0.07729154825210571 0.09797190129756927
0.0 0.294967383146286 0.1915404349565506 0.08038721978664398 0.09839913249015808
0.0 0.36232423782348633 0.1767241209745407 0.08241476863622665 0.09108719974756241
0.0 0.43627336621284485 0.16967320442199707 0.08593766391277313 0.09461008757352829
0.0 0.5085678696632385 0.16206197440624237 0.08425679057836533 0.0989331603050232
0.0 0.6456575393676758 0.14393122494220734 0.08324301242828369 0.10258912295103073
0.0 0.7121879458427429 0.14027012884616852 0.07339571416378021 0.10274847596883774
0.0 0.5774462819099426 0.15255624055862427 0.08812636137008667 0.0994671881198883
