0.0 0.0390625 0.03671874850988388 0.01874999888241291 0.07343749701976776
0.0 0.05937499925494194 0.03671874850988388 0.02499999850988388 0.07343749701976776
0.0 0.07578124850988388 0.03593749925494194 0.02656249701976776 0.07187499850988388
0.0 0.10546875 0.03750000149011612 0.029687494039535522 0.07500000298023224
0.0 0.125 0.03828125074505806 0.03125 0.07656250149011612
0.0 0.16249999403953552 0.03750000149011612 0.034375011920928955 0.07500000298023224
0.0 0.18671874701976776 0.0390625 0.03281250596046448 0.078125
0.0 0.22968749701976776 0.03984374925494194 0.03749999403953552 0.07968749850988388
0.0 0.25859373807907104 0.04062499850988388 0.0390625 0.08124999701976776
0.0 0.3125 0.04062499850988388 0.04062497615814209 0.08124999701976776
0.0 0.34765625 0.04218750074505806 0.04531252384185791 0.08437500149011612
0.0 0.4085937440395355 0.04218750074505806 0.042187511920928955 0.08437500149011612
0.0 0.4468750059604645 0.046875 0.042187511920928955 0.0859375
0.0 0.508593738079071 0.05000000447034836 0.046875 0.08124999701976776
0.0 0.5484374761581421 0.05000000447034836 0.04062497615814209 0.08124999701976776
0.0 0.596875011920929 0.05312500149011612 0.04375004768371582 0.09062500298023224
0.0 0.6351562738418579 0.0546875 0.04062497615814209 0.09062500298023224
0.0 0.671875 0.05703125149011612 0.0390625 0.08749999105930328
0.0 0.706250011920929 0.06093750149011612 0.04062497615814209 0.0859375
0.0 0.73828125 0.06875000149011612 0.03593754768371582 0.0859375
0.0 0.7710937261581421 0.07343749701976776 0.03281247615814209 0.08437499403953552
0.0 0.7984374761581421 0.08281250298023224 0.03281247615814209 0.0859375
0.0 0.8296874761581421 0.08437500149011612 0.03281247615814209 0.08906249701976776
0.0 0.0390625 0.12343750149011612 0.02499999850988388 0.09531249105930328
0.0 0.05546875298023224 0.13593749701976776 0.0234375037252903 0.08437499403953552
0.0 0.07187499850988388 0.13437500596046448 0.0234375 0.09531250596046448
0.0 0.08828125149011612 0.13437500596046448 0.021874994039535522 0.09375
0.0 0.10703124850988388 0.13515624403953552 0.02812500298023224 0.09531250596046448
0.0 0.12890625 0.12656250596046448 0.029687494039535522 0.09843749552965164
0.0 0.15234375 0.12656250596046448 0.028124988079071045 0.09218749403953552
0.0 0.18671874701976776 0.12734374403953552 0.03749999403953552 0.09843749552965164
0.0 0.21562500298023224 0.13203124701976776 0.035937488079071045 0.09375
0.0 0.2593750059604645 0.13437500596046448 0.0390625 0.09531250596046448
0.0 0.29296875 0.13828125596046448 0.04062497615814209 0.09687500447034836
0.0 0.3492187559604645 0.13828125596046448 0.043749988079071045 0.09218749403953552
0.0 0.38593751192092896 0.14687499403953552 0.043749988079071045 0.09218749403953552
0.0 0.44921875 0.14765624701976776 0.042187511920928955 0.09843751043081284
0.0 0.48906248807907104 0.15000000596046448 0.04218748211860657 0.09531250596046448
0.0 0.550000011920929 0.15312500298023224 0.04375004768371582 0.09843751043081284
0.0 0.5914062261581421 0.15546874701976776 0.04062497615814209 0.09375
0.0 0.628125011920929 0.1640625 0.04062497615814209 0.09531250596046448
0.0 0.6656249761581421 0.16562500596046448 0.04375004768371582 0.1015625
0.0 0.7046874761581421 0.17578125 0.04375004768371582 0.1015625
0.0 0.73828125 0.171875 0.04062497615814209 0.09531250596046448
0.0 0.04140625149011612 0.3226562440395355 0.04531250521540642 0.10624998807907104
0.0 0.09218750149011612 0.3226562440395355 0.05156250298023224 0.1015625
0.0 0.15390625596046448 0.3203125 0.0625 0.10468751192092896
0.0 0.22968749701976776 0.3265624940395355 0.07187500596046448 0.109375
0.0 0.3179687559604645 0.328125 0.08125001192092896 0.10624998807907104
0.0 0.4000000059604645 0.3296875059604645 0.09062498807907104 0.11250001192092896
0.0 0.4921875 0.3335937559604645 0.09218752384185791 0.10781252384185791
0.0 0.600781261920929 0.34062498807907104 0.09218752384185791 0.10781252384185791
0.0 0.696093738079071 0.3570312559604645 0.0859375 0.11562502384185791
0.0 0.778124988079071 0.35624998807907104 0.08281254768371582 0.11250001192092896
0.0 0.03046875074505806 0.43359375 0.0390625 0.10000002384185791
0.0 0.078125 0.4320312440395355 0.05312499776482582 0.10468751192092896
0.0 0.13750000298023224 0.43281251192092896 0.06093749403953552 0.10312497615814209
0.0 0.21171875298023224 0.43359375 0.07500001788139343 0.10624998807907104
0.0 0.3031249940395355 0.43437498807907104 0.08749997615814209 0.11562502384185791
0.0 0.4039062559604645 0.4359374940395355 0.09375 0.109375
0.0 0.5140625238418579 0.4375 0.09062501788139343 0.109375
0.0 0.620312511920929 0.44921875 0.09687495231628418 0.11249998211860657
0.0 0.7164062261581421 0.45781248807907104 0.0859375 0.11093747615814209
0.0 0.797656238079071 0.4546875059604645 0.07343745231628418 0.13124996423721313
0.0 0.01953125 0.5249999761581421 0.02968750149011612 0.09062501788139343
0.0 0.046875 0.5289062261581421 0.04531249776482582 0.08906248211860657
0.0 0.0859375 0.53125 0.04843750223517418 0.09062501788139343
0.0 0.1328125 0.530468761920929 0.05781250447034836 0.10000002384185791
0.0 0.18828125298023224 0.5367187261581421 0.0703125 0.10312497615814209
0.0 0.25312501192092896 0.5406249761581421 0.07656250894069672 0.10312497615814209
0.0 0.3218750059604645 0.546093761920929 0.078125 0.10468748211860657
0.0 0.4000000059604645 0.5453125238418579 0.09062498807907104 0.10000002384185791
0.0 0.4828124940395355 0.550000011920929 0.08906251192092896 0.10000002384185791
0.0 0.5625 0.5570312738418579 0.08749997615814209 0.10625004768371582
0.0 0.641406238079071 0.5648437738418579 0.08749997615814209 0.10312497615814209
0.0 0.7164062261581421 0.5679687261581421 0.08281254768371582 0.11249995231628418
0.0 0.7875000238418579 0.5703125 0.07500004768371582 0.10781252384185791
0.0 0.0234375 0.6156250238418579 0.0390625 0.0859375
0.0 0.05703125149011612 0.625781238079071 0.04843749478459358 0.08906245231628418
0.0 0.09843750298023224 0.6273437738418579 0.05312499403953552 0.09062504768371582
0.0 0.14687499403953552 0.6328125 0.06093749403953552 0.08906245231628418
0.0 0.20234374701976776 0.637499988079071 0.06406250596046448 0.08749997615814209
0.0 0.26484376192092896 0.643750011920929 0.07499998807907104 0.09687495231628418
0.0 0.3382812440395355 0.647656261920929 0.08125001192092896 0.09687495231628418
0.0 0.4140625 0.6539062261581421 0.08437502384185791 0.10625004768371582
0.0 0.49296873807907104 0.66015625 0.0859375 0.10000002384185791
0.0 0.5703125 0.6617187261581421 0.08281254768371582 0.09843754768371582
0.0 0.64453125 0.660937488079071 0.08124995231628418 0.09687495231628418
0.0 0.715624988079071 0.660937488079071 0.08281254768371582 0.1015625
0.0 0.778124988079071 0.664843738079071 0.07343745231628418 0.1015625
0.0 0.02421874925494194 0.7046874761581421 0.04531250149011612 0.08749997615814209
0.0 0.05546874925494194 0.7085937261581421 0.04843749850988388 0.07968747615814209
0.0 0.09453125298023224 0.7109375 0.0546875 0.08906245231628418
0.0 0.14140625298023224 0.717968761920929 0.06562498956918716 0.0859375
0.0 0.19609375298023224 0.7210937738418579 0.06874999403953552 0.0859375
0.0 0.2554687559604645 0.729687511920929 0.06875000894069672 0.09062504768371582
0.0 0.3218750059604645 0.733593761920929 0.07343751192092896 0.09218752384185791
0.0 0.39453125 0.7437499761581421 0.07968747615814209 0.09218752384185791
0.0 0.47187501192092896 0.749218761920929 0.078125 0.09062504768371582
0.0 0.5484374761581421 0.746874988079071 0.08281254768371582 0.09218752384185791
0.0 0.6226562261581421 0.7515624761581421 0.07656252384185791 0.10312497615814209
0.0 0.69140625 0.746874988079071 0.08124995231628418 0.10000002384185791
0.0 0.7601562738418579 0.749218761920929 0.07500004768371582 0.09531247615814209
0.0 0.01015624962747097 0.7945312261581421 0.02031249925494194 0.09531247615814209
0.0 0.02968749962747097 0.80078125 0.04374999925494194 0.09531247615814209
0.0 0.06015624850988388 0.8046875 0.046875 0.09687495231628418
0.0 0.1015625 0.805468738079071 0.05312499403953552 0.09843754768371582
0.0 0.14609375596046448 0.811718761920929 0.05312499403953552 0.09687495231628418
0.0 0.19687500596046448 0.815625011920929 0.06562501192092896 0.10000002384185791
0.0 0.2554687559604645 0.819531261920929 0.0703125 0.09375
0.0 0.3218750059604645 0.824999988079071 0.07343751192092896 0.09375
0.0 0.38984376192092896 0.8335937261581421 0.07656252384185791 0.0859375
0.0 0.46484375 0.8343750238418579 0.07968747615814209 0.08906245231628418
0.0 0.5375000238418579 0.8359375 0.078125 0.09375
0.0 0.675000011920929 0.8421875238418579 0.07656252384185791 0.09687495231628418
0.0 0.7421875 0.840624988079071 0.06562495231628418 0.09843754768371582
0.0 0.606249988079071 0.83984375 0.08124995231628418 0.09375
