0.0 0.8993291854858398 0.9882479906082153 0.09806092828512192 0.02350400947034359
0.0 0.9025573134422302 0.978908896446228 0.10106465220451355 0.042182229459285736
0.0 0.9064320921897888 0.9492494463920593 0.1064755916595459 0.0496085025370121
0.0 0.9052945971488953 0.9277212023735046 0.10313937813043594 0.05108705163002014
0.0 0.9132605195045471 0.8870629072189331 0.10325551778078079 0.052795492112636566
0.0 0.9133344888687134 0.8604666590690613 0.10325551778078079 0.052795492112636566
0.0 0.9165863990783691 0.8126296401023865 0.10360394418239594 0.057920943945646286
0.0 0.9195981621742249 0.7810804843902588 0.10372008383274078 0.05962938442826271
0.0 0.9279205203056335 0.7224257588386536 0.10372008383274078 0.05962938442826271
0.0 0.9288074374198914 0.6838703155517578 0.10245833545923233 0.06634832173585892
0.0 0.9410467743873596 0.6186116933822632 0.10740471631288528 0.06327628344297409
0.0 0.9387717247009277 0.575555145740509 0.10395237058401108 0.063046395778656
0.0 0.9442223906517029 0.5081282258033752 0.09888985008001328 0.06440998613834381
0.0 0.9506363868713379 0.4647921919822693 0.09693139046430588 0.060878098011016846
0.0 0.950698733329773 0.41097551584243774 0.0986025407910347 0.06486978381872177
0.0 0.9521504640579224 0.3690031170845032 0.09569902718067169 0.0629313737154007
0.0 0.9548388123512268 0.32970842719078064 0.09032238274812698 0.05916959047317505
0.0 0.9557138681411743 0.2920072078704834 0.08857230842113495 0.05734620615839958
0.0 0.9539705514907837 0.25498780608177185 0.09205888956785202 0.05586765706539154
0.0 0.9552481174468994 0.2189950793981552 0.08950379490852356 0.052220821380615234
0.0 0.9510857462882996 0.18857966363430023 0.09782851487398148 0.052565641701221466
0.0 0.9518446326255798 0.15355610847473145 0.09631071984767914 0.052680604159832
0.0 0.7924129366874695 0.991830587387085 0.10622737556695938 0.0163387730717659
0.0 0.7825783491134644 0.9835717678070068 0.0953054279088974 0.032856523990631104
0.0 0.7853498458862305 0.9703620076179504 0.10946337133646011 0.04300450533628464
0.0 0.7883535623550415 0.9516838788986206 0.10934723168611526 0.04129606485366821
0.0 0.7897472381591797 0.9311822652816772 0.10981179773807526 0.04812995344400406
0.0 0.8033985495567322 0.908922553062439 0.11338041722774506 0.05006829649209976
0.0 0.806003749370575 0.8833529949188232 0.10635945200920105 0.047900062054395676
0.0 0.8102850317955017 0.8458817601203918 0.11729733645915985 0.05713207647204399
0.0 0.8098443746566772 0.8141027092933655 0.1103925034403801 0.05667228624224663
0.0 0.8139594197273254 0.7663230895996094 0.11407726258039474 0.06031906604766846
0.0 0.8147302865982056 0.7294760942459106 0.1159195750951767 0.06214245408773422
0.0 0.823226809501648 0.6682587265968323 0.11097320914268494 0.0652146190404892
0.0 0.8199724555015564 0.6268531680107117 0.11108934134244919 0.06692305952310562
0.0 0.828933596611023 0.5588018894195557 0.11776189506053925 0.06396596878767014
0.0 0.831953227519989 0.5143818259239197 0.11430954933166504 0.06373608112335205
0.0 0.8382089734077454 0.4478665590286255 0.11799417436122894 0.0673828199505806
0.0 0.8412867188453674 0.4025922417640686 0.11074092239141464 0.061797671020030975
0.0 0.8379742503166199 0.3620409667491913 0.11430954188108444 0.06373601406812668
0.0 0.840761661529541 0.32103776931762695 0.12133052200078964 0.06590431183576584
0.0 0.8360133767127991 0.27610036730766296 0.12133052200078964 0.06590431183576584
0.0 0.8453571796417236 0.24068237841129303 0.1141934022307396 0.062027573585510254
0.0 0.5745130181312561 0.9693237543106079 0.1266251802444458 0.06135246157646179
0.0 0.5824869871139526 0.9190970063209534 0.12202735990285873 0.07615508139133453
0.0 0.5948424339294434 0.8521298170089722 0.12813501060009003 0.09016770124435425
0.0 0.5996121764183044 0.7692117691040039 0.13401050865650177 0.10076332092285156
0.0 0.6113527417182922 0.6730282306671143 0.13470736145973206 0.11101409047842026
0.0 0.6208444237709045 0.5844179391860962 0.1404665857553482 0.11990125477313995
0.0 0.6303440928459167 0.4829365909099579 0.1372465193271637 0.1230882778763771
0.0 0.6392208933830261 0.3651098906993866 0.1372465193271637 0.1230883076786995
0.0 0.6360644102096558 0.2584953010082245 0.1435706466436386 0.11500576883554459
0.0 0.649008572101593 0.17011485993862152 0.14149604737758636 0.10976542532444
0.0 0.4506831169128418 0.9700276255607605 0.11925581842660904 0.0599447637796402
0.0 0.46026715636253357 0.9186813235282898 0.12398581206798553 0.07968690991401672
0.0 0.4689960181713104 0.8540469408035278 0.12617655098438263 0.08663574606180191
0.0 0.47882822155952454 0.773182213306427 0.13251657783985138 0.10406524688005447
0.0 0.4916641116142273 0.673639178276062 0.14368678629398346 0.11671427637338638
0.0 0.5051969289779663 0.5638455152511597 0.1389726847410202 0.12320318818092346
0.0 0.5202895998954773 0.44385838508605957 0.1370142251253128 0.11967132985591888
0.0 0.5238717198371887 0.3273952901363373 0.14265741407871246 0.12685009837150574
0.0 0.5284831523895264 0.2212979942560196 0.1385081261396408 0.11636936664581299
0.0 0.544821560382843 0.13400165736675262 0.1602519452571869 0.10761288553476334
0.0 0.3494100272655487 0.9679339528083801 0.10302317142486572 0.04937860742211342
0.0 0.34971630573272705 0.9379208087921143 0.10763699561357498 0.06669316440820694
0.0 0.3517567217350006 0.895151674747467 0.10786927491426468 0.07011004537343979
0.0 0.36041954159736633 0.8442425727844238 0.1223757192492485 0.08128052949905396
0.0 0.3619532287120819 0.7834196090698242 0.12687338888645172 0.0968865156173706
0.0 0.3684992790222168 0.7126331925392151 0.12906412780284882 0.10383535176515579
0.0 0.3718832731246948 0.6373457312583923 0.13090650737285614 0.10565873980522156
0.0 0.38373199105262756 0.5523247718811035 0.1282670497894287 0.11738818883895874
0.0 0.39247676730155945 0.4619484841823578 0.12642477452754974 0.11556477099657059
0.0 0.39678987860679626 0.37299326062202454 0.13344568014144897 0.11773303151130676
0.0 0.40006569027900696 0.2865432798862457 0.12987712025642395 0.11579462885856628
0.0 0.4081716537475586 0.20556356012821198 0.14161212742328644 0.11147387325763702
0.0 0.41604533791542053 0.12800076603889465 0.13412664830684662 0.10247175395488739
0.0 0.2500452995300293 0.9501619935035706 0.10372001677751541 0.05962938070297241
0.0 0.24483247101306915 0.9120584726333618 0.10786927491426468 0.07011004537343979
0.0 0.2495783418416977 0.867753267288208 0.10821770131587982 0.07523550093173981
0.0 0.25064748525619507 0.8137641549110413 0.10879839956760406 0.08377783000469208
0.0 0.2530442476272583 0.7529987096786499 0.10903067886829376 0.08719471096992493
0.0 0.25602176785469055 0.6836907863616943 0.12192708998918533 0.09995868057012558
0.0 0.2631484866142273 0.6043621301651001 0.12411782890558243 0.10690752416849136
0.0 0.26705512404441833 0.5213865041732788 0.13309724628925323 0.11260757595300674
0.0 0.2730363607406616 0.43340054154396057 0.12619249522686005 0.11214779317378998
0.0 0.2830427587032318 0.34997302293777466 0.12423396855592728 0.10861596465110779
0.0 0.29546424746513367 0.26928067207336426 0.12411782890558243 0.10690745711326599
0.0 0.3059272766113281 0.19189032912254333 0.12768638134002686 0.10884583741426468
0.0 0.3114359676837921 0.12360915541648865 0.1271056830883026 0.10030350834131241
0.0 0.15303753316402435 0.9359793663024902 0.1041845828294754 0.06646326929330826
0.0 0.15449726581573486 0.9017525315284729 0.09739593416452408 0.06771191954612732
0.0 0.15653769671916962 0.8589833974838257 0.10660764575004578 0.07682899385690689
0.0 0.15570640563964844 0.8074420690536499 0.10546212643384933 0.08525637537240982
0.0 0.16155557334423065 0.7469064593315125 0.10569441318511963 0.08867338299751282
0.0 0.1607903391122818 0.6816398501396179 0.11294765770435333 0.09425849467515945
0.0 0.16664747893810272 0.6082332730293274 0.11490612477064133 0.09779044985771179
0.0 0.16600631177425385 0.5283873677253723 0.11709688603878021 0.10473915934562683
0.0 0.1726764589548111 0.4430215060710907 0.11525453627109528 0.10291577130556107
0.0 0.18607720732688904 0.360678106546402 0.1173291876912117 0.10815617442131042
0.0 0.192515030503273 0.27872923016548157 0.1290641576051712 0.10383535176515579
0.0 0.20786631107330322 0.20595486462116241 0.127570241689682 0.10713735222816467
0.0 0.21642887592315674 0.13101224601268768 0.1183585375547409 0.09802031517028809
0.0 0.053044818341732025 0.9420683979988098 0.10608963668346405 0.04812995716929436
0.0 0.05294061079621315 0.9161540269851685 0.1058812215924263 0.0671529546380043
0.0 0.053267959505319595 0.881812334060669 0.10653591901063919 0.06897634267807007
0.0 0.05659109354019165 0.8376220464706421 0.1131821870803833 0.07410179823637009
0.0 0.056117381900548935 0.7887008786201477 0.11223476380109787 0.07569528371095657
0.0 0.059560634195804596 0.7322640419006348 0.11912126839160919 0.08982285857200623
0.0 0.06199833005666733 0.6681965589523315 0.11640004068613052 0.09448838979005814
0.0 0.0669923797249794 0.5947325229644775 0.1183585375547409 0.09802034497261047
0.0 0.06686589121818542 0.5200693607330322 0.10811746120452881 0.09903910011053085
0.0 0.07761925458908081 0.4384078085422516 0.11364449560642242 0.10450930148363113
0.0 0.08733529597520828 0.3592515289783478 0.1185908168554306 0.10143722593784332
0.0 0.10014498233795166 0.20907889306545258 0.12204322218894958 0.101667121052742
0.0 0.11284887045621872 0.1369863599538803 0.12123024463653564 0.0897078812122345
0.0 0.09250356256961823 0.28322476148605347 0.12066544592380524 0.10667756199836731
