0.0 0.9933884143829346 0.10391822457313538 0.013223190791904926 0.09540033340454102
0.0 0.984297513961792 0.10051107406616211 0.03140498325228691 0.09540033340454102
0.0 0.9537190198898315 0.09625213593244553 0.03471072018146515 0.1005110815167427
0.0 0.9330578446388245 0.09795571118593216 0.03471072018146515 0.09710392355918884
0.0 0.8942148685455322 0.0894378200173378 0.038016580045223236 0.09710392355918884
0.0 0.8677685856819153 0.0894378200173378 0.038016580045223236 0.09710392355918884
0.0 0.8223140239715576 0.08603066951036453 0.042975179851055145 0.09540034085512161
0.0 0.7917355895042419 0.08347529917955399 0.04462805017828941 0.09540033340454102
0.0 0.7347107529640198 0.07495740801095963 0.04462805017828941 0.09540033340454102
0.0 0.6975206732749939 0.07410562038421631 0.05123964324593544 0.09369676560163498
0.0 0.6347107887268066 0.061328787356615067 0.0479339100420475 0.09880749881267548
0.0 0.5933884382247925 0.06388416141271591 0.0479339100420475 0.09540034085512161
0.0 0.5280991792678833 0.0579216368496418 0.04958677664399147 0.09028961509466171
0.0 0.48595044016838074 0.05195911228656769 0.046281009912490845 0.08858602494001389
0.0 0.4347107410430908 0.04855195805430412 0.04958677664399147 0.09710391610860825
0.0 0.3950413167476654 0.04684838280081749 0.04628098011016846 0.09369676560163498
0.0 0.35619834065437317 0.04429301247000694 0.04462811350822449 0.08858602494001389
0.0 0.31983470916748047 0.043441224843263626 0.04462811350822449 0.08688244968652725
0.0 0.28347107768058777 0.045144807547330856 0.041322313249111176 0.09028961509466171
0.0 0.24876031279563904 0.04429301247000694 0.03801651671528816 0.08858602494001389
0.0 0.21983470022678375 0.04940374940633774 0.03801651671528816 0.09369676560163498
0.0 0.18677686154842377 0.047700170427560806 0.03966941684484482 0.09540034085512161
0.0 0.9966942071914673 0.20868824422359467 0.006611595395952463 0.10391823202371597
0.0 0.9884297251701355 0.21890971064567566 0.023140521720051765 0.09028959274291992
0.0 0.9735537171363831 0.2155025452375412 0.028099123388528824 0.10391823202371597
0.0 0.9561983346939087 0.21294718980789185 0.026446254923939705 0.10391823202371597
0.0 0.9363636374473572 0.21124359965324402 0.03305784985423088 0.10391823202371597
0.0 0.9148759841918945 0.19761499762535095 0.03471072018146515 0.10732536762952805
0.0 0.890082597732544 0.1950596272945404 0.03305784985423088 0.10051106661558151
0.0 0.8537190556526184 0.19080068171024323 0.041322313249111176 0.10902895778417587
0.0 0.8231405019760132 0.19165247678756714 0.041322313249111176 0.10221464931964874
0.0 0.7768595218658447 0.18739353120326996 0.04462805017828941 0.1056218072772026
0.0 0.7413222789764404 0.18654173612594604 0.04628104344010353 0.10732539743185043
0.0 0.6826446056365967 0.17802384495735168 0.04958677664399147 0.10221464931964874
0.0 0.6421487331390381 0.18057923018932343 0.05123964324593544 0.10221464931964874
0.0 0.5768595337867737 0.17206133902072906 0.0479339100420475 0.10902895778417587
0.0 0.5338842868804932 0.1686541736125946 0.0479339100420475 0.1056218072772026
0.0 0.46942150592803955 0.1626916527748108 0.051239676773548126 0.10902895778417587
0.0 0.42561984062194824 0.15928450226783752 0.04628098011016846 0.10221464931964874
0.0 0.386776864528656 0.1626916527748108 0.0479339100420475 0.10562179237604141
0.0 0.3471074402332306 0.15928450226783752 0.0479339100420475 0.11243612319231033
0.0 0.30413222312927246 0.16439522802829742 0.0479339100420475 0.11243612319231033
0.0 0.2694214880466461 0.15502557158470154 0.04628098011016846 0.1056218072772026
0.0 0.9752066135406494 0.42333900928497314 0.04958677664399147 0.11754687130451202
0.0 0.9239669442176819 0.4156728982925415 0.057851240038871765 0.11243609338998795
0.0 0.8595041036605835 0.40289607644081116 0.07107443362474442 0.1158432587981224
0.0 0.7793388962745667 0.39863714575767517 0.08099175989627838 0.12095397710800171
0.0 0.686776876449585 0.38671210408210754 0.09090909361839294 0.11925042420625687
0.0 0.6008264422416687 0.37649062275886536 0.09917355328798294 0.12436114251613617
0.0 0.5033057928085327 0.3671209514141083 0.10247931629419327 0.12095397710800171
0.0 0.38925617933273315 0.3586030602455139 0.10247935354709625 0.12095397710800171
0.0 0.2867768704891205 0.36115846037864685 0.09421488642692566 0.12776830792427063
0.0 0.20082643628120422 0.3483816087245941 0.09090909361839294 0.12606476247310638
0.0 0.9727272391319275 0.54514479637146 0.04462805017828941 0.1107325404882431
0.0 0.9231404662132263 0.5357751250267029 0.061156973242759705 0.11413967609405518
0.0 0.8611570000648499 0.5272572636604309 0.06776856631040573 0.11413967609405518
0.0 0.7826446294784546 0.5170357823371887 0.08429749310016632 0.11925039440393448
0.0 0.686776876449585 0.504258930683136 0.095867820084095 0.12776827812194824
0.0 0.5809917449951172 0.49063029885292053 0.10247928649187088 0.12265755981206894
0.0 0.46528926491737366 0.47529810667037964 0.09917358309030533 0.12095397710800171
0.0 0.35289257764816284 0.47189098596572876 0.10578514635562897 0.12606476247310638
0.0 0.2504132091999054 0.46678024530410767 0.09586775302886963 0.12265759706497192
0.0 0.16611570119857788 0.45059627294540405 0.0842975303530693 0.1465076357126236
0.0 0.9702479243278503 0.644804060459137 0.03471072018146515 0.09710386395454407
0.0 0.9413223266601562 0.644804060459137 0.05123964324593544 0.09880755096673965
0.0 0.9000000357627869 0.6422487497329712 0.054545506834983826 0.09880755096673965
0.0 0.8512396812438965 0.6337308287620544 0.06446283310651779 0.1107325404882431
0.0 0.7925620079040527 0.6320272088050842 0.0776859000325203 0.11413963884115219
0.0 0.7239669561386108 0.6260647177696228 0.08429749310016632 0.11584332585334778
0.0 0.6512396931648254 0.6218057870864868 0.08595035970211029 0.11754687130451202
0.0 0.5694215297698975 0.6098807454109192 0.09917355328798294 0.11243609338998795
0.0 0.48181819915771484 0.6013628244400024 0.09752068668603897 0.1107325404882431
0.0 0.39669421315193176 0.5971038937568665 0.09752068668603897 0.11754687130451202
0.0 0.3132231533527374 0.5936967134475708 0.09586775302886963 0.11413967609405518
0.0 0.23471075296401978 0.5851788520812988 0.09090909361839294 0.12606476247310638
0.0 0.15950413048267365 0.577512800693512 0.08264462649822235 0.12095397710800171
0.0 0.9528926014900208 0.7427597641944885 0.04462805017828941 0.09540031105279922
0.0 0.9165289402008057 0.7478705644607544 0.054545506834983826 0.09880755096673965
0.0 0.8735536932945251 0.7436116337776184 0.057851240038871765 0.09880755096673965
0.0 0.8214876055717468 0.7419080138206482 0.06776856631040573 0.09880755096673965
0.0 0.7628099322319031 0.7393526434898376 0.07107443362474442 0.09710386395454407
0.0 0.6958677172660828 0.7367972731590271 0.08264462649822235 0.10902898758649826
0.0 0.6190083026885986 0.7291311621665955 0.08925622701644897 0.10902898758649826
0.0 0.5388429760932922 0.7248722314834595 0.09256196022033691 0.11754687130451202
0.0 0.45454543828964233 0.718909740447998 0.09421485662460327 0.1107325404882431
0.0 0.37355372309684753 0.7086881995201111 0.09090909361839294 0.10902898758649826
0.0 0.29586777091026306 0.6967632174491882 0.08925622701644897 0.10902898758649826
0.0 0.2214875966310501 0.6856899261474609 0.09090909361839294 0.11243609338998795
0.0 0.15537188947200775 0.6805792450904846 0.080991730093956 0.11413963884115219
0.0 0.9388429522514343 0.8381601572036743 0.05123964324593544 0.09540031105279922
0.0 0.905785083770752 0.8373083472251892 0.05289250984787941 0.0885859802365303
0.0 0.8644627928733826 0.8347529768943787 0.061156973242759705 0.09710386395454407
0.0 0.8148760199546814 0.835604727268219 0.0694214403629303 0.09540031105279922
0.0 0.7570247650146484 0.8296422362327576 0.07272730022668839 0.09369676560163498
0.0 0.6933884620666504 0.8304940462112427 0.0776859000325203 0.1005110964179039
0.0 0.6231405138969421 0.8245315551757812 0.08099175989627838 0.10221464931964874
0.0 0.5454545617103577 0.8245315551757812 0.08760335296392441 0.10221464931964874
0.0 0.4636363387107849 0.8177171945571899 0.08595039695501328 0.10221464931964874
0.0 0.38429751992225647 0.8040885925292969 0.09090909361839294 0.10221464931964874
0.0 0.304958701133728 0.7981260418891907 0.08429749310016632 0.11584332585334778
0.0 0.23471076786518097 0.7827938795089722 0.08925620466470718 0.11243609338998795
0.0 0.16198347508907318 0.7742760181427002 0.08264462649822235 0.10562175512313843
0.0 0.944628119468689 0.9386711716651917 0.03305784985423088 0.10391820222139359
0.0 0.9198347330093384 0.941226601600647 0.05123964324593544 0.10562175512313843
0.0 0.886776864528656 0.941226601600647 0.05289250984787941 0.10732543468475342
0.0 0.8438016176223755 0.9352640509605408 0.057851240038871765 0.10732543468475342
0.0 0.7966942191123962 0.9352640509605408 0.059504106640815735 0.10562175512313843
0.0 0.742148756980896 0.9318569302558899 0.07107443362474442 0.1107325404882431
0.0 0.6801652908325195 0.9275979399681091 0.0776859000325203 0.10391820222139359
0.0 0.609917402267456 0.9224872589111328 0.08099175989627838 0.10562175512313843
0.0 0.5371900796890259 0.9224872589111328 0.08264462649822235 0.09540031105279922
0.0 0.4586777091026306 0.9114139676094055 0.08760332316160202 0.09880755096673965
0.0 0.3826446235179901 0.9020442962646484 0.08595042675733566 0.10562175512313843
0.0 0.23719008266925812 0.8884156942367554 0.08429750800132751 0.10902898758649826
0.0 0.16776858270168304 0.8756388425827026 0.0727272629737854 0.10902898758649826
0.0 0.30909091234207153 0.8960817456245422 0.08925622701644897 0.10562175512313843
