0.0 0.9932317733764648 0.1008264422416687 0.013536430895328522 0.09256197512149811
0.0 0.9839255213737488 0.09752066433429718 0.032148927450180054 0.09256197512149811
0.0 0.9526227116584778 0.09338843077421188 0.03553296998143196 0.09752066433429718
0.0 0.93147212266922 0.09504132717847824 0.03553296998143196 0.09421487897634506
0.0 0.8917089700698853 0.08677686005830765 0.038917142897844315 0.09421487897634506
0.0 0.8646361827850342 0.08677686005830765 0.038917142897844315 0.09421487897634506
0.0 0.8181049227714539 0.08347108215093613 0.043993204832077026 0.0925619825720787
0.0 0.7868020534515381 0.08099173754453659 0.04568522796034813 0.09256197512149811
0.0 0.7284263968467712 0.072727270424366 0.04568522796034813 0.09256197512149811
0.0 0.6903553605079651 0.07190082222223282 0.05245344340801239 0.09090909361839294
0.0 0.6260575652122498 0.059504128992557526 0.04906940087676048 0.09586777538061142
0.0 0.5837563872337341 0.06198347359895706 0.04906940087676048 0.0925619825720787
0.0 0.5169205069541931 0.056198347359895706 0.05076142027974129 0.08760330826044083
0.0 0.4737733006477356 0.05041322112083435 0.047377344220876694 0.08595040440559387
0.0 0.42131978273391724 0.04710743576288223 0.05076142027974129 0.09421487152576447
0.0 0.3807106614112854 0.04545454680919647 0.047377314418554306 0.09090909361839294
0.0 0.34094753861427307 0.042975205928087234 0.0456852912902832 0.08595041185617447
0.0 0.3037225008010864 0.042148757725954056 0.0456852912902832 0.08429751545190811
0.0 0.2664974629878998 0.04380165413022041 0.04230118542909622 0.08760330826044083
0.0 0.23096445202827454 0.042975205928087234 0.03891707584261894 0.08595041185617447
0.0 0.20135362446308136 0.04793388769030571 0.03891707584261894 0.09090909361839294
0.0 0.1675126999616623 0.04628099128603935 0.04060912877321243 0.0925619825720787
0.0 0.9966158866882324 0.20247933268547058 0.006768215447664261 0.1008264496922493
0.0 0.9881556630134583 0.21239669620990753 0.02368868887424469 0.08760329335927963
0.0 0.9729272723197937 0.20909090340137482 0.0287647545337677 0.1008264496922493
0.0 0.9551607370376587 0.20661157369613647 0.027072731405496597 0.1008264496922493
0.0 0.9348561763763428 0.20495867729187012 0.03384094685316086 0.1008264496922493
0.0 0.9128595590591431 0.19173555076122284 0.03553296998143196 0.10413222014904022
0.0 0.8874788284301758 0.1892561912536621 0.03384094685316086 0.09752065688371658
0.0 0.8502538204193115 0.1851239651441574 0.04230118542909622 0.10578511655330658
0.0 0.818950891494751 0.1859504133462906 0.04230118542909622 0.09917355328798294
0.0 0.7715736031532288 0.1818181872367859 0.04568522796034813 0.10247934609651566
0.0 0.7351945638656616 0.1809917390346527 0.04737737774848938 0.10413224250078201
0.0 0.6751269102096558 0.17272727191448212 0.05076142027974129 0.09917355328798294
0.0 0.6336717009544373 0.17520661652088165 0.05245344340801239 0.09917355328798294
0.0 0.566835880279541 0.16694214940071106 0.04906940087676048 0.10578511655330658
0.0 0.5228426456451416 0.16363635659217834 0.04906940087676048 0.10247934609651566
0.0 0.4568527936935425 0.15785124897956848 0.052453476935625076 0.10578511655330658
0.0 0.41201353073120117 0.15454545617103577 0.047377314418554306 0.09917355328798294
0.0 0.37225040793418884 0.1578512340784073 0.04906940087676048 0.10247933119535446
0.0 0.331641286611557 0.15454545617103577 0.04906940087676048 0.10909091681241989
0.0 0.2876480519771576 0.15950413048267365 0.04906940087676048 0.10909091681241989
0.0 0.25211504101753235 0.15041323006153107 0.047377314418554306 0.10247934609651566
0.0 0.9746192693710327 0.4107438027858734 0.05076142027974129 0.11404961347579956
0.0 0.9221658706665039 0.4033057689666748 0.05922165885567665 0.1090908870100975
0.0 0.85617595911026 0.3909090757369995 0.07275808602571487 0.11239667981863022
0.0 0.7741116881370544 0.386776864528656 0.08291034400463104 0.1173553466796875
0.0 0.6793569922447205 0.3752066195011139 0.09306260943412781 0.11570248007774353
0.0 0.5913705229759216 0.36528927087783813 0.10152284055948257 0.12066114693880081
0.0 0.49153974652290344 0.35619834065437317 0.10490691661834717 0.1173553466796875
0.0 0.3747884929180145 0.3479338586330414 0.10490695387125015 0.1173553466796875
0.0 0.26988157629966736 0.3504132330417633 0.09644671529531479 0.12396693974733353
0.0 0.18189509212970734 0.338016539812088 0.09306260943412781 0.12231407314538956
0.0 0.972081184387207 0.5289255976676941 0.04568522796034813 0.10743801295757294
0.0 0.9213197827339172 0.5198346972465515 0.06260570138692856 0.11074378341436386
0.0 0.8578680157661438 0.5115702152252197 0.06937391310930252 0.11074378341436386
0.0 0.7774957418441772 0.5016528964042664 0.08629439026117325 0.11570245027542114
0.0 0.6793569922447205 0.48925620317459106 0.09813880175352097 0.12396690994501114
0.0 0.5710660219192505 0.4760330319404602 0.10490688681602478 0.11900824308395386
0.0 0.4526226818561554 0.46115702390670776 0.10152287781238556 0.1173553466796875
0.0 0.3375634551048279 0.45785126090049744 0.10829105973243713 0.12231407314538956
0.0 0.23265650868415833 0.452892541885376 0.0981387346982956 0.11900828033685684
0.0 0.1463620960712433 0.43719008564949036 0.08629442006349564 0.14214873313903809
0.0 0.9695431590080261 0.6256198287010193 0.03553296998143196 0.09421482682228088
0.0 0.9399323463439941 0.6256198287010193 0.05245344340801239 0.095867820084095
0.0 0.8976311683654785 0.6231405138969421 0.055837616324424744 0.095867820084095
0.0 0.8477157354354858 0.6148760318756104 0.06598987430334091 0.10743801295757294
0.0 0.78764808177948 0.613223135471344 0.07952617853879929 0.11074375361204147
0.0 0.7174280881881714 0.6074380278587341 0.08629439026117325 0.11239674687385559
0.0 0.6429780125617981 0.6033057570457458 0.08798640966415405 0.11404961347579956
0.0 0.5592216849327087 0.5917355418205261 0.10152284055948257 0.1090908870100975
0.0 0.4695431590080261 0.5834710597991943 0.09983082115650177 0.10743801295757294
0.0 0.3824027180671692 0.5793388485908508 0.09983082115650177 0.11404961347579956
0.0 0.29695433378219604 0.5760329961776733 0.0981387346982956 0.11074378341436386
0.0 0.21658207476139069 0.5677685737609863 0.09306260943412781 0.12231407314538956
0.0 0.13959389925003052 0.5603306293487549 0.08460237085819244 0.1173553466796875
0.0 0.9517766833305359 0.7206611037254333 0.04568522796034813 0.09256196022033691
0.0 0.9145516157150269 0.7256198525428772 0.055837616324424744 0.095867820084095
0.0 0.8705583214759827 0.7214876413345337 0.05922165885567665 0.095867820084095
0.0 0.817258894443512 0.7198346853256226 0.06937391310930252 0.095867820084095
0.0 0.7571912407875061 0.7173553705215454 0.07275808602571487 0.09421482682228088
0.0 0.6886632442474365 0.7148760557174683 0.08460237085819244 0.10578514635562897
0.0 0.6099830865859985 0.7074379920959473 0.0913705825805664 0.10578514635562897
0.0 0.5279187560081482 0.7033057808876038 0.09475462883710861 0.11404961347579956
0.0 0.44162434339523315 0.6975206732749939 0.0964466780424118 0.10743801295757294
0.0 0.3587140440940857 0.6876032948493958 0.09306260943412781 0.10578514635562897
0.0 0.27918779850006104 0.676033079624176 0.0913705825805664 0.10578514635562897
0.0 0.20304568111896515 0.6652892827987671 0.09306260943412781 0.1090908870100975
0.0 0.13536378741264343 0.660330593585968 0.08291031420230865 0.11074375361204147
0.0 0.9373942613601685 0.813223123550415 0.05245344340801239 0.09256196022033691
0.0 0.903553307056427 0.8123967051506042 0.054145462810993195 0.08595035970211029
0.0 0.8612521290779114 0.8099173307418823 0.06260570138692856 0.09421482682228088
0.0 0.8104906678199768 0.8107438087463379 0.07106593996286392 0.09256196022033691
0.0 0.7512690424919128 0.804958701133728 0.07445011287927628 0.09090909361839294
0.0 0.6861252188682556 0.8057851195335388 0.07952617853879929 0.09752068668603897
0.0 0.614213228225708 0.800000011920929 0.08291034400463104 0.09917355328798294
0.0 0.5346869826316833 0.800000011920929 0.0896785631775856 0.09917355328798294
0.0 0.4509305953979492 0.7933884263038635 0.08798644691705704 0.09917355328798294
0.0 0.36971235275268555 0.7801653146743774 0.09306260943412781 0.09917355328798294
0.0 0.2884940803050995 0.7743801474571228 0.08629439026117325 0.11239674687385559
0.0 0.21658208966255188 0.7595041394233704 0.09137056767940521 0.1090908870100975
0.0 0.1421319842338562 0.7512396574020386 0.08460237085819244 0.10247928649187088
0.0 0.9433164596557617 0.910743772983551 0.03384094685316086 0.10082641988992691
0.0 0.9179357290267944 0.913223147392273 0.05245344340801239 0.10247928649187088
0.0 0.884094774723053 0.913223147392273 0.054145462810993195 0.104132279753685
0.0 0.8401014804840088 0.9074380397796631 0.05922165885567665 0.104132279753685
0.0 0.7918781638145447 0.9074380397796631 0.060913678258657455 0.10247928649187088
0.0 0.7360406517982483 0.9041322469711304 0.07275808602571487 0.10743801295757294
0.0 0.6725888848304749 0.9000000357627869 0.07952617853879929 0.10082641988992691
0.0 0.6006768345832825 0.8950413465499878 0.08291034400463104 0.10247928649187088
0.0 0.5262267589569092 0.8950413465499878 0.08460237085819244 0.09256196022033691
0.0 0.445854514837265 0.8842975497245789 0.08967853337526321 0.095867820084095
0.0 0.36802029609680176 0.8752066493034363 0.08798647671937943 0.10247928649187088
0.0 0.21912012994289398 0.8619834780693054 0.08629440516233444 0.10578514635562897
0.0 0.14805413782596588 0.8495867848396301 0.07445007562637329 0.10578514635562897
0.0 0.29272422194480896 0.8694214820861816 0.0913705825805664 0.10247928649187088
