0.0 0.9970365762710571 0.12111590802669525 0.005926787853240967 0.029028020799160004
0.0 0.9957587122917175 0.14137695729732513 0.008482575416564941 0.03533869981765747
0.0 0.9946134686470032 0.15773527324199677 0.010773062705993652 0.03696611523628235
0.0 0.9908281564712524 0.18648286163806915 0.018343687057495117 0.04191464185714722
0.0 0.9880886077880859 0.20511649549007416 0.02382272481918335 0.04211357235908508
0.0 0.9864791631698608 0.24254955351352692 0.027041614055633545 0.04530206322669983
0.0 0.9828928709030151 0.26505276560783386 0.0342143177986145 0.04400622844696045
0.0 0.9780285954475403 0.3078170120716095 0.043942809104919434 0.04902106523513794
0.0 0.9750570058822632 0.3365977704524994 0.04988598823547363 0.050781071186065674
0.0 0.9707743525505066 0.39032283425331116 0.058451294898986816 0.05260741710662842
0.0 0.9653284549713135 0.4236873686313629 0.06934303045272827 0.05768853425979614
0.0 0.9609463810920715 0.4836568236351013 0.07810723781585693 0.05639275908470154
0.0 0.9554673433303833 0.5217046737670898 0.08906525373458862 0.055229514837265015
0.0 0.9430062770843506 0.5821561813354492 0.08818095922470093 0.05828535556793213
0.0 0.9358514547348022 0.6217319369316101 0.08642101287841797 0.05353569984436035
0.0 0.9252429008483887 0.668980598449707 0.09598642587661743 0.05861687660217285
0.0 0.9166265726089478 0.7061483860015869 0.09585380554199219 0.05549478530883789
0.0 0.908856987953186 0.7417882084846497 0.09259897470474243 0.05223989486694336
0.0 0.8996258974075317 0.775020182132721 0.09110420942306519 0.053734660148620605
0.0 0.8858108520507812 0.8057115077972412 0.09090524911880493 0.04905140399932861
0.0 0.8758654594421387 0.8373491764068604 0.08765047788619995 0.04579663276672363
0.0 0.8622494339942932 0.8633573055267334 0.08921158313751221 0.04586291313171387
0.0 0.8554925918579102 0.8935664892196655 0.09233373403549194 0.045995473861694336
0.0 0.9467734694480896 0.10688787698745728 0.09675180912017822 0.03995012491941452
0.0 0.9320936799049377 0.12112145125865936 0.08569157123565674 0.03636375069618225
0.0 0.9313974380493164 0.1375129222869873 0.09668546915054321 0.03838902711868286
0.0 0.9283595085144043 0.15380491316318512 0.0966191291809082 0.03682795166969299
0.0 0.9244747161865234 0.17162486910820007 0.09844547510147095 0.04313862323760986
0.0 0.9297244548797607 0.19530649483203888 0.1017003059387207 0.04639345407485962
0.0 0.9256075620651245 0.21859025955200195 0.09532332420349121 0.04300600290298462
0.0 0.9187180995941162 0.2519216239452362 0.10352665185928345 0.0527040958404541
0.0 0.9097189903259277 0.2796897292137146 0.09877705574035645 0.05094408988952637
0.0 0.9000899791717529 0.3222882151603699 0.10047078132629395 0.05413258075714111
0.0 0.8901114463806152 0.35470643639564514 0.10209816694259644 0.055759966373443604
0.0 0.881479799747467 0.41064053773880005 0.09754753112792969 0.05868321657180786
0.0 0.8674659132957458 0.4460151493549347 0.09754753112792969 0.05868321657180786
0.0 0.8562605977058411 0.50731360912323 0.10372555255889893 0.05738744139671326
0.0 0.84754478931427 0.5468230247497559 0.10060340166091919 0.057254791259765625
0.0 0.8340641260147095 0.6064609289169312 0.10379189252853394 0.058948516845703125
0.0 0.8253150582313538 0.6467509269714355 0.0989760160446167 0.05562746524810791
0.0 0.810553789138794 0.681311845779419 0.10053706169128418 0.055693745613098145
0.0 0.8027510643005371 0.7177322506904602 0.10698038339614868 0.060642123222351074
0.0 0.7862960696220398 0.7553490400314331 0.10698044300079346 0.060642123222351074
0.0 0.7840898036956787 0.78887939453125 0.10053712129592896 0.055693745613098145
0.0 0.750223696231842 0.0766441747546196 0.11172997951507568 0.06240221858024597
0.0 0.7418241500854492 0.1271144300699234 0.10887306928634644 0.06851396709680557
0.0 0.7345215678215027 0.18857863545417786 0.11245942115783691 0.07957425713539124
0.0 0.7157608866691589 0.26206740736961365 0.1191016435623169 0.0892060399055481
0.0 0.699558675289154 0.3489580750465393 0.1194995641708374 0.09857261180877686
0.0 0.6844022870063782 0.42963752150535583 0.12451434135437012 0.10657697916030884
0.0 0.6649453043937683 0.519517719745636 0.12152481079101562 0.10956653952598572
0.0 0.6401087045669556 0.6255905628204346 0.12152481079101562 0.10956645011901855
0.0 0.6088772416114807 0.7165344953536987 0.12750399112701416 0.10358750820159912
0.0 0.5960293412208557 0.7980939745903015 0.1241828203201294 0.09877157211303711
0.0 0.6420081853866577 0.047024887055158615 0.10522037744522095 0.05589260905981064
0.0 0.6368303894996643 0.09528613090515137 0.11050045490264893 0.07014138251543045
0.0 0.6257576942443848 0.15346236526966095 0.11083203554153442 0.07794684171676636
0.0 0.6132744550704956 0.2264358401298523 0.11767315864562988 0.09226192533969879
0.0 0.5969396233558655 0.3164486885070801 0.1275702714920044 0.1051485538482666
0.0 0.5786458253860474 0.415761798620224 0.12315219640731812 0.1111939549446106
0.0 0.5591737031936646 0.5244083404541016 0.12301957607269287 0.10807177424430847
0.0 0.5306001901626587 0.626412570476532 0.12634068727493286 0.11288774013519287
0.0 0.5054804682731628 0.7207439541816711 0.12282061576843262 0.10338854789733887
0.0 0.4958209991455078 0.8008749485015869 0.14115595817565918 0.0948176383972168
0.0 0.5539211630821228 0.022210383787751198 0.09382855892181396 0.044420767575502396
0.0 0.5457689762115479 0.04841054603457451 0.09598642587661743 0.05861692875623703
0.0 0.5371193885803223 0.08635889738798141 0.09768009185791016 0.06180541217327118
0.0 0.5296662449836731 0.13295957446098328 0.10751092433929443 0.07313093543052673
0.0 0.5148897171020508 0.18628676235675812 0.1127246618270874 0.08581861853599548
0.0 0.5004627704620361 0.24979418516159058 0.11455100774765015 0.09212927520275116
0.0 0.48356157541275024 0.3163243532180786 0.11624467372894287 0.0953177809715271
0.0 0.47165998816490173 0.39401426911354065 0.11358672380447388 0.1061127781867981
0.0 0.45338135957717896 0.4745611250400543 0.11195933818817139 0.10448545217514038
0.0 0.4328606128692627 0.5526668429374695 0.11813735961914062 0.10318958759307861
0.0 0.4131867289543152 0.6292446255683899 0.11501514911651611 0.10305702686309814
0.0 0.3975813388824463 0.7020854949951172 0.12418270111083984 0.09877157211303711
0.0 0.3828890919685364 0.7718372941017151 0.11923432350158691 0.09232819080352783
0.0 0.4634440541267395 0.018693100661039352 0.09057366847991943 0.037386201322078705
0.0 0.4490807056427002 0.04195758327841759 0.09611904621124268 0.061739109456539154
0.0 0.44029849767684937 0.08302813023328781 0.09787905216217041 0.06648869812488556
0.0 0.4273815155029297 0.1293967068195343 0.09664952754974365 0.07422783970832825
0.0 0.41253870725631714 0.1842849999666214 0.09678220748901367 0.07735002040863037
0.0 0.3966832756996155 0.2446039468050003 0.10824024677276611 0.090302973985672
0.0 0.3803636431694031 0.31585052609443665 0.11006665229797363 0.09661364555358887
0.0 0.36160290241241455 0.38933929800987244 0.11807107925415039 0.10162848234176636
0.0 0.3434569835662842 0.466763973236084 0.11182665824890137 0.10136321187019348
0.0 0.3292800784111023 0.542793333530426 0.11013305187225342 0.09817472100257874
0.0 0.31754428148269653 0.6165804862976074 0.11006665229797363 0.09661364555358887
0.0 0.30600738525390625 0.6856843829154968 0.11325514316558838 0.09830737113952637
0.0 0.29164671897888184 0.7476307153701782 0.11285734176635742 0.08894085884094238
0.0 0.3761886954307556 0.012966800481081009 0.09336435794830322 0.025933600962162018
0.0 0.36758750677108765 0.028719328343868256 0.08668625354766846 0.05743865668773651
0.0 0.3581573963165283 0.06546378135681152 0.09638428688049316 0.067983478307724
0.0 0.3437456488609314 0.11020496487617493 0.09528744220733643 0.07884481549263
0.0 0.3320913314819336 0.163664773106575 0.0954200029373169 0.08196699619293213
0.0 0.31321316957473755 0.22150947153568268 0.10010325908660889 0.08216592669487
0.0 0.2987530827522278 0.28579747676849365 0.10342442989349365 0.08698183298110962
0.0 0.27622222900390625 0.3559982478618622 0.10368967056274414 0.09322619438171387
0.0 0.25892317295074463 0.4318949580192566 0.10206234455108643 0.0915987491607666
0.0 0.2486821413040161 0.5073095560073853 0.10382235050201416 0.09634840488433838
0.0 0.2322961688041687 0.5801172256469727 0.11455094814300537 0.09212923049926758
0.0 0.22472834587097168 0.6478258371353149 0.11318886280059814 0.09674632549285889
0.0 0.21169674396514893 0.7153022885322571 0.10667920112609863 0.09023666381835938
0.0 0.27953362464904785 0.007855268195271492 0.09934353828430176 0.015710536390542984
0.0 0.2710650563240051 0.023333566263318062 0.10379195213317871 0.046667132526636124
0.0 0.26391029357910156 0.05676865950226784 0.10418975353240967 0.0683150365948677
0.0 0.2503785490989685 0.09920135885477066 0.10262870788574219 0.06824873387813568
0.0 0.23807626962661743 0.1495058238506317 0.10940361022949219 0.08100271224975586
0.0 0.224695086479187 0.20680205523967743 0.10329186916351318 0.0838596522808075
0.0 0.208673894405365 0.2710237205028534 0.10498547554016113 0.08704811334609985
0.0 0.18868368864059448 0.33664071559906006 0.09731268882751465 0.08983874320983887
0.0 0.17616724967956543 0.41039472818374634 0.10056746006011963 0.09309357404708862
0.0 0.1621893048286438 0.481740802526474 0.10518443584442139 0.09173136949539185
0.0 0.13378435373306274 0.6165943145751953 0.10830652713775635 0.09186398983001709
0.0 0.12472176551818848 0.6826754808425903 0.10784244537353516 0.08093643188476562
0.0 0.147596538066864 0.5491509437561035 0.10687816143035889 0.09491991996765137
