0 0.14218749999999997 0.98046875 0.025000000000000022 0.0390625
0 0.11796875000000001 0.978125 0.021874999999999978 0.043749999999999956
0 0.09687499999999999 0.978125 0.017187500000000022 0.043749999999999956
0 0.07890625000000001 0.97265625 0.017968749999999978 0.053906250000000044
0 0.0617187500000001 0.9671875 0.014062499999999978 0.06562500000000004
0 0.032031249999999956 0.9578125 0.010937500000000044 0.07421875
0 0.04609374999999999 0.96328125 0.017187500000000022 0.07343750000000004
0 0.017968749999999978 0.95078125 0.016406249999999956 0.08203125
0 0.44453125000000004 0.83671875 0.07734375000000004 0.09453125000000007
0 0.5210937500000001 0.83671875 0.07578125000000002 0.09453125000000007
0 0.61328125 0.83359375 0.07578124999999991 0.09140624999999991
0 0.7640625000000001 0.85234375 0.06093749999999998 0.09140625000000002
0 0.9078125 0.8359375 0.038281250000000044 0.08906250000000004
0 0.98203125 0.71171875 0.016406249999999956 0.08359375000000002
0 0.96171875 0.721875 0.02734375 0.08750000000000002
0 0.7492187499999999 0.00859375 0.057812500000000044 0.0171875
0 0.86875 0.84453125 0.047656249999999956 0.0859375
0 0.9328125 0.7289062499999999 0.03515625 0.08437499999999998
0 0.85625 0.74296875 0.04453125000000002 0.08828124999999998
0 0.29921875 0.83125 0.07421875 0.09687499999999993
0 0.21953125 0.828125 0.06874999999999998 0.09609375000000009
0 0.69765625 0.7484375 0.06953125000000004 0.09296875000000004
0 0.08984375 0.81640625 0.047656249999999956 0.09296875000000004
0 0.6226562499999999 0.74296875 0.06484374999999998 0.09531250000000002
0 0.390625 0.73046875 0.07890624999999996 0.09999999999999998
0 0.06796875000000002 0.71640625 0.04296875 0.09296875000000004
0 0.80703125 0.7445312499999999 0.04296875 0.08828124999999998
0 0.81875 0.84921875 0.055468749999999956 0.08984375
0 0.690625 0.84140625 0.06953124999999993 0.09453124999999996
0 0.026562500000000044 0.80703125 0.03125 0.08906250000000004
0 0.12031250000000004 0.71953125 0.05078125 0.09531250000000002
0 0.8984375 0.73828125 0.03671874999999991 0.0859375
0 0.4765625 0.73359375 0.08046875000000003 0.09687500000000004
0 0.14921874999999996 0.8234375 0.053906250000000044 0.09296874999999993
0 0.3125 0.73203125 0.07421875 0.1015625
0 0.37343750000000003 0.8390625 0.07265624999999998 0.09453124999999996
0 0.55234375 0.73828125 0.07421875 0.09531250000000002
0 0.23359375000000004 0.728125 0.06640625 0.1015625
0 0.75546875 0.74921875 0.051562499999999956 0.08984375
0 0.025000000000000022 0.715625 0.03125 0.08984375
0 0.16718750000000004 0.721875 0.047656249999999956 0.09375
