0 0.98359375 0.9421875 0.014062499999999978 0.08281250000000007
0 0.9640625 0.94609375 0.020312500000000067 0.0859375
0 0.9476562500000001 0.9484375 0.021874999999999978 0.0859375
0 0.91875 0.95 0.025000000000000022 0.09062500000000007
0 0.89921875 0.9468749999999999 0.026562499999999933 0.08750000000000002
0 0.8617187500000001 0.9515625000000001 0.029687499999999978 0.08750000000000002
0 0.8375 0.94921875 0.028124999999999956 0.08749999999999991
0 0.79375 0.9484375 0.03281250000000002 0.0859375
0 0.7648437499999999 0.9484375 0.034375000000000044 0.08437499999999998
0 0.7109375 0.9515625000000001 0.03593750000000007 0.08437499999999998
0 0.67578125 0.94921875 0.04062499999999991 0.08281249999999996
0 0.615625 0.95546875 0.03749999999999987 0.08906250000000004
0 0.5765625 0.95 0.03749999999999987 0.08437499999999976
0 0.51484375 0.95 0.04218749999999993 0.07968750000000002
0 0.475 0.9515625000000001 0.03593750000000001 0.07968750000000002
0 0.4265625 0.9515625 0.0390625 0.08906250000000004
0 0.38828125 0.9515625 0.035937499999999956 0.08906250000000004
0 0.3515625 0.9515625 0.034375000000000044 0.0859375
0 0.31718749999999996 0.94921875 0.035937499999999956 0.08437500000000009
0 0.28437500000000004 0.9429687499999999 0.03125 0.08437499999999998
0 0.2515625 0.93984375 0.028124999999999956 0.08281249999999996
0 0.22343749999999996 0.9320312500000001 0.0281249999999999 0.08437499999999998
0 0.19218749999999996 0.9320312500000001 0.028124999999999928 0.08750000000000002
0 0.9796875 0.8515625 0.020312500000000067 0.09375
0 0.96328125 0.840625 0.018750000000000044 0.08281250000000007
0 0.946875 0.84296875 0.018750000000000044 0.09375
0 0.93046875 0.84375 0.017187500000000022 0.09375
0 0.91171875 0.84375 0.0234375 0.09375
0 0.88984375 0.85390625 0.025000000000000022 0.09687500000000004
0 0.86640625 0.8546875 0.0234375 0.09062500000000007
0 0.83203125 0.85546875 0.03281249999999991 0.09687500000000004
0 0.803125 0.85234375 0.03125 0.09218749999999976
0 0.759375 0.85234375 0.034375000000000044 0.09375
0 0.7257812499999999 0.8500000000000001 0.035937499999999956 0.09531250000000002
0 0.66953125 0.853125 0.0390625 0.09062499999999996
0 0.63203125 0.846875 0.0390625 0.09062500000000007
0 0.56953125 0.84921875 0.03749999999999998 0.09687500000000004
0 0.52890625 0.84921875 0.03749999999999987 0.09375
0 0.46796875 0.84921875 0.0390625 0.09687500000000004
0 0.42656249999999996 0.8492187499999999 0.035937499999999956 0.09218749999999998
0 0.38984375000000004 0.8421875 0.035937499999999956 0.09375
0 0.35234374999999996 0.8421875 0.0390625 0.10000000000000009
0 0.3125 0.834375 0.0390625 0.10000000000000009
0 0.27890625 0.83984375 0.035937499999999956 0.09375
0 0.9671875000000001 0.653125 0.04062500000000002 0.10468750000000004
0 0.91640625 0.65546875 0.046875 0.09999999999999998
0 0.8546875 0.66171875 0.05781249999999993 0.1015625
0 0.77890625 0.659375 0.06718749999999996 0.10624999999999996
0 0.690625 0.6625000000000001 0.07656249999999998 0.10312500000000002
0 0.60859375 0.66484375 0.08437499999999998 0.10781249999999998
0 0.51640625 0.6656250000000001 0.08750000000000002 0.10312500000000002
0 0.40781249999999997 0.6640625 0.08750000000000002 0.10312500000000002
0 0.31171875 0.653125 0.07968750000000002 0.11093750000000002
0 0.2296875000000001 0.6578125 0.07656249999999998 0.109375
0 0.97265625 0.54140625 0.034375000000000044 0.09843749999999996
0 0.925 0.54609375 0.04843750000000002 0.10156250000000006
0 0.8656250000000001 0.5484375 0.05625000000000002 0.10000000000000009
0 0.79140625 0.5515625 0.0703125 0.10312500000000002
0 0.7000000000000001 0.55546875 0.08125000000000004 0.11093750000000002
0 0.59921875 0.55859375 0.08906250000000004 0.10468750000000004
0 0.48906249999999996 0.56328125 0.08593749999999994 0.10468750000000004
0 0.3828125 0.5570312499999999 0.09062499999999996 0.10781249999999998
0 0.28593749999999996 0.553125 0.08125000000000007 0.10624999999999996
0 0.20546874999999998 0.5609375 0.06718749999999996 0.128125
0 0.9781249999999999 0.44999999999999996 0.025000000000000022 0.08906249999999999
0 0.9507812499999999 0.44765625 0.04062500000000002 0.08749999999999991
0 0.91171875 0.446875 0.043749999999999956 0.08906249999999999
0 0.8648437499999999 0.44999999999999996 0.05312499999999998 0.09687499999999999
0 0.809375 0.446875 0.06562499999999993 0.10000000000000003
0 0.7445312500000001 0.446875 0.07187500000000002 0.10000000000000003
0 0.67578125 0.44453125 0.07343749999999993 0.1015625
0 0.59765625 0.44921875 0.0859375 0.09531250000000002
0 0.51484375 0.44921875 0.08437499999999998 0.09531250000000002
0 0.43437499999999996 0.44609375 0.08281249999999996 0.1015625
0 0.35546875 0.4429687500000001 0.08281249999999996 0.09843750000000007
0 0.2804687500000001 0.44375 0.0765625 0.109375
0 0.20937499999999998 0.44453125 0.07031250000000003 0.10468750000000004
0 0.96953125 0.359375 0.03437499999999993 0.08437499999999998
0 0.9359375 0.3515625 0.043749999999999956 0.08749999999999997
0 0.89453125 0.3515625 0.04843749999999991 0.08749999999999997
0 0.8460937500000001 0.34921875 0.05625000000000002 0.0859375
0 0.7898437500000001 0.346875 0.059374999999999956 0.08437499999999998
0 0.72734375 0.34375 0.0703125 0.09375
0 0.6539062499999999 0.34375 0.07656249999999998 0.09375
0 0.578125 0.34140625 0.07968749999999991 0.1015625
0 0.4984375 0.33984375 0.08124999999999999 0.09531249999999997
0 0.42109375000000004 0.3421875 0.07812499999999994 0.09375
0 0.3468750000000001 0.346875 0.07656249999999998 0.09375
0 0.27656250000000004 0.35078124999999993 0.078125 0.09687499999999999
0 0.21328125000000003 0.35 0.06874999999999995 0.09843750000000001
0 0.9640625 0.27109375 0.04062500000000002 0.08593750000000003
0 0.9328125 0.26875 0.04375000000000007 0.078125
0 0.89375 0.26796875 0.04999999999999993 0.08593749999999997
0 0.846875 0.26328125 0.06093749999999998 0.08281250000000001
0 0.7921875 0.26328125 0.06406250000000002 0.08281250000000001
0 0.7320312500000001 0.2578125 0.06406250000000002 0.08749999999999997
0 0.6656249999999999 0.25703125 0.06874999999999998 0.08906250000000002
0 0.5921875 0.25078125 0.07499999999999996 0.08906250000000004
0 0.51484375 0.24999999999999997 0.07343749999999993 0.08749999999999997
0 0.4390625 0.25625 0.078125 0.08749999999999997
0 0.3640624999999999 0.25546875 0.07187500000000002 0.10000000000000003
0 0.2960937500000001 0.26328125 0.07656249999999998 0.09687499999999999
0 0.22734374999999996 0.26484375 0.0703125 0.09218749999999998
0 0.97734375 0.1796875 0.0234375 0.09375
0 0.95390625 0.175 0.0390625 0.09375
0 0.9234375 0.17265625 0.042187500000000044 0.0953125
0 0.88203125 0.17421875 0.04843750000000002 0.09531249999999997
0 0.8374999999999999 0.1703125 0.04843750000000002 0.09375
0 0.7859375 0.16875 0.06093749999999998 0.09687500000000002
0 0.72734375 0.16796875 0.06562499999999993 0.09062500000000001
0 0.6609375 0.16640625 0.06874999999999998 0.09062500000000001
0 0.5921875000000001 0.1609375 0.07187500000000002 0.08281249999999998
0 0.51796875 0.1640625 0.07499999999999996 0.0859375
0 0.4453125 0.16640625 0.07343750000000004 0.09062500000000001
0 0.3070312499999999 0.1671875 0.07187500000000002 0.09374999999999999
0 0.24062500000000003 0.17265625 0.06093749999999998 0.0953125
0 0.37578125 0.16640625 0.07656249999999998 0.09062500000000001
