0 0.890625 0.00859375 0.0875 0.0171875
0 0.8953125 0.0296875 0.09375 0.0359375
0 0.89453125 0.04921875 0.090625 0.0359375
0 0.90390625 0.0859375 0.090625 0.0390625
0 0.9046875 0.11015625 0.090625 0.0390625
0 0.909375 0.15390625 0.0875 0.0421875
0 0.9125 0.1828125 0.0875 0.04375
0 0.92265625 0.2359375 0.0875 0.04375
0 0.92421875 0.27109375 0.0875 0.05
0 0.93828125 0.3296875 0.0921875 0.0484375
0 0.9375 0.36953125 0.0890625 0.046875
0 0.94453125 0.43046875 0.084375 0.05
0 0.9515625 0.46953125 0.0828125 0.046875
0 0.95546875 0.5171875 0.0890625 0.05
0 0.9578125 0.5546875 0.084375 0.046875
0 0.9609375 0.59140625 0.078125 0.0453125
0 0.96171875 0.6265625 0.0765625 0.04375
0 0.9609375 0.659375 0.078125 0.040625
0 0.96171875 0.6921875 0.0765625 0.0375
0 0.959375 0.721875 0.08125 0.0375
0 0.96015625 0.753125 0.0796875 0.040625
0 0.78046875 0.00625 0.0828125 0.0125
0 0.7859375 0.01484375 0.0953125 0.0296875
0 0.7890625 0.03046875 0.0953125 0.028125
0 0.790625 0.04921875 0.0953125 0.034375
0 0.80390625 0.0703125 0.0984375 0.0359375
0 0.80703125 0.09296875 0.0921875 0.034375
0 0.8125 0.12734375 0.1 0.0421875
0 0.8125 0.15625 0.09375 0.0421875
0 0.81796875 0.2 0.096875 0.0453125
0 0.81953125 0.23359375 0.0984375 0.046875
0 0.8296875 0.2890625 0.09375 0.0484375
0 0.828125 0.3265625 0.0953125 0.0515625
0 0.83828125 0.38828125 0.1 0.0484375
0 0.84296875 0.42890625 0.096875 0.0484375
0 0.85078125 0.4890625 0.1015625 0.0515625
0 0.85546875 0.53046875 0.09375 0.046875
0 0.853125 0.56796875 0.096875 0.0484375
0 0.8578125 0.6046875 0.1046875 0.0515625
0 0.8546875 0.6453125 0.1046875 0.0515625
0 0.8640625 0.678125 0.096875 0.046875
0 0.5953125 0.021875 0.109375 0.04375
0 0.60390625 0.06796875 0.1046875 0.059375
0 0.6171875 0.128125 0.1078125 0.0703125
0 0.62421875 0.20390625 0.1140625 0.0796875
0 0.63828125 0.290625 0.1109375 0.0890625
0 0.65 0.371875 0.1171875 0.096875
0 0.6625 0.46328125 0.1125 0.1
0 0.67421875 0.571875 0.1125 0.1
0 0.675 0.66796875 0.1203125 0.0921875
0 0.68984375 0.74921875 0.1171875 0.0875
0 0.48359375 0.02578125 0.1015625 0.046875
0 0.49375 0.07265625 0.10625 0.0609375
0 0.50390625 0.13125 0.10625 0.06875
0 0.515625 0.2046875 0.1109375 0.0828125
0 0.53046875 0.29453125 0.1203125 0.09375
0 0.54609375 0.39453125 0.1140625 0.1
0 0.5640625 0.503125 0.1140625 0.096875
0 0.57109375 0.609375 0.11875 0.103125
0 0.57890625 0.70625 0.115625 0.09375
0 0.59609375 0.78515625 0.1359375 0.084375
0 0.3921875 0.03125 0.090625 0.0359375
0 0.39296875 0.05859375 0.0921875 0.0515625
0 0.396875 0.09765625 0.0921875 0.0546875
0 0.40625 0.14375 0.103125 0.0640625
0 0.409375 0.19921875 0.1078125 0.0765625
0 0.4171875 0.2640625 0.1078125 0.0828125
0 0.4234375 0.33203125 0.109375 0.0859375
0 0.4375 0.409375 0.1046875 0.096875
0 0.44765625 0.49140625 0.1046875 0.0953125
0 0.4546875 0.571875 0.1109375 0.096875
0 0.4609375 0.65078125 0.1078125 0.09375
0 0.47109375 0.725 0.1171875 0.0890625
0 0.48046875 0.7953125 0.1125 0.08125
0 0.303125 0.05078125 0.0875 0.04375
0 0.29921875 0.08515625 0.0921875 0.0546875
0 0.3046875 0.1265625 0.0921875 0.0578125
0 0.3078125 0.175 0.090625 0.065625
0 0.3125 0.23125 0.090625 0.06875
0 0.3171875 0.29375 0.1015625 0.08125
0 0.32578125 0.36640625 0.103125 0.0875
0 0.3328125 0.44140625 0.1109375 0.0921875
0 0.34140625 0.52109375 0.1046875 0.0921875
0 0.353125 0.59765625 0.103125 0.0890625
0 0.36640625 0.6703125 0.103125 0.0875
0 0.37890625 0.73984375 0.10625 0.0890625
0 0.3859375 0.803125 0.10625 0.0796875
0 0.21640625 0.0671875 0.0890625 0.05
0 0.21796875 0.0984375 0.0828125 0.053125
0 0.221875 0.1375 0.0890625 0.059375
0 0.22265625 0.184375 0.0875 0.06875
0 0.2296875 0.2390625 0.0875 0.071875
0 0.23125 0.29921875 0.0953125 0.0765625
0 0.23828125 0.36484375 0.0953125 0.078125
0 0.24140625 0.4390625 0.0953125 0.084375
0 0.25 0.515625 0.0953125 0.0828125
0 0.265625 0.58984375 0.096875 0.0875
0 0.27421875 0.66484375 0.1078125 0.0828125
0 0.28984375 0.73125 0.10625 0.0875
0 0.3 0.79921875 0.0984375 0.08125
0 0.12421875 0.065625 0.0953125 0.034375
0 0.121875 0.0890625 0.0984375 0.0515625
0 0.1234375 0.11953125 0.1 0.053125
0 0.13046875 0.16015625 0.1 0.0578125
0 0.13125 0.20546875 0.0984375 0.059375
0 0.13671875 0.25625 0.103125 0.0703125
0 0.14296875 0.31484375 0.0984375 0.0765625
0 0.14921875 0.38125 0.0984375 0.0796875
0 0.15234375 0.45 0.0890625 0.08125
0 0.1640625 0.5234375 0.0921875 0.084375
0 0.17578125 0.5953125 0.0984375 0.0828125
0 0.19296875 0.73203125 0.1015625 0.0828125
0 0.20703125 0.79765625 0.1015625 0.071875
0 0.184375 0.6640625 0.1 0.0875