0 0.9842300556586271 0.9410828025477707 0.016697588126159513 0.08439490445859854
0 0.9610389610389611 0.9450636942675159 0.024118738404452666 0.08757961783439483
0 0.9415584415584416 0.947452229299363 0.025974025974025983 0.08757961783439516
0 0.9072356215213357 0.9490445859872612 0.029684601113172504 0.09235668789808915
0 0.8840445269016698 0.945859872611465 0.03153988868274582 0.08917197452229297
0 0.839517625231911 0.9506369426751592 0.03525046382189245 0.08917197452229297
0 0.8107606679035251 0.9482484076433121 0.033395176252319136 0.08917197452229297
0 0.7588126159554731 0.947452229299363 0.03896103896103886 0.08757961783439516
0 0.7244897959183674 0.947452229299363 0.04081632653061229 0.0859872611464968
0 0.660482374768089 0.9506369426751594 0.04267161410018572 0.08598726114649691
0 0.6187384044526901 0.9482484076433121 0.04823747680890533 0.08439490445859876
0 0.5473098330241186 0.9546178343949044 0.04452690166975881 0.09076433121019112
0 0.5009276437847867 0.949044585987261 0.04452690166975881 0.08598726114649669
0 0.42764378478664183 0.9490445859872612 0.05009276437847865 0.08121019108280247
0 0.38033395176252316 0.9506369426751594 0.042671614100185495 0.08121019108280247
0 0.32282003710575136 0.9506369426751593 0.04638218923933213 0.0907643312101909
0 0.27736549165120594 0.9506369426751593 0.042671614100185495 0.0907643312101909
0 0.2337662337662339 0.9506369426751593 0.04081632653061218 0.08757961783439494
0 0.1929499072356215 0.9482484076433122 0.042671614100185384 0.0859872611464968
0 0.15398886827458258 0.9418789808917198 0.03710575139146566 0.0859872611464968
0 0.1150278293135436 0.9386942675159236 0.033395176252319025 0.08439490445859876
0 0.08163265306122447 0.930732484076433 0.033395176252319025 0.0859872611464968
0 0.044526901669758756 0.9307324840764332 0.03339517625231891 0.08917197452229297
0 0.9795918367346939 0.8487261146496815 0.024118738404452666 0.09554140127388533
0 0.9601113172541744 0.8375796178343949 0.02226345083487935 0.08439490445859876
0 0.940630797773655 0.839968152866242 0.02226345083487946 0.09554140127388533
0 0.9211502782931354 0.8407643312101911 0.020408163265306145 0.09554140127388533
0 0.898886827458256 0.8407643312101911 0.0278293135435993 0.09554140127388533
0 0.87291280148423 0.8511146496815288 0.029684601113172504 0.09872611464968162
0 0.8450834879406308 0.8519108280254777 0.027829313543599188 0.09235668789808926
0 0.8042671614100185 0.8527070063694268 0.038961038961038974 0.09872611464968162
0 0.7699443413729128 0.8495222929936306 0.03710575139146566 0.09394904458598707
0 0.7179962894248608 0.8495222929936306 0.04081632653061229 0.09554140127388533
0 0.6781076066790351 0.8471337579617835 0.042671614100185495 0.09713375796178347
0 0.611317254174397 0.8503184713375795 0.04638218923933213 0.09235668789808915
0 0.5667903525046383 0.8439490445859872 0.04638218923933213 0.09235668789808915
0 0.4925788497217068 0.8463375796178344 0.04452690166975881 0.09872611464968162
0 0.44434137291280135 0.8463375796178344 0.04452690166975881 0.09554140127388533
0 0.3719851576994434 0.8463375796178344 0.04638218923933213 0.09872611464968162
0 0.32282003710575136 0.8463375796178344 0.042671614100185495 0.09394904458598718
0 0.27922077922077926 0.839171974522293 0.042671614100185495 0.09554140127388533
0 0.23469387755102045 0.839171974522293 0.04638218923933213 0.10191082802547768
0 0.18738404452690177 0.8312101910828025 0.04638218923933202 0.1019108280254778
0 0.14749536178107603 0.8367834394904459 0.042671614100185495 0.09554140127388533
0 0.9647495361781075 0.6464968152866242 0.048237476808905444 0.10668789808917212
0 0.9044526901669758 0.6488853503184713 0.05565862708719849 0.1019108280254778
0 0.8311688311688312 0.6552547770700636 0.06864564007421159 0.10350318471337572
0 0.7411873840445269 0.6528662420382165 0.07977736549165115 0.10828025477706993
0 0.6363636363636364 0.6560509554140128 0.09090909090909105 0.10509554140127386
0 0.538961038961039 0.6584394904458598 0.10018552875695735 0.10987261146496818
0 0.4294990723562152 0.6592356687898091 0.10389610389610393 0.10509554140127386
0 0.300556586270872 0.6576433121019108 0.10389610389610393 0.10509554140127397
0 0.186456400742115 0.6464968152866242 0.09461966604823746 0.11305732484076436
0 0.0890538033395179 0.6512738853503184 0.09090909090909072 0.11146496815286622
0 0.9712430426716141 0.5326433121019108 0.04081632653061229 0.10031847133757948
0 0.9146567717996289 0.5374203821656051 0.0575139146567718 0.10350318471337588
0 0.8441558441558441 0.5398089171974523 0.06679035250463816 0.10191082802547763
0 0.7560296846011132 0.5429936305732483 0.08348794063079779 0.10509554140127397
0 0.6474953617810761 0.5469745222929936 0.09647495361781067 0.11305732484076447
0 0.5278293135435993 0.5501592356687899 0.10575139146567708 0.1066878980891719
0 0.3970315398886827 0.5549363057324841 0.10204081632653061 0.106687898089172
0 0.27087198515769945 0.5485668789808916 0.10760667903525045 0.10987261146496818
0 0.15584415584415579 0.5445859872611465 0.09647495361781089 0.10828025477707004
0 0.06029684601113172 0.552547770700637 0.07977736549165115 0.13057324840764328
0 0.9777365491651206 0.4394904458598726 0.029684601113172504 0.09076433121019106
0 0.9452690166975881 0.4371019108280254 0.04823747680890533 0.08917197452229297
0 0.898886827458256 0.43630573248407645 0.051948051948051965 0.09076433121019106
0 0.8432282003710575 0.4394904458598726 0.06307977736549164 0.0987261146496815
0 0.7773654916512059 0.4363057324840765 0.07792207792207795 0.1019108280254778
0 0.7003710575139146 0.4363057324840765 0.0853432282003711 0.1019108280254778
0 0.6187384044526902 0.43391719745222934 0.08719851576994431 0.10350318471337577
0 0.5259740259740261 0.4386942675159235 0.10204081632653056 0.09713375796178336
0 0.4276437847866419 0.4386942675159235 0.10018552875695724 0.09713375796178336
0 0.33209647495361777 0.4355095541401273 0.09833024118738398 0.10350318471337572
0 0.23840445269016697 0.4323248407643313 0.0983302411873841 0.1003184713375797
0 0.14935064935064946 0.43312101910828027 0.09090909090909083 0.11146496815286622
0 0.06493506493506496 0.4339171974522293 0.08348794063079779 0.106687898089172
0 0.9675324675324675 0.3471337579617835 0.04081632653061218 0.08598726114649685
0 0.9276437847866419 0.339171974522293 0.051948051948051965 0.08917197452229297
0 0.8784786641929498 0.339171974522293 0.0575139146567718 0.08917197452229297
0 0.8209647495361782 0.33678343949044587 0.06679035250463827 0.08757961783439494
0 0.75417439703154 0.33439490445859876 0.0705009276437848 0.08598726114649685
0 0.6799628942486086 0.3312101910828026 0.08348794063079779 0.09554140127388538
0 0.5927643784786643 0.3312101910828026 0.09090909090909094 0.09554140127388538
0 0.5027829313543599 0.3288216560509554 0.09461966604823746 0.10350318471337583
0 0.4081632653061224 0.32722929936305734 0.09647495361781078 0.09713375796178342
0 0.3163265306122449 0.32961783439490444 0.09276437847866426 0.09554140127388538
0 0.228200371057514 0.33439490445859876 0.09090909090909083 0.09554140127388538
0 0.14471243042671628 0.3383757961783439 0.09276437847866414 0.0987261146496815
0 0.06957328385899825 0.33757961783439494 0.08163265306122447 0.1003184713375796
0 0.961038961038961 0.2571656050955414 0.04823747680890533 0.08757961783439486
0 0.9239332096474954 0.25477707006369427 0.051948051948051965 0.07961783439490444
0 0.8775510204081632 0.25398089171974525 0.05936920222634501 0.08757961783439486
0 0.8218923933209648 0.24920382165605096 0.07235621521335811 0.08439490445859871
0 0.7569573283858997 0.24920382165605096 0.07606679035250463 0.08439490445859871
0 0.6855287569573285 0.24363057324840762 0.07606679035250463 0.08917197452229292
0 0.6066790352504638 0.2428343949044586 0.08163265306122458 0.09076433121019106
0 0.5194805194805194 0.23646496815286627 0.08905380333951773 0.09076433121019112
0 0.42764378478664195 0.23566878980891717 0.08719851576994431 0.08917197452229292
0 0.33766233766233766 0.2420382165605095 0.09276437847866426 0.08917197452229297
0 0.24860853432281993 0.24124203821656057 0.08534322820037099 0.10191082802547774
0 0.16790352504638228 0.249203821656051 0.09090909090909083 0.09872611464968156
0 0.0862708719851577 0.25079617834394907 0.08348794063079779 0.09394904458598721
0 0.9768089053803339 0.1640127388535032 0.027829313543599188 0.09554140127388534
0 0.9489795918367347 0.15923566878980894 0.04638218923933202 0.09554140127388534
0 0.9128014842300556 0.15684713375796178 0.05009276437847865 0.09713375796178345
0 0.8636363636363636 0.1584394904458599 0.0575139146567718 0.09713375796178343
0 0.8107606679035251 0.15445859872611467 0.0575139146567718 0.09554140127388534
0 0.7495361781076068 0.15286624203821658 0.07235621521335811 0.09872611464968153
0 0.6799628942486086 0.1520700636942675 0.07792207792207795 0.09235668789808915
0 0.601113172541744 0.15047770700636942 0.08163265306122447 0.09235668789808915
0 0.5194805194805194 0.1449044585987261 0.08534322820037099 0.08439490445859871
0 0.4313543599257885 0.14808917197452232 0.08905380333951762 0.08757961783439493
0 0.3450834879406309 0.15047770700636942 0.08719851576994431 0.09235668789808915
0 0.18089053803339505 0.1512738853503185 0.08534322820037099 0.09554140127388534
0 0.10204081632653061 0.15684713375796178 0.07235621521335811 0.09713375796178345
0 0.2625231910946197 0.15047770700636942 0.09090909090909094 0.09235668789808915
