0 0.13672496025437214 0.98046875 0.025437201907790072 0.0390625
0 0.11208267090620033 0.978125 0.02225755166931631 0.043749999999999956
0 0.09062003179650241 0.978125 0.01748807631160576 0.043749999999999956
0 0.0723370429252782 0.97265625 0.01828298887122415 0.053906250000000044
0 0.05484896661367261 0.9671875 0.014308426073131764 0.06562500000000004
0 0.024642289348171698 0.9578125 0.011128775834658104 0.07421875
0 0.03895071542130352 0.96328125 0.01748807631160576 0.07343750000000004
0 0.010333863275039767 0.95078125 0.01669316375198726 0.08203125
0 0.44435612082670894 0.83671875 0.0786963434022257 0.09453125000000018
0 0.5222575516693164 0.83671875 0.07710651828298876 0.09453125000000018
0 0.6160572337042926 0.83359375 0.07710651828298887 0.09140624999999991
0 0.7694753577106519 0.85234375 0.062003179650238494 0.09140625000000002
0 0.9157392686804451 0.8359375 0.03895071542130368 0.08906250000000004
0 0.9912559618441972 0.71171875 0.01669316375198726 0.08359375000000002
0 0.9705882352941176 0.721875 0.027821939586645472 0.08750000000000002
0 0.7543720190779014 0.00859375 0.05882352941176472 0.0171875
0 0.875993640699523 0.84453125 0.04848966613672501 0.0859375
0 0.9411764705882353 0.7289062499999999 0.03577106518282991 0.08437499999999998
0 0.8632750397456279 0.74296875 0.04531001589825123 0.08828124999999998
0 0.2965023847376789 0.83125 0.07551669316375198 0.09687499999999982
0 0.21542130365659778 0.828125 0.06995230524642293 0.09609375000000009
0 0.7019077901430842 0.7484375 0.07074721780604132 0.09296875000000004
0 0.08346581875993642 0.81640625 0.04848966613672489 0.09296875000000004
0 0.6255961844197138 0.74296875 0.06597774244833066 0.09531250000000002
0 0.3895071542130366 0.73046875 0.0802861685214627 0.09999999999999998
0 0.06120826709062005 0.71640625 0.043720190779014234 0.09296875000000004
0 0.8131955484896661 0.7445312499999999 0.043720190779014345 0.08828124999999998
0 0.8251192368839428 0.84921875 0.05643879173290933 0.08984375
0 0.6947535771065183 0.84140625 0.07074721780604143 0.09453124999999996
0 0.019077901430842703 0.80703125 0.031796502384737635 0.08906250000000004
0 0.11446740858505566 0.71953125 0.05166931637519867 0.09531250000000002
0 0.9062003179650239 0.73828125 0.037360890302066796 0.0859375
0 0.4769475357710653 0.73359375 0.08187599364069947 0.09687500000000004
0 0.14387917329093802 0.8234375 0.054848966613672445 0.09296874999999982
0 0.3100158982511925 0.73203125 0.07551669316375198 0.1015625
0 0.37201907790143085 0.8390625 0.07392686804451509 0.09453124999999996
0 0.5540540540540541 0.73828125 0.07551669316375187 0.09531250000000002
0 0.22972972972972971 0.728125 0.06756756756756754 0.1015625
0 0.760731319554849 0.74921875 0.05246422893481717 0.08984375
0 0.017488076311605705 0.715625 0.031796502384737635 0.08984375
0 0.16216216216216217 0.721875 0.048489666136724896 0.09375
