0 0.9888469365878919 0.843048269156756 0.01930234441902101 0.0886685005560186
0 0.9948144399952892 0.9327535590145204 0.010371120009421753 0.08225146896880253
0 0.20023338156567677 0.6759987095450231 0.06884457058276838 0.10390878137729465
0 0.9309216277680064 0.9366536545169659 0.024769517630195637 0.08879981560280903
0 0.9006098997570414 0.8459490939422528 0.027168869740752166 0.09119916771336523
0 0.3897204084730409 0.5612594346470166 0.08775799808124068 0.11138822709494323
0 0.29047398805024666 0.5612987905482798 0.08160359658760555 0.11514327647802192
0 0.20850390846742328 0.5648305657390413 0.06211549656106441 0.11623634365696367
0 0.2815244519892181 0.4489813016861602 0.07825438610100802 0.10569594237498514
0 0.21543749738904594 0.4630722374512988 0.06436477433243204 0.11238749781189195
0 0.20935629574853903 0.3725671635566823 0.06122191606221927 0.11153143589784387
0 0.49944544035121996 0.24915974198362623 0.07862270641269209 0.08853215728940603
0 0.5760046246000645 0.24810235607301573 0.07936621257234844 0.08698886709289766
0 0.6518765805664488 0.2509688531770714 0.07784168166823857 0.08851339799700741
0 0.720681795247954 0.2524421344238076 0.07075618109096093 0.08600149013205935
0 0.7839823181334872 0.25248468122842704 0.06534528575698206 0.08821324931862962
0 0.9763582760702376 0.2580232169762641 0.016846714431268617 0.08392607421210138
0 0.9591944909846587 0.25921694615348717 0.04096468504733508 0.08060248855419086
0 0.9709267841273943 0.1620322105780743 0.023650825622567262 0.07472261091024662
0 0.9420288685826136 0.16272630439682295 0.044088784025149375 0.08067752572378517
0 0.895817093613065 0.1583659294371664 0.049574716528722584 0.08158986551502906
0 0.8385959350515726 0.1511440855932763 0.05883445770777318 0.07712882855709134
0 0.7097456115091385 0.15502039358350098 0.07378648360678197 0.08217140357938606
0 0.6435461011545744 0.16442518088191843 0.0808907434764583 0.08546433618878779
0 0.2790701755883563 0.18412011685442006 0.07083121826055541 0.0891255891098734
0 0.21867550570814176 0.2074520345062108 0.06159023637390337 0.09436765081226473
0 0.23877395953108282 0.10068864978097086 0.06578864323826061 0.07417356321086466
0 0.3135272234898386 0.08951546077726158 0.07028719878099554 0.06647587152072099
0 0.39698431539197454 0.0828220680238888 0.0726302730143562 0.06653214939791688
0 0.48828917332344346 0.07750313183543694 0.07266779159915343 0.06809419888682389
0 0.5781070189355992 0.07534581320959646 0.07421108179566194 0.0673506927271676
0 0.6679811424249513 0.07553156881711653 0.0687251492920885 0.06643835293592382
0 0.5866397898031881 0.9511747004203824 0.041096000094125396 0.08606966176536557
0 0.5272631499323213 0.9518193818982235 0.03934635768123218 0.078221895736033
0 0.4865935853435417 0.9504517908695908 0.040983444339733666 0.08138351329864402
0 0.9754025196170603 0.934022325361338 0.021532862897989835 0.08403862996649314
0 0.879390916610006 0.8409884216258406 0.02560682025184524 0.09116164912856806
0 0.84898906676998 0.9417474791966343 0.0317987403302773 0.08896864923439596
0 0.8739443400076958 0.9395851323509719 0.030217931548971677 0.08815010590514571
0 0.8044143784589329 0.9404736846299948 0.03187377749987186 0.09209274821221047
0 0.746102376162703 0.07443666432170878 0.0707936996757581 0.08756353962096633
0 0.9072190687584896 0.43786023219713877 0.048275297133395956 0.0924866933525812
0 0.5411696836768296 0.8475491457455331 0.042901920384214365 0.09626050202805869
0 0.3460131921025765 0.17313452077469701 0.0769856197541906 0.08537053972679459
0 0.35256018514969223 0.44571215658897934 0.0821407505308771 0.10500871409252466
0 0.9322663011417325 0.34191863813985657 0.04587594502283954 0.09008734124202489
0 0.49378429240934685 0.5665746962025362 0.09166312180350844 0.11148202355693615
0 0.6735988737048908 0.4395641369020564 0.07968512054312482 0.10026628774860763
0 0.8400303441266214 0.3410081356650788 0.05762883477443981 0.09193078011691114
0 0.34082421737402485 0.34752815029661777 0.07888533650627261 0.09946650371175547
0 0.7188401936895338 0.33844865277568903 0.0748676570296134 0.09468655878304116
0 0.5630255153062663 0.16323328902116144 0.07864146570509067 0.08931318203385957
0 0.4380744174089637 0.8500253723421498 0.04204585847016623 0.09311764375784559
0 0.836442291058664 0.2566949818488946 0.059896871838206134 0.08886295901629288
0 0.9667251863596809 0.34499835299658527 0.03951519131282 0.08525111843611477
0 0.4181269077825257 0.3448899556047016 0.08122841073963322 0.09952278158895128
0 0.9470325714332211 0.43612248354035604 0.04277060533742405 0.09079332881688396
0 0.7868767611122717 0.6658156046759325 0.06973815108161374 0.10861368913641456
0 0.8833975721878689 0.2594745480272455 0.057535038312446996 0.08802565639464344
0 0.8087349137877503 0.43709980406154986 0.06484565039850776 0.09990986119303391
0 0.9240671367766484 0.26084213905587833 0.05591671094634376 0.08564506357648571
0 0.422881711612129 0.672995385444779 0.08772047949644357 0.10982617760603608
0 0.49461105486177576 0.34070847071627697 0.08593331849875308 0.10041636208779653
0 0.6387977767335211 0.8452042341957063 0.039702784236805844 0.09306136588064984
0 0.6006533673526904 0.5585374999327515 0.09008231302220271 0.11066348022768546
0 0.8603575840912778 0.4389857897410556 0.056941606491979435 0.09581714454678009
0 0.6946595633895591 0.6656861269456081 0.0830906089069181 0.1120566960850049
0 0.4330995302903991 0.44768507319418976 0.08686441758239549 0.10668331933582331
0 0.6492727135559736 0.33777515556580506 0.0803723488255852 0.09637992331873863
0 0.3590033252951707 0.8441098134298746 0.042864401799417196 0.09469845253915166
0 0.766942112701096 0.8444707844756945 0.03427312961042839 0.09449210032276689
0 0.38738468350554456 0.9520531962597611 0.0403524939344691 0.0876129519618738
0 0.813345541355301 0.07594746415324222 0.06835682898040452 0.08360213802150282
0 0.571151479818222 0.33887006006121284 0.08195315760689093 0.09719846664798937
0 0.5924660967437166 0.44542022703377987 0.08440878759464332 0.10194089299190634
0 0.7463092121086636 0.44094362168679957 0.07261837925824577 0.098535404628113
0 0.34811423285122106 0.2606092921534925 0.07734204630976416 0.10021000987141171
0 0.9743515155131621 0.532369254495838 0.04219593280935552 0.09936584171347407
0 0.7036173185737661 0.5505941001249599 0.07991023205190806 0.10963858468204984
0 0.5071948654283132 0.6694073323768217 0.07987271346711089 0.10807653519314286
0 0.3392182674936082 0.6710975060091631 0.08149104083321379 0.11045712801130081
0 0.5770780626292935 0.8459051935507433 0.03977782140640029 0.09618546485846413
0 0.7917793182350219 0.5445691763616489 0.07120640410852763 0.10474608399894403
0 0.5860220867409239 0.6651695696112012 0.08690193616719277 0.10824536882473035
0 0.7217195520088516 0.9463672933465155 0.03802817899350708 0.08833769882913178
0 0.2722441142013029 0.3554271659833239 0.07661729944250648 0.10253432481237368
0 0.41853593758236296 0.16670375811490484 0.07778540379104265 0.08617032376364687
0 0.8892911809043896 0.34216937447732676 0.05368619246737505 0.09027493416601096
0 0.9275275494307476 0.5350568615286622 0.047681865312928506 0.10027818150471784
0 0.28262071007151607 0.26687122118169715 0.07334312612550345 0.09621108968715103
0 0.94088551920545 0.8309151653373614 0.02328250531088316 0.0918863959958256
0 0.47322053090937244 0.8491812041842122 0.04213965493215949 0.09702276748011329
0 0.7845400686856234 0.3407779959364732 0.06623886625582731 0.09291815707774936
0 0.8130225726238544 0.8433639862241764 0.03187377749987186 0.09209274821221047
0 0.8442823216943942 0.8433946392726853 0.029493184681714024 0.09047442084610746
0 0.4265672357750114 0.9565824048510053 0.03797190111631121 0.08599462459577101
0 0.8690257307663272 0.5395879074363722 0.06021577980898252 0.10214037967200279
0 0.4871723186322807 0.16114781666155925 0.0786039471202935 0.08775113254495247
0 0.3980920811026446 0.844733898298851 0.041302352310510104 0.09466093395435438
0 0.9596301130723349 0.8304649423197947 0.023226227433687185 0.08954332176246504
0 0.7341390734340477 0.8452586747564365 0.035835179099335424 0.09452961890756417
0 0.3427537173173017 0.9484363274597611 0.03968402494440715 0.09228034113619688
0 0.512020548065003 0.4473524341508369 0.08995099797541234 0.10519630701651073
0 0.6763432423444864 0.8466468623939336 0.037378469295843875 0.0937861127479076
0 0.9173343881220124 0.07813862673094787 0.0583348223492991 0.0888254404314956
0 0.6288901631732732 0.9532857976086717 0.03877168515316343 0.08679440863262344
0 0.9581727863423792 0.08653544045966233 0.04576338926844781 0.08540119277530367
0 0.8633609081915219 0.6616341197875077 0.06335863807919495 0.10299644158605092
0 0.7747541974620974 0.9419675624855957 0.03408553668644232 0.0866818528782316
0 0.9760879105830547 0.8324140714127843 0.021682937237178734 0.0902868279221215
0 0.9763656253361019 0.648760700711813 0.03834708696428324 0.1016151194848417
0 0.31833376070639136 0.8427422224012419 0.04133987089530733 0.0962229834432613
0 0.922159684630964 0.8321464130993816 0.024825795507391613 0.09114288983616925
0 0.9082906694712525 0.9379786987409793 0.026331567119102672 0.08883733418760575
0 0.21750237313978366 0.28875364509897244 0.07353071904948949 0.10402133713168638
0 0.684992629727137 0.9464679553447967 0.03800941970110849 0.08755667408467827
0 0.2611345523406537 0.6737544599934777 0.07760467640334476 0.11114435629376118
0 0.9265113567378662 0.6554284686364988 0.05091852004513431 0.10503936714103357
0 0.28568079577853217 0.8497783106376119 0.03968402494440715 0.09228034113619654
0 0.9606005680572405 0.9359408014058186 0.023151190264092847 0.08641922278465097
0 0.30818227634496154 0.940670464136311 0.03739722858824246 0.09456713749236134
0 0.8702665512384158 0.07067291208587578 0.05466670389192485 0.06610068567274877
0 0.778381992559056 0.14946445213015538 0.06504513707860415 0.07571685340737307
0 0.42463589851526856 0.2579898567539748 0.07882905862907685 0.09712342947839489
