0 0.03293740706463258 0.49191143365661927 0.05578756432502657 0.09987571321931715
0 0.06777740030725413 0.49668082947570186 0.05794618951046798 0.10397940379715387
0 0.05020273001076303 0.2945091649414945 0.041564128812887735 0.09083911875356551
0 0.17379661447755698 0.01781046900030503 0.057682577993207584 0.03562093800061006
0 0.05246849704257997 0.8850595430738409 0.03860131617947499 0.09111808177414482
0 0.07573620277212978 0.8879819783418279 0.04412484772231484 0.09275148253219412
0 0.15593802791566067 0.8960355257874573 0.04684139894891476 0.0909295478432054
0 0.7352508104242593 0.9544025287337049 0.04767061225899316 0.0911949425325902
0 0.7057861921589642 0.9606417375727909 0.049492546947981886 0.07871652485441827
0 0.7255928852969453 0.8809411383463976 0.04828626577602513 0.10469316215548508
0 0.7542860177280355 0.8696978655781193 0.050198629554653706 0.10725388106491218
0 0.6957511991697715 0.8745960692451389 0.040423250868463656 0.08840153054754474
0 0.6642434106707819 0.8687762245712721 0.047087660355727534 0.09247251951161517
0 0.1386199307384827 0.01970790125818314 0.05289783067080604 0.03941580251636628
0 0.2789242532939381 0.30886172697842623 0.08433254019060349 0.1044315492453537
0 0.42779631211020996 0.034144556250014085 0.07900521833036223 0.06828911250002817
0 0.5619117165584356 0.05260361938875954 0.08181219864660205 0.07921877812340866
0 0.3669720619114387 0.02871045449324977 0.07437630332513362 0.05742090898649954
0 0.21618763931653803 0.3004311116709183 0.07291608499470464 0.09885029022664027
0 0.18690955637505335 0.394650488285201 0.07877630703399716 0.10730393278912637
0 0.6278574045760612 0.060755271675688276 0.08335517031501172 0.07946503953022131
0 0.6921369902218708 0.06943214839000905 0.07989983486797347 0.0766580592139815
0 0.11864373371028286 0.2919831462529626 0.061745891205618464 0.0948120028763364
0 0.49479244898261954 0.041891248192403696 0.08270681518421336 0.08011339466101974
0 0.3465687452971461 0.3212402005465981 0.08997920243684965 0.10683643583760793
0 0.4920595902221326 0.9512634841410526 0.05301328562255303 0.0919145934704565
0 0.04968318272790151 0.38698936020476893 0.054154163566977 0.09435218167647741
0 0.6472923883198382 0.3652806150006596 0.09985268596433916 0.11217143344950853
0 0.6315316582838203 0.4640308017788716 0.10201131114978046 0.1162751240273453
0 0.554013682753123 0.45403218894084707 0.10111669461216932 0.11538050748973405
0 0.31469724183246783 0.411881111010436 0.09148947249149281 0.11158848154624296
0 0.3092664566632529 0.027503174017728477 0.07227540561556561 0.05500634803545695
0 0.4855703617696182 0.8481710211298505 0.051437612340377026 0.09617411636546613
0 0.7528381097172359 0.08070244562752335 0.07795476947557833 0.07860312460637658
0 0.7216339914240764 0.3803102365678984 0.09059485595388173 0.11069386500863176
0 0.07985588220699741 0.2921216284596879 0.05532774312516742 0.0922839855806758
0 0.4936762782234467 0.34630113656562805 0.0988349387233215 0.11050533107769256
0 0.13087005349868344 0.3888710209767601 0.068131337672303 0.10184580447381936
0 0.6223449086454262 0.5662036223903557 0.10031250716419815 0.11976316108814988
0 0.5527280081037313 0.955842478712207 0.05005047298914034 0.08831504257558609
0 0.5729834868293663 0.3550030391420558 0.09497750955229756 0.10988967756066059
0 0.5214281022532574 0.8515205759839299 0.050419865099359584 0.09450801399365016
0 0.8072115102217896 0.08700713736335627 0.07536134895238467 0.08119654512957025
0 0.7042975881058826 0.47406211623066263 0.09290931345649589 0.11106325711885101
0 0.5584594222950867 0.8574308497474368 0.05131448163697061 0.09540263053126141
0 0.16711053898873168 0.5038320846320608 0.08053283849545301 0.11359895016617105
0 0.25773273808870534 0.026603720300723166 0.06554559290076892 0.05320744060144633
0 0.418070666471378 0.33423432763180183 0.09420602371809284 0.10976654685725423
0 0.24989243175926618 0.4015381319242993 0.07775855979297952 0.1056378304173104
0 0.018665599758552476 0.7696963856945547 0.03613102635968779 0.09448298813154332
0 0.4722361843274161 0.4409803343797698 0.10022207807455819 0.11448589095212275
0 0.774256537611705 0.48680998190905367 0.08750891261706262 0.11020134219500632
0 0.21496432671098967 0.02743819077276377 0.05921787390995775 0.05487638154552754
0 0.39468550718295237 0.42622967583311006 0.0964877796069406 0.11464172326929567
0 0.13303403715179943 0.7966523353817657 0.043476492591516466 0.09339983766299276
0 0.11313923220816344 0.4999649811022486 0.07078248567137008 0.10903543838847518
0 0.44403325742596633 0.8407504773117006 0.05371936822922496 0.10104929277750752
0 0.16014813644016818 0.29465164436247737 0.06674419832106626 0.09786524459938917
0 0.2600886155333062 0.9126581707473198 0.04943481947210843 0.08833612732001184
0 0.03472432285586999 0.882227536895494 0.041440998109481375 0.09006763291936082
0 0.37296613158948655 0.8349459841411528 0.05168387374718986 0.09771708803387591
0 0.54174098977791 0.5557124867387053 0.10022207807455819 0.1144858909521228
0 0.2304955080969302 0.5131573164771799 0.08219894086726898 0.11461669740718866
0 0.08538509089436785 0.3863583551844182 0.058504115551626504 0.09805377853032843
0 0.4569406339589318 0.9432850142817444 0.05057569741653234 0.09077371552603264
0 0.07903002875746476 0.7880331861433184 0.039742194123898955 0.09355566998016562
0 0.010782004233998388 0.7673569023298332 0.021564008467996776 0.09281688575972713
0 0.6380839726798828 0.960716735489898 0.049525248561748225 0.078566529020204
0 0.4570006787187903 0.5413966235297978 0.10018937646079185 0.11899167525394516
0 0.4056147980329001 0.8385745020158115 0.05245535958139452 0.0978402187372821
0 0.18935250304874848 0.805640876730432 0.04628347290775631 0.09685517311003089
0 0.19130324558567421 0.9024710239783561 0.045577390301084486 0.08772047380297998
0 0.5906539446831718 0.958697092162964 0.0491558564515292 0.0826058156740721
0 0.33065754141162995 0.8274023096195965 0.05180700445059622 0.09848857386808052
0 0.0003135555239722476 0.768012933212291 0.0006271110479444952 0.09423672672473038
0 0.3920453947960903 0.9384655667384475 0.04866333363790376 0.08821299661660542
0 0.6290667269317076 0.871073331963439 0.04822853830015161 0.09491010771763575
0 0.7021446400649716 0.5718195816299643 0.09259764882215038 0.11853185405408606
0 0.29260847412878277 0.822911876821093 0.05233222887798822 0.09706873290307738
0 0.2221626789538655 0.9073962521146116 0.04622574543188285 0.08707211867218168
0 0.16157901301737643 0.8012081714078021 0.043969015405141976 0.09648578099981175
0 0.30322873630522595 0.5184365852203359 0.09275348113932314 0.11479755558646848
0 0.03705812907606085 0.7734230084105129 0.03742773662128457 0.09318627786994638
0 0.5966316202813403 0.8611497967117354 0.049246285541169055 0.09657621008945183
0 0.10002165574269714 0.8894845726448116 0.040423250868463836 0.08840153054754474
0 0.003999221553508264 0.8758574419321283 0.007998443107016528 0.09074868966392557
0 0.3753463109964898 0.5275732831345157 0.09327870556671514 0.11337771462146529
0 0.013002614753711284 0.8786894481104752 0.026005229507422567 0.08932884869892221
0 0.22406936558796364 0.8111817583837196 0.048474799706964306 0.09645307938604541
0 0.36075116609014696 0.9263507046875361 0.048786464341309954 0.08898448245081036
0 0.26202800378117075 0.821195722725063 0.04437110912912767 0.0942944542006039
0 0.3002058789119548 0.9190609673244522 0.04557739030108454 0.08772047380297998
0 0.11220391962827031 0.7933278063897933 0.04116203508890215 0.09303044555277351
0 0.059742882902345196 0.7849549185581587 0.037920259434910175 0.09627222120676548
0 0.10717754546702596 0.02142689392647848 0.049811887333987004 0.04285378785295696
0 0.6664731162282868 0.9612198522966623 0.04412484772231484 0.07756029540667542
0 0.09137380210474125 0.7900032773978207 0.03344717674685431 0.09179913851870969
0 0.12548068827145498 0.8935478858572226 0.04184309183346703 0.08787630612015263
