0 0.9336260332990827 0.9106359770260216 0.02782563063722432 0.08971839392765446
0 0.9273215607182987 0.9795259929570515 0.020084640444058777 0.0409480140858971
0 0.17778218318813999 0.6304271820521363 0.07839199376531078 0.10967844553849526
0 0.8626760019156375 0.9748031297157319 0.03325355920691453 0.05039374056853618
0 0.8459084797057836 0.9006449688320646 0.035865648641689396 0.09299743014054807
0 0.38196931516791965 0.5445316076365441 0.09785953757611487 0.1189438855102174
0 0.28377701687987966 0.5301050324179557 0.09213258119512499 0.12205875245643188
0 0.2021675321122095 0.5216516674803755 0.07293767823998024 0.12122763641163448
0 0.29129371795010006 0.4176825626664823 0.08788757039281325 0.11237261960660988
0 0.22385870696816462 0.4219906170914778 0.07478754278547706 0.11763637890962098
0 0.23103387602720654 0.33156569595224394 0.07159059120592304 0.11647984809788325
0 0.536012202251981 0.2517576509394752 0.08656687031439664 0.09540869364160093
0 0.6119079241164818 0.2618703242002327 0.08715173245917573 0.09395313501856367
0 0.686551837058085 0.27576481118532337 0.08579145194729809 0.09531341553044118
0 0.7544075409181206 0.28725095843577875 0.07852685230993162 0.09212965742870743
0 0.8170258724307858 0.2965193221739184 0.0733847580737208 0.09378896575188467
0 0.9970381609287368 0.330038176291507 0.005923678142526478 0.08478004939158362
0 0.9825705251290083 0.32871747621309033 0.034858949741983336 0.08385657900204418
0 0.999888071038374 0.23428060469374293 0.0002238579232521909 0.07633253198683881
0 0.9803358751663799 0.23075531458083084 0.039328249667240245 0.0842376914466832
0 0.941384493032873 0.2197059774527135 0.05711416584247109 0.08568005659190031
0 0.8858270114574344 0.20422107329996486 0.06584751758069518 0.08217088372322631
0 0.7577877027750094 0.18927560332569893 0.08115213522252707 0.08863367803785357
0 0.6909243604600325 0.188931147548103 0.08851201297105327 0.09259285450668603
0 0.3274700894687601 0.15529212677586351 0.07890796475457051 0.09523133089710159
0 0.264319669722597 0.1695721483841605 0.07026989112750637 0.09951592213287436
0 0.29976462548618643 0.06687831568238775 0.07244517043994336 0.07992671325526995
0 0.3753481260615674 0.06671999394854419 0.07614489953093684 0.07274419825124295
0 0.45888956000807385 0.07226224164004971 0.07847115463223264 0.07303003258472235
0 0.5499946214032465 0.08030810717735021 0.07866171085455209 0.0745808693189195
0 0.6391677336195828 0.09126508996072547 0.08011726947758957 0.07399600717414045
0 0.7280550115024398 0.10454832784539644 0.07459406279673986 0.07255364202892339
0 0.5199542771358868 0.9571711879569034 0.04915623247134532 0.08565762408619337
0 0.4611177593475547 0.9509680748844316 0.04665261462555037 0.08133976767842865
0 0.42108183859190823 0.9436873580028271 0.04858456380438658 0.0846319973691424
0 0.9070654050625762 0.9780015431784949 0.029580217071561443 0.04399691364301028
0 0.8256391305722404 0.8926445312610602 0.03431481190749219 0.0928068739182284
0 0.7808759609256478 0.9711374898639309 0.04023232451080161 0.05772502027213822
0 0.805879904895122 0.9721280149227434 0.038586209665444904 0.055743970154512934
0 0.7369629483345083 0.9664835177781306 0.04061343695544073 0.06703296444373852
0 0.8055015701011379 0.11485155732847352 0.07871740853225118 0.09368049416290447
0 0.9119274394402613 0.4978774215409629 0.05689722266451103 0.09634535750896067
0 0.49007353384087615 0.8498382723946762 0.05194568465061966 0.09955550256633539
0 0.3952994063731551 0.15418102393042213 0.08463492113556037 0.09211646395088709
0 0.36204734557839025 0.4248020340478255 0.09166938411714648 0.11207359179531029
0 0.9506910118502053 0.40661111464552885 0.05428513322973583 0.0937332680741857
0 0.4841471768804325 0.5649577800917812 0.10173662941160777 0.11942027606601635
0 0.6805537382335858 0.46551217446869425 0.08877146034889194 0.1071352472592394
0 0.8595727569772125 0.39226662406028 0.06610696495853396 0.09671327647577965
0 0.36474736717934025 0.3259559824594874 0.08790076387063361 0.10626455078098102
0 0.7400498568550515 0.3720705882608232 0.08345200336818215 0.10113565002259067
0 0.6114373810935182 0.1760158286302509 0.08666214842555653 0.09618411200869956
0 0.3877183093838642 0.8372615617215847 0.050789153838881995 0.09635855098678103
0 0.868311956248272 0.30833088419131405 0.06805210761519065 0.09389743734086475
0 0.9802889853168748 0.41468044337205234 0.03942202936625028 0.08831853298231601
0 0.441609063633259 0.33461309709720755 0.09022701897192936 0.10655038511446041
0 0.9515690542734485 0.5019611868430133 0.05127873787250126 0.09412757399664518
0 0.7596449863233725 0.7058581353686276 0.0797390807993682 0.1144262338522466
0 0.9143606677183875 0.3179246626963941 0.06563057440273512 0.0928361846402867
0 0.8146058376304799 0.48277070606643563 0.07403851137401896 0.10532496314720341
0 0.9543965884740343 0.3252053795779986 0.06379390333505874 0.0903193733166715
0 0.3984905834777549 0.6599076988339707 0.09766898135379526 0.11739304877602019
0 0.5178858979423989 0.34162409688957074 0.09497480728568064 0.10789747214851775
0 0.5870008297281983 0.8617480362896492 0.048462898737586246 0.09607271665330164
0 0.5910464399510562 0.5725829527509816 0.10009051456625062 0.11845430147659808
0 0.8654023374143467 0.4921607348713756 0.06580793714723443 0.10049509020011282
0 0.6684314533392197 0.6922890631504772 0.0933023054846831 0.1191476352103572
0 0.4414390468337447 0.43849277133277625 0.09651245054205743 0.11419609719646606
0 0.6713234565167574 0.36126458126630673 0.0890704881601917 0.10335343353490634
0 0.3103538354185056 0.8198842888234606 0.05175512842830021 0.09800466583213807
0 0.7138836075988856 0.87969990162115 0.04322552639021571 0.09695660660938044
0 0.3226989840815485 0.9308116195184359 0.04857137032656644 0.09074006619477137
0 0.8718064372269763 0.12614714835660934 0.07591476287515642 0.08951756799393229
0 0.5938768979180595 0.3509613517832296 0.09071660300554862 0.10431940812432439
0 0.5994338374995348 0.4594803427435695 0.09361452677380311 0.10925775266039528
0 0.7522865339291143 0.47747471227494853 0.08160213882268519 0.10472690752460428
0 0.38462825792325905 0.24102788104546277 0.08644520524759619 0.10684941292576006
0 0.9645679562367899 0.6011619639203498 0.0515513787281604 0.10256189792356973
0 0.6940686111861868 0.5797317348543831 0.08991479768280941 0.11644026766442239
0 0.482426323346721 0.6686468981050304 0.08972424146048974 0.11488943093022519
0 0.31599720875400633 0.645835849104381 0.09156091252816634 0.11740624225384044
0 0.5258380568385705 0.853445647140928 0.04884401118222548 0.09917439012169627
0 0.7821672772241248 0.5866210695799459 0.08081352697776645 0.11073969823907326
0 0.5610294127571566 0.675943732230873 0.09670300676437704 0.11574693393066326
0 0.6542922108662601 0.964151040540962 0.046340393336430474 0.07169791891807598
0 0.295748325985387 0.3237748556142149 0.08595562121397704 0.10908038991589597
0 0.46798498318028137 0.15838937806569064 0.0855056176138187 0.09298716042914545
0 0.9081382797709434 0.4005954001646421 0.06203931690072162 0.09468604918578355
0 0.9178522979885556 0.59699611398496 0.057074585409010004 0.10400426306878674
0 0.31892144642002 0.2376770299106323 0.0820917228563044 0.1024959305344682
0 0.8879452407957857 0.891641900004599 0.032083834917356446 0.0932964579518476
0 0.4226121359032999 0.841549076723775 0.051265544394680895 0.10023564282227371
0 0.8047086091355329 0.38395104143373804 0.07473184510777797 0.09853675406563589
0 0.7596332912577017 0.8853213101795774 0.04061343695544084 0.09434451717460546
0 0.790554747830485 0.8899078529930671 0.038096625631825365 0.09250784610692886
0 0.3608029556583589 0.9410034536461152 0.04605455900295097 0.08890339512709522
0 0.8593148080115232 0.5929519291163705 0.06967183550490719 0.10707954958154053
0 0.5366981900407551 0.1628967600122589 0.08647159220323691 0.09463327527450247
0 0.3489341975511149 0.8261990311156471 0.05020429169410301 0.09781410960981851
0 0.9065552816061515 0.8939285746724338 0.03179800058387705 0.0909702028505519
0 0.6813160361807453 0.8756982209524389 0.04477636312441302 0.0971471628317001
0 0.27907180582388835 0.9207282569797367 0.04836762062642652 0.09529729828620348
0 0.5195657456883814 0.44966669729411163 0.0994235677881321 0.11302637290690798
0 0.6239350770154507 0.8686476407266148 0.04623192174745028 0.09656230068692107
0 0.9705573879718158 0.14347164734345216 0.058885224056368424 0.09370688111854514
0 0.5614457565145707 0.96117213768401 0.046925255481209516 0.07765572463198
0 0.9933435484289742 0.1577311295289439 0.01331290314205158 0.08908075787159425
0 0.8359218206325124 0.7128691351609908 0.0728687870844611 0.10823608039327826
0 0.7074017722736026 0.9663464664086966 0.04227274527861802 0.06730706718260682
0 0.9225532329817423 0.898255670108085 0.030342441960839572 0.09155506499533084
0 0.9495960993068833 0.7166040225068782 0.04796012122614668 0.10441176246906647
0 0.2703179146628589 0.8126035719418563 0.05039484791642268 0.09936494634401571
0 0.8692399218742601 0.8901306437038627 0.0335393935403937 0.09271159580706856
0 0.840093591158619 0.9737616672318844 0.03480439594111151 0.052476665536231204
0 0.2513090726935851 0.24983454611777337 0.08304450396790233 0.110250114205454
0 0.6179428257237868 0.9617181503369324 0.04624511522527075 0.07656369932613516
0 0.23836009393298874 0.637083456355501 0.08777909880383339 0.11770527006514009
0 0.8993023770344558 0.7159341519623419 0.0607479275443632 0.10903788571601736
0 0.23698811835544054 0.8148052382099338 0.04836762062642652 0.09529729828620337
0 0.8921418998653836 0.9772426166586716 0.03141688813923815 0.04551476668265675
0 0.24600145689430858 0.9080064180506218 0.046327199858610196 0.09733771905401944
0 0.9288883685809712 0.12922535863578072 0.06063653218896525 0.0708386360280473
0 0.8265009096354831 0.19378298527226712 0.07186030829516432 0.08138227187830738
0 0.4607145360100795 0.24958971757202306 0.08761492953715416 0.10393829567968532
