0 0.7217391304347825 0.8984375 0.0634782608695652 0.09635416666666674
0 0.7878260869565217 0.9010416666666667 0.05739130434782613 0.10590277777777779
0 0.8956521739130435 0.8741319444444444 0.03913043478260869 0.09982638888888884
0 0.8991304347826087 0.78125 0.03826086956521735 0.08767361111111116
0 0.8069565217391304 0.78125 0.05217391304347829 0.09461805555555558
0 0.8278260869565217 0.014756944444444444 0.04695652173913045 0.029513888888888888
0 0.8808695652173913 0.026041666666666668 0.04434782608695653 0.052083333333333336
0 0.9139130434782609 0.036458333333333336 0.037391304347826004 0.07291666666666667
0 0.1973913043478261 0.7161458333333333 0.0773913043478261 0.11197916666666663
0 0.13043478260869565 0.7204861111111112 0.06521739130434782 0.109375
0 0.2782608695652174 0.7213541666666667 0.07739130434782607 0.10590277777777779
0 0.6478260869565218 0.8845486111111112 0.08347826086956511 0.11111111111111105
0 0.3582608695652174 0.7317708333333333 0.08782608695652178 0.11197916666666663
0 0.4426086956521739 0.7439236111111112 0.08608695652173914 0.11197916666666663
0 0.528695652173913 0.7560763888888888 0.08956521739130435 0.11284722222222221
0 0.8426086956521739 0.8880208333333334 0.060869565217391286 0.1015625
0 0.6086956521739131 0.765625 0.07913043478260862 0.11111111111111116
0 0.06782608695652172 0.7178819444444444 0.0634782608695652 0.109375
0 0.7495652173913043 0.7795138888888888 0.06869565217391305 0.10416666666666663
0 0.9339130434782609 0.7760416666666667 0.040000000000000036 0.09288194444444442
0 0.6808695652173913 0.7751736111111112 0.0678260869565217 0.10763888888888895
0 0.8547826086956521 0.7795138888888888 0.04869565217391303 0.09809027777777779
0 0.9339130434782608 0.8628472222222222 0.05130434782608695 0.09375
