0 0.7900996709181058 0.937221471915 0.02913333884901459 0.08704758648554378
0 0.7625609624047823 0.9405789789858336 0.03307284614921868 0.08801713236848985
0 0.7326434124760941 0.944603291234771 0.03429292874111056 0.08106982106292282
0 0.7021347425455124 0.9446880961835041 0.03611849274268708 0.08660783683607165
0 0.6693986015519875 0.942318374540662 0.039277667100471425 0.08753954013091259
0 0.6364732476179361 0.9438503176099189 0.03920198192426083 0.08597887424607287
0 0.5631219510304779 0.9402931143280218 0.040095842630996525 0.08835771566143769
0 0.5249991646162252 0.9360978286836033 0.04080049039720568 0.0868348923647031
0 0.48590683231902615 0.9357663651631782 0.04258821181067696 0.09159257519543262
0 0.44751914778803636 0.9370334101156981 0.04317933181257022 0.08772875307143913
0 0.40694183478220836 0.9350655955342232 0.03942903745289256 0.09066087190059169
0 0.33199202972180536 0.932213040018535 0.03771700121563193 0.08746385495470199
0 0.29583181625375893 0.9359346115626301 0.038459491569946436 0.08672136460038782
0 0.22842044250081656 0.9389228125249333 0.035451687564583306 0.08891099307522565
0 0.19642679186160603 0.9373712664126165 0.03626986309510821 0.08972916860575064
0 0.16584243675481394 0.9390167372461891 0.03217898544248293 0.08563829095312536
0 0.14243244848222092 0.9378814596030303 0.03229251320679882 0.08797928978038472
0 0.09315794534545963 0.9378383753796565 0.028315163318489392 0.08622941095501857
0 0.07425510319465004 0.924406983598308 0.026754497433649826 0.08615372577880787
0 0.05259499374742302 0.919445726419261 0.024527026370706417 0.08838119684175183
0 0.03394268830555913 0.9169768384198945 0.02226171271965771 0.08982833496227527
0 0.01766922427905987 0.913841145242424 0.01980718612808252 0.08737380837070019
0 0.006411088306668089 0.9107054520649538 0.012822176613336178 0.08596451283828166
0 0.007675565530751105 0.8052848196620744 0.01535113106150221 0.09209364861332392
0 0.09451640037999606 0.8291828834427822 0.02620122001986186 0.09079788084522167
0 0.11796423124069441 0.8295378281435212 0.03092106026248581 0.09180526931627297
0 0.05471942031658791 0.8272529114494125 0.02315557342639335 0.09220717637763987
0 0.03574089298956776 0.8153821855529035 0.022299555307763008 0.09060866790469502
0 0.019580956727384385 0.8099054935481738 0.019845028716187818 0.08815414131311972
0 0.2678259987733953 0.8360232721173171 0.036307705683213565 0.0905095015481705
0 0.5293654236561247 0.8299347059264095 0.044186720283621805 0.09244859331406274
0 0.7997155664341036 0.8195804105501415 0.029322551789541018 0.09094925119764263
0 0.7707297198002561 0.820521233617505 0.0338531790916381 0.08805497495659509
0 0.7070451592266777 0.8111754778535131 0.044815682873620366 0.08936510413248899
0 0.09442132451751561 0.42792601927880886 0.049686893468665394 0.09349382437321963
0 0.12691353393537827 0.2417813907412232 0.05499785371318272 0.09063739072027771
0 0.22913714939236796 0.24673876978301618 0.06833919891052931 0.09284138060290714
0 0.0725068002240889 0.33143875230801734 0.04871734758571933 0.08955431707301559
0 0.3040240548295469 0.8315213676308022 0.04036074074773355 0.09382004625837603
0 0.051963728874975246 0.23892883522553515 0.04849029205708755 0.08487231941849693
0 0.17373351048056437 0.24405194602754055 0.06291471090169626 0.09335681542858987
0 0.4693048441249214 0.24587111725262387 0.08421075587566185 0.09906056296195126
0 0.16395712483962294 0.33274500334665713 0.05897520360149211 0.09238726954564364
0 0.29238196031647445 0.2490236864771249 0.07480891797851924 0.09782611896226806
0 0.7213314179854319 0.45207095398799857 0.0814678499870356 0.10671252203372789
0 0.6487226117522882 0.4493319262366264 0.08377100622618949 0.1060457168556238
0 0.3278922446534475 0.43611962135261145 0.08120295187029847 0.10125019143678937
0 0.33301650659667753 0.653028698164993 0.07935390668840803 0.1112809919239306
0 0.4276950856129232 0.8296971671272405 0.04515626616656798 0.09638810061426728
0 0.7306302113887959 0.35709739054141854 0.07644526903956927 0.09946247002331815
0 0.28517362903142407 0.3331482739060387 0.0755135657447284 0.09630329566553375
0 0.7946931978434274 0.3586398168812128 0.0727706598561022 0.10395525473731032
0 0.08711655387197006 0.23985141874785343 0.04782348687898369 0.08717547565765094
0 0.03798293781709261 0.33367534314348335 0.0407248052209952 0.08527422647986388
0 0.053881854099793014 0.42517787175491406 0.04411103510741121 0.0908879274292233
0 0.5849350066849309 0.3453388289112108 0.0817940718721919 0.09738636931279593
0 0.6612941072777524 0.3513884013727885 0.07945307304493254 0.09727284154848004
0 0.35243363243194525 0.3332814047134146 0.07949091563303784 0.09805317449089979
0 0.14408725144510645 0.5327986159031688 0.0634445071351703 0.10428147662246656
0 0.14124130106270172 0.4301965745651263 0.05838408359959879 0.09625109166963725
0 0.035610489178221294 0.6245268365452163 0.04854249605298411 0.10200180156362648
0 0.5629826398033989 0.24963189488283893 0.08432428363997757 0.10140156178921067
0 0.5258449118211082 0.5638268111534772 0.09246819635712289 0.10880298415204148
0 0.23480808361610264 0.6459195332364673 0.07611904715441303 0.10878862274425016
0 0.628598323511572 0.5578595290013935 0.09109674341280982 0.11262896368792974
0 0.512439728216103 0.3402588023325792 0.08569573658429075 0.09757558225332236
0 0.31393493477587886 0.5465106307070604 0.08083888739703693 0.10979601121530147
0 0.3685541502512185 0.936332640486743 0.039353352276682074 0.08910020601575197
0 0.25520775324409317 0.4349412594860789 0.07410427021230998 0.09934894225900237
0 0.40967583325510204 0.44321442487334595 0.08439996881618828 0.10296222767405006
0 0.6414178411067426 0.2612573257056709 0.0836196358737683 0.10292438508594484
0 0.5442975210519083 0.6671857042536254 0.09328637188764788 0.10962115968256647
0 0.3699376623208738 0.2465274391601905 0.08175622928408655 0.09660603637037612
0 0.7830978533341928 0.2751676732226116 0.07321040950557445 0.09697010084363772
0 0.5661545997141697 0.8293723087400988 0.047459422405721985 0.09572129543616326
0 0.7265183671950959 0.5547865230903568 0.08711939352450038 0.1108790848625637
0 0.11468262170286167 0.3327019191232832 0.05581602924370771 0.0914555662508027
0 0.19363713596914203 0.4303910291409214 0.06403562713706362 0.10041765449847312
0 0.4175300031771816 0.5554453596371628 0.09347558482817447 0.11352282439466527
0 0.4312472596163419 0.33710350611204887 0.08339258034513675 0.09824238743142627
0 0.5689394386849453 0.4493736469619856 0.08693018058397395 0.10697742015046485
0 0.3414800360656957 0.8333378118598561 0.0450805809903575 0.09482743472942734
0 0.21580219697151454 0.537840799893695 0.0744070109171523 0.10559160579836036
0 0.21939860633953176 0.334651494159713 0.0684527266748452 0.09518237943016639
0 0.7214893934711365 0.2713977758198739 0.07633174127525355 0.09712147119605885
0 0.1483046547718242 0.6393780071295208 0.06902036549642454 0.10688737356646294
0 0.23594587589850052 0.832130727177741 0.03642123344752948 0.09285050037542986
0 0.02496760214811214 0.8117310575497503 0.025269516725020924 0.0876387064874371
0 0.7925687712742626 0.45083263185106137 0.08114162810187941 0.11603867475465984
0 0.46994659226790647 0.8293996680576667 0.04430024804793775 0.09478959214132221
0 0.20313404972876506 0.8313216714197385 0.0341180772083754 0.09351730555353366
0 0.6500965793358405 0.6629304583388025 0.08723292128881632 0.11322008368982295
0 0.8044146524924429 0.5452672792916446 0.0803234525713542 0.11522049922413469
0 0.4365358898217697 0.663524092979935 0.09418023259438368 0.11200000109793096
0 0.03521906538739175 0.5196973241442305 0.04597444169709314 0.0972062761447921
0 0.0826301619344712 0.5259073867307521 0.053891298885606606 0.09992570085310426
0 0.17114039908955456 0.8297701253074217 0.03415591979648064 0.09429763849595352
0 0.3813527013053145 0.8337071179683865 0.04207277698499423 0.09701706320426573
0 0.7356448237049639 0.656910972190822 0.08571009799208196 0.11392473145603221
0 0.07582625235002693 0.8274943283858356 0.027019395550386904 0.09161605637574655
0 0.1452758842253863 0.8308623187272064 0.030958902850590997 0.09258560225869272
0 0.621761812974291 0.8117326334045551 0.04589875652088249 0.09564561025995244
0 0.08766574079171405 0.6317442876027897 0.05392914147371193 0.10070603379552401
0 0.8049952892237989 0.6461951269805317 0.0772778059778858 0.1166297947565531
0 0.26064114866865884 0.9357923609827314 0.03533815980026736 0.08656999424796619
0 0.5989415812055767 0.9435945392657048 0.04013368521910177 0.08913804860385721
0 0.1190224602096279 0.9367461819598717 0.030027199555750117 0.08942642790090838
0 0.6571416934999177 0.8079732192723549 0.043595600281728486 0.09631241543805635
0 0.4846634809036104 0.4452866474466143 0.08599847728913301 0.10381824579268045
