0 0.04254713650357336 0.9637192433040582 0.018786122260790517 0.07256151339188366
0 0.06227017822988906 0.9642398731042771 0.02520496902456726 0.07152025379144589
0 0.07878379657431644 0.964917234962723 0.02676490012744659 0.07016553007455406
0 0.10773208315371338 0.963654030719738 0.030153445861594463 0.07269193856052403
0 0.1270520995874453 0.9622919175234549 0.03153425461221426 0.07541616495309023
0 0.16475912958493788 0.9635122994761521 0.03465411681797281 0.07297540104769573
0 0.18880371991537256 0.9616706423280195 0.03309418571509354 0.07665871534396107
0 0.23243701020792829 0.9603496149801056 0.03768441784760165 0.07930077003978864
0 0.26129573561119557 0.9598887665825928 0.039154787774351385 0.08022246683481438
0 0.3152924810127912 0.9598813771032015 0.04071471887723066 0.08023724579359703
0 0.350256589063381 0.9580266774382048 0.0453049510097388 0.0839466451235904
0 0.41067218122875343 0.9579073364886513 0.04254333350849915 0.08418532702269732
0 0.44935699468428203 0.9536486552595986 0.042274649980110046 0.08638574778259656
0 0.5109742732480147 0.9501109888024735 0.04668575976035855 0.08197463800234794
0 0.5508420775475669 0.9493871099140442 0.04044603534884128 0.0816163932978291
0 0.5991999417368254 0.9466107134540218 0.04410326461137848 0.09115510226736434
0 0.6374182537573684 0.9444164646388431 0.04098340240561993 0.09097597991510487
0 0.6740766346750322 0.9423117769997937 0.03924434895048112 0.0877665565332163
0 0.7082607771741825 0.9380015344706203 0.04071471887723066 0.08629618660646698
0 0.7406610856301288 0.9298810253603784 0.03603492556859278 0.0860275030780775
0 0.7732405164383348 0.924880378455895 0.032825502186704325 0.0842884496229388
0 0.8008714704095137 0.9154686217711632 0.03291506336283412 0.08584838072581802
0 0.8320700924670998 0.9136773982485681 0.033094185715093594 0.08896824293157679
0 0.0412524160452461 0.8784797792196777 0.025652774905216003 0.09476016146244548
0 0.05700476439257057 0.8666198691501602 0.023465915569428453 0.08375108256616026
0 0.07351838273699796 0.8680193734551169 0.024092843802336672 0.09467060028631558
0 0.08994243990529555 0.8678589466571941 0.022532912699457452 0.09458103911018578
0 0.10866161313984724 0.8667842125436371 0.028772637110974664 0.09493928381470462
0 0.13108279622500096 0.8756699082465361 0.030511690566113456 0.09814870719659319
0 0.15452654335625546 0.8751064561560294 0.028593514758715133 0.09181942160894607
0 0.1888898082076651 0.8739160758326148 0.038311346080509984 0.09859651307724204
0 0.21756941125867285 0.8691393318684555 0.03648273144924141 0.09382715859247392
0 0.2612474821392935 0.8666316189368226 0.03969215483112981 0.09556621204761306
0 0.294651659087004 0.8623661569957142 0.04134164711013888 0.09721570432662219
0 0.35098830114291857 0.8622618168608016 0.04419282578750816 0.09271503337024367
0 0.388068402907503 0.8538726242221704 0.04419282578750816 0.09271503337024378
0 0.4505999887868699 0.8526300738312993 0.04299113938914784 0.09886519660563098
0 0.491158197461732 0.8503014832519258 0.04281201703688853 0.09574533439987232
0 0.5519955104740251 0.8468085973828656 0.04455107049202722 0.09895475778176088
0 0.5933336847003268 0.8444352262154271 0.04116252475787929 0.09409584212086342
0 0.6295890403254065 0.8353108486134212 0.041252085934009086 0.09565577322374286
0 0.66702738679451 0.8331613803863072 0.0447301928442867 0.10207461998751965
0 0.7063578240372836 0.823077914880602 0.0447301928442867 0.10207461998751954
0 0.7402098068656429 0.82661210845389 0.041252085934008975 0.09565577322374275
0 0.04235759549980225 0.6796520397449675 0.04655880747555524 0.10684397447228722
0 0.09318969810757444 0.6790811981750697 0.05252984835868324 0.10252242586816818
0 0.15516522137582614 0.6817832561294618 0.0635389272549682 0.10470928520395595
0 0.23068753810127798 0.6750996424328499 0.07316719740063332 0.10992644556937226
0 0.3190027677662184 0.6731592981872777 0.08234766166564961 0.10734395042039213
0 0.4010334924315767 0.6707972330947847 0.09041600070843536 0.11247154960967876
0 0.4931142080895208 0.6662930892545692 0.09326717938580481 0.10797087865330046
0 0.601439858563503 0.6585086564106721 0.09326717938580487 0.10797087865330035
0 0.6967486931576723 0.6420811263585373 0.08591532975205707 0.11532272828704826
0 0.778913759587225 0.6420589579203634 0.0827059063701685 0.11358367483190945
0 0.030494212546447547 0.5684304300055512 0.03996083835951908 0.10024600535625083
0 0.0783407947126557 0.5703786074422317 0.054179340637692364 0.10417191814717741
0 0.13775251838626404 0.5693151794036202 0.06188943497595907 0.10305979292494682
0 0.21202836812529072 0.5681808857432156 0.0761079372541324 0.10698570571587318
0 0.30350824058405457 0.5668413846968234 0.08747526085493629 0.11541228946317794
0 0.4043029190720294 0.5641845510422132 0.09491667166481382 0.10962037093230947
0 0.51454674535341 0.5625502814337037 0.09179680945905533 0.10944124858005
0 0.620263815644684 0.5502203970453634 0.09665572511995268 0.11282979431419782
0 0.7167556410828768 0.5407677763681207 0.08720657732654713 0.11073249615453995
0 0.7975398987618099 0.5439550313118351 0.0744210538664497 0.1317654810096825
0 0.019795124882779597 0.4774879246035657 0.03006388468546467 0.09034905168219659
0 0.04695957741897286 0.4735807073669761 0.04557363453812796 0.08968473234061469
0 0.08591307440289067 0.4705617124122927 0.04878305792001643 0.09142378579575361
0 0.13289012984152945 0.4709947393341588 0.05859045041794103 0.09976080836692858
0 0.1880885616414854 0.4646954553757941 0.07124902159323498 0.10359715998172525
0 0.2528257024109767 0.4609786665664095 0.0774887460047522 0.10395540468624431
0 0.32132832917347165 0.45469807816238145 0.07913823828376126 0.10560489696525333
0 0.39959356784582634 0.4548998126645319 0.09125944240227674 0.10008166196277413
0 0.4822699162984297 0.450153070329655 0.08969951129939735 0.09999210078664439
0 0.5624272457444546 0.44242080755321433 0.08849782490103708 0.10614226402203175
0 0.6410246440876002 0.43477810595290345 0.0883187025487776 0.10302240181627326
0 0.7159461176138717 0.43125913505011493 0.08270590637016861 0.1135836748319094
0 0.7869677633829453 0.427964067087651 0.07619749843026202 0.10854563681875251
0 0.02318019773309027 0.3865193341678522 0.03915478777435133 0.08620662543033714
0 0.05627091056434663 0.376794113366666 0.04869349674388668 0.08986385469287428
0 0.09760908479064831 0.3744207421992276 0.05337329005252461 0.09013253822126344
0 0.1458326072157122 0.36930444908488647 0.06108338439079136 0.08902041299903302
0 0.20185578515517266 0.3637403500898964 0.06411368542042031 0.0876396042484131
0 0.2640739069180855 0.3570380408389478 0.07557057019735389 0.09762611909859731
0 0.33739066875341306 0.3528286655608496 0.08181029460887118 0.09798436380311637
0 0.4129129854788649 0.3461450518642377 0.08537796269527853 0.10596314166977239
0 0.4923799105495799 0.3400175007787411 0.08657964909363891 0.09981297843438475
0 0.5697308419063003 0.33792411921463744 0.08337022571175046 0.09807392497924605
0 0.6440962528214567 0.3383497566571122 0.08181029460887113 0.09798436380311631
0 0.7145170553913499 0.3382193314884717 0.08354934806400993 0.10119378718500466
0 0.7776494844698971 0.3338121383037772 0.07427932262286396 0.10221635123110545
0 0.02357975014183694 0.29806976273871716 0.045484073361998334 0.08812480123773547
0 0.054644030435228474 0.29393864256180313 0.04815612968710814 0.08050426807559846
0 0.09359752741914629 0.29091964760711975 0.054843659979274095 0.08866216829451395
0 0.1401267769771363 0.2835530190145893 0.06558405534716975 0.08616923432166362
0 0.1947243655779121 0.2804183778500481 0.06870391755292843 0.08634835667392321
0 0.25446824892231135 0.27151051370897505 0.0689726010813177 0.09102814998256104
0 0.3207205402066171 0.26692419817202107 0.07374195556608543 0.09285676461382963
0 0.3936790573374257 0.2564750984824056 0.0799816799776027 0.09321500931834864
0 0.4708508663418865 0.25126185471254325 0.07833218769859351 0.09156551703933952
0 0.5468657695360519 0.2531578620817675 0.0830119810072314 0.09183420056772879
0 0.621697681886194 0.24807896007609997 0.0774887460047522 0.10395540468624431
0 0.6900024907420925 0.2519827044288524 0.0819894169611306 0.10110422600887486
0 0.758729020444912 0.2496019437820226 0.07548100902122412 0.09606618799571798
0 0.009733662759629863 0.20757506321738048 0.019467325519259726 0.09493928381470479
0 0.02821128997857278 0.20155185226679626 0.04437194813976769 0.09583489557600228
0 0.058495604720524674 0.19746551267794718 0.04758137152165609 0.09757394903114108
0 0.09992334012295612 0.1966520726133881 0.0538210959331733 0.09793219373566003
0 0.14415747361469203 0.19019975133649192 0.053731534757043564 0.09637226263278079
0 0.19554563883357945 0.1856843014213309 0.06639010593233755 0.10020861424757735
0 0.25399827460348867 0.18154579176502558 0.0707116545364565 0.09423757336444932
0 0.3202057852997295 0.1761795106766319 0.07383151674221511 0.09441669571670888
0 0.3885292897099649 0.16677906006684529 0.07650357306732491 0.08679616255457193
0 0.4628051394489916 0.1656447664064408 0.0798025576253431 0.09009514711258998
0 0.535476277497074 0.16382006837072635 0.0785113100508531 0.09468537924509822
0 0.6735749606899579 0.1566738698346831 0.07713050130023325 0.09771568027472703
0 0.7401854966787824 0.1583272787092463 0.06630054475620784 0.09864868314469807
0 0.6048932115752034 0.15983459603295244 0.08163117225661165 0.09486450159735765
