0 0.9670625929353673 0.4919114336566193 0.05578756432502663 0.09987571321931721
0 0.9322225996927458 0.49668082947570186 0.05794618951046804 0.10397940379715387
0 0.949797269989237 0.2945091649414945 0.041564128812887624 0.09083911875356551
0 0.8262033855224429 0.01781046900030503 0.05768257799320742 0.03562093800061006
0 0.9475315029574201 0.8850595430738409 0.03860131617947504 0.09111808177414482
0 0.9242637972278702 0.8879819783418279 0.04412484772231484 0.09275148253219412
0 0.8440619720843392 0.8960355257874573 0.046841398948914814 0.0909295478432055
0 0.2647491895757407 0.9544025287337049 0.04767061225899316 0.0911949425325902
0 0.2942138078410358 0.9606417375727909 0.049492546947981886 0.07871652485441805
0 0.27440711470305473 0.8809411383463976 0.04828626577602513 0.10469316215548508
0 0.2457139822719645 0.8696978655781193 0.050198629554653706 0.10725388106491218
0 0.30424880083022854 0.8745960692451389 0.040423250868463656 0.08840153054754474
0 0.33575658932921815 0.8687762245712721 0.047087660355727534 0.09247251951161517
0 0.8613800692615172 0.01970790125818314 0.052897830670806 0.03941580251636628
0 0.7210757467060619 0.30886172697842623 0.08433254019060343 0.1044315492453537
0 0.57220368788979 0.034144556250014085 0.07900521833036223 0.06828911250002817
0 0.43808828344156436 0.05260361938875954 0.08181219864660205 0.07921877812340866
0 0.6330279380885613 0.02871045449324977 0.07437630332513356 0.05742090898649954
0 0.7838123606834619 0.3004311116709183 0.07291608499470459 0.09885029022664027
0 0.8130904436249466 0.394650488285201 0.07877630703399718 0.10730393278912637
0 0.3721425954239388 0.060755271675688276 0.08335517031501172 0.07946503953022131
0 0.30786300977812925 0.06943214839000905 0.07989983486797347 0.0766580592139815
0 0.8813562662897172 0.2919831462529626 0.06174589120561835 0.0948120028763364
0 0.5052075510173806 0.041891248192403696 0.0827068151842133 0.08011339466101974
0 0.6534312547028539 0.3212402005465981 0.08997920243684976 0.10683643583760793
0 0.5079404097778674 0.9512634841410526 0.053013285622553086 0.0919145934704565
0 0.9503168172720984 0.38698936020476893 0.054154163566977 0.09435218167647741
0 0.35270761168016185 0.3652806150006596 0.0998526859643391 0.11217143344950853
0 0.3684683417161797 0.4640308017788716 0.10201131114978051 0.1162751240273453
0 0.445986317246877 0.45403218894084707 0.10111669461216932 0.11538050748973405
0 0.6853027581675322 0.411881111010436 0.09148947249149275 0.11158848154624296
0 0.6907335433367471 0.027503174017728477 0.07227540561556567 0.05500634803545695
0 0.5144296382303818 0.8481710211298505 0.051437612340377026 0.09617411636546613
0 0.2471618902827642 0.08070244562752335 0.07795476947557836 0.07860312460637658
0 0.2783660085759237 0.3803102365678984 0.0905948559538817 0.11069386500863176
0 0.9201441177930025 0.2921216284596879 0.05532774312516742 0.0922839855806758
0 0.5063237217765533 0.34630113656562805 0.0988349387233215 0.11050533107769256
0 0.8691299465013165 0.3888710209767601 0.06813133767230306 0.1018458044738193
0 0.37765509135457376 0.5662036223903557 0.10031250716419815 0.11976316108814988
0 0.4472719918962687 0.955842478712207 0.05005047298914034 0.08831504257558609
0 0.4270165131706337 0.3550030391420558 0.09497750955229761 0.10988967756066059
0 0.4785718977467426 0.8515205759839299 0.05041986509935947 0.09450801399365016
0 0.19278848977821045 0.08700713736335627 0.07536134895238467 0.08119654512957025
0 0.29570241189411745 0.47406211623066263 0.09290931345649592 0.11106325711885101
0 0.4415405777049133 0.8574308497474368 0.05131448163697061 0.09540263053126141
0 0.8328894610112683 0.5038320846320608 0.08053283849545301 0.11359895016617111
0 0.7422672619112947 0.026603720300723166 0.06554559290076889 0.05320744060144633
0 0.581929333528622 0.33423432763180183 0.09420602371809284 0.10976654685725423
0 0.7501075682407338 0.4015381319242993 0.07775855979297952 0.1056378304173104
0 0.9813344002414475 0.7696963856945547 0.03613102635968768 0.09448298813154343
0 0.5277638156725839 0.4409803343797698 0.10022207807455819 0.1144858909521227
0 0.22574346238829496 0.48680998190905367 0.08750891261706262 0.11020134219500632
0 0.7850356732890104 0.02743819077276377 0.05921787390995781 0.05487638154552754
0 0.6053144928170475 0.42622967583311006 0.09648777960694066 0.11464172326929567
0 0.8669659628482005 0.7966523353817657 0.043476492591516425 0.09339983766299276
0 0.8868607677918365 0.4999649811022486 0.07078248567137013 0.10903543838847518
0 0.5559667425740337 0.8407504773117006 0.05371936822922496 0.10104929277750752
0 0.8398518635598318 0.29465164436247737 0.06674419832106615 0.09786524459938917
0 0.7399113844666938 0.9126581707473198 0.04943481947210837 0.08833612732001184
0 0.96527567714413 0.882227536895494 0.04144099810948132 0.09006763291936082
0 0.6270338684105135 0.8349459841411528 0.05168387374718986 0.09771708803387591
0 0.45825901022209004 0.5557124867387053 0.10022207807455819 0.11448589095212286
0 0.7695044919030698 0.5131573164771799 0.08219894086726898 0.11461669740718877
0 0.9146149091056321 0.3863583551844182 0.05850411555162671 0.09805377853032837
0 0.5430593660410682 0.9432850142817444 0.05057569741653234 0.09077371552603264
0 0.9209699712425352 0.7880331861433184 0.03974219412389912 0.09355566998016562
0 0.9892179957660016 0.7673569023298332 0.021564008467996887 0.09281688575972713
0 0.36191602732011713 0.960716735489898 0.049525248561748225 0.078566529020204
0 0.5429993212812096 0.5413966235297978 0.10018937646079185 0.1189916752539451
0 0.5943852019670999 0.8385745020158114 0.05245535958139458 0.09784021873728199
0 0.8106474969512516 0.805640876730432 0.04628347290775625 0.09685517311003089
0 0.8086967544143258 0.9024710239783561 0.04557739030108454 0.08772047380297998
0 0.40934605531682816 0.958697092162964 0.0491558564515292 0.0826058156740721
0 0.66934245858837 0.8274023096195965 0.05180700445059616 0.09848857386808052
0 0.9996864444760277 0.768012933212291 0.0006271110479445507 0.09423672672473038
0 0.6079546052039098 0.9384655667384475 0.04866333363790376 0.08821299661660542
0 0.3709332730682923 0.871073331963439 0.04822853830015161 0.09491010771763575
0 0.2978553599350284 0.5718195816299643 0.09259764882215038 0.11853185405408606
0 0.7073915258712172 0.822911876821093 0.05233222887798816 0.09706873290307738
0 0.7778373210461346 0.9073962521146116 0.04622574543188285 0.08707211867218168
0 0.8384209869826236 0.8012081714078021 0.043969015405141865 0.09648578099981175
0 0.696771263694774 0.5184365852203359 0.09275348113932314 0.11479755558646854
0 0.962941870923939 0.7734230084105129 0.037427736621284624 0.09318627786994638
0 0.4033683797186597 0.8611497967117354 0.049246285541169055 0.09657621008945183
0 0.8999783442573028 0.8894845726448116 0.04042325086846399 0.08840153054754474
0 0.9960007784464917 0.8758574419321283 0.007998443107016584 0.09074868966392557
0 0.6246536890035101 0.5275732831345157 0.09327870556671514 0.11337771462146534
0 0.9869973852462887 0.8786894481104752 0.026005229507422678 0.08932884869892221
0 0.7759306344120362 0.8111817583837196 0.04847479970696422 0.09645307938604541
0 0.639248833909853 0.9263507046875361 0.048786464341309954 0.08898448245081036
0 0.7379719962188293 0.821195722725063 0.04437110912912767 0.0942944542006039
0 0.6997941210880452 0.9190609673244522 0.04557739030108454 0.08772047380297998
0 0.8877960803717296 0.7933278063897933 0.04116203508890215 0.09303044555277351
0 0.9402571170976548 0.7849549185581587 0.037920259434910064 0.09627222120676548
0 0.892822454532974 0.02142689392647848 0.049811887333987004 0.04285378785295696
0 0.33352688377171325 0.9612198522966623 0.04412484772231484 0.07756029540667542
0 0.9086261978952589 0.7900032773978207 0.03344717674685427 0.0917991385187098
0 0.8745193117285449 0.8935478858572226 0.04184309183346713 0.08787630612015263
