0 0.9603847428423057 0.5952094766966018 0.0538233832026036 0.09812865041642838
0 0.9214287966731027 0.5917755294806335 0.055882663163516644 0.10217236485576375
0 0.9865951777269399 0.3976137672301262 0.026809644546120226 0.09006122590552262
0 0.9340683167501906 0.08096565416717405 0.05896244556054475 0.0664652635370572
0 0.8381564603139352 0.9654426360125248 0.03509358199481993 0.06911472797495055
0 0.8122074972377011 0.9638678140215734 0.04122851054790899 0.07226437195685276
0 0.7232828986575359 0.9590109106106436 0.04450203004359021 0.08197817877871283
0 0.07967452009911224 0.889961998651107 0.0444799382635368 0.09983677386023526
0 0.10872408512197101 0.9077261056653707 0.04682132244331705 0.09687256329327987
0 0.1102595235138859 0.8154458589117939 0.04480495381205385 0.103762766132391
0 0.08207709069722519 0.79774061298112 0.04673422755356039 0.10623608366286397
0 0.14420768577501158 0.8161710442629304 0.03743496617460018 0.08764676945863947
0 0.17982510933882984 0.8177991502356774 0.044632036262997166 0.09125845194508198
0 0.9715721027258648 0.09140752638943322 0.05321753566567644 0.06997922822408509
0 0.7410563921707372 0.3584407740978569 0.08590727483192684 0.10030651050924771
0 0.6514261288593188 0.050725301471301415 0.08263502756670216 0.07119530661170409
0 0.5004801218711774 0.041268671381122696 0.08549643662410977 0.07451268368019809
0 0.7199945762586579 0.054590128620457534 0.07743223432951485 0.07084214011016587
0 0.8111640946533618 0.364778918777486 0.07344240839663874 0.0955564630668359
0 0.8186470856519967 0.46398822508599924 0.07929523273086059 0.10376161411268608
0 0.4269688936734647 0.03561254341819611 0.0872307010365056 0.07122508683639223
0 0.3551269267784441 0.03173685007037877 0.08356716288260368 0.06347370014075754
0 0.9189705924407712 0.3792033403160808 0.06110754818075781 0.09237681253328633
0 0.5759206238103964 0.04638958565342763 0.08642857194001108 0.07535674321821889
0 0.6646187518059135 0.35483139565082467 0.09210720649471893 0.1022889350032381
0 0.3450832505358361 0.9387728132031445 0.051439087693173624 0.09015894370493727
0 0.969225165761971 0.4884224868939603 0.05250122922848177 0.09257340015182036
0 0.3276293391434397 0.32800844186227057 0.10283780851761137 0.10692126027847071
0 0.3193089411014018 0.4285138440294625 0.10489708847852397 0.11096497471780598
0 0.4058271523920836 0.4367555477517273 0.10396495316262289 0.11012091517978506
0 0.6758302840681536 0.451135352475972 0.0933643573591375 0.10705898681341497
0 0.7838373439687868 0.06287184107825222 0.07448373038235045 0.07688828341125653
0 0.37861548566731706 0.8391891840056231 0.04922770973280044 0.09469355118075518
0 0.2864934762694013 0.03074178875114741 0.08116077559312021 0.06148357750229482
0 0.24325750270342794 0.3254397105717932 0.09243222204323609 0.10621492727539406
0 0.9609400456668418 0.3883691210474263 0.05404048431176722 0.09033552695570635
0 0.4988664942027039 0.345159325594052 0.10184067009200648 0.10529200228601854
0 0.8808205920594332 0.47136701692218325 0.06769749850177054 0.09907042775386377
0 0.3029893438744724 0.5308450918076406 0.10262070740844753 0.11471438373919274
0 0.27770695089121195 0.9310408548654222 0.04803556197808556 0.09070869782500934
0 0.41074402471903326 0.33522950279574537 0.09750500906101683 0.10499769686806998
0 0.3389224135113231 0.8341259787972027 0.04823057130719566 0.093064293188303
0 0.22598923116465747 0.028230190514702186 0.0779522592071421 0.05646038102940437
0 0.23792851993820424 0.4214105052631672 0.09503361866183002 0.10639151052616325
0 0.2973000676138231 0.8313006467848965 0.049162706623097074 0.0939083527263237
0 0.8120180406927047 0.575662988865997 0.0806823898146859 0.11010206283172519
0 0.8407430540293325 0.07068266486732916 0.06633243319799864 0.0825812602108088
0 0.5838454504101002 0.3509277117858438 0.09663787685481884 0.10493883578448027
0 0.7486693893887788 0.4560796834975078 0.0782980943052557 0.1021323561202338
0 0.9044226181717734 0.8709330083888328 0.03195006871854533 0.09430152796339208
0 0.497743166249063 0.4429948226122368 0.10303281784672147 0.10927685564176415
0 0.15888948295478666 0.4176245435653657 0.08896369321844455 0.10597948294103521
0 0.8869831651766893 0.08092794947105433 0.05885325889073456 0.08597750273065735
0 0.5855185284041631 0.44658419669150423 0.09876215992543524 0.10976774867824679
0 0.773637753035348 0.8707410288491191 0.04042638145141442 0.09253454343599565
0 0.8714601442621405 0.5844355943602743 0.07001679090149726 0.10625493601092395
0 0.4255056279117082 0.8415824840650364 0.051351992803416735 0.09952246407452159
0 0.8733376010607985 0.3721577106136701 0.06650535074705555 0.09508557439811821
0 0.6062200508208166 0.9549196024547857 0.04771054642956829 0.08678270555285372
0 0.8581005010564874 0.9664532766174322 0.038432104600204964 0.06709344676513562
0 0.503959636907795 0.8524352318527185 0.049357715952207226 0.09626394808961769
0 0.3929760839899457 0.5393222398642643 0.10303281784672158 0.10927685564176409
0 0.7409782028941786 0.5700511815572094 0.08248165733678525 0.11100498345333587
0 0.930724241360692 0.4794921504969737 0.057096902698284935 0.09600849938749362
0 0.3851663413500507 0.9391248276849777 0.04877268796487644 0.08919716199973682
0 0.8343370074692023 0.8748613047003988 0.03615572353012819 0.09302543647247852
0 0.9208981300895339 0.8720513689770374 0.030952930292940772 0.09267226997093991
0 0.18258242064825447 0.9214253418528291 0.04729843599129424 0.09222023365028187
0 0.48842562978142023 0.5450117606047014 0.10255570429874394 0.11392918528476159
0 0.4676700904668892 0.8483926694330881 0.05022484815840522 0.09632280917320735
0 0.7103371019828999 0.8664441697470702 0.04328779050882181 0.09585192050448954
0 0.6833298140627282 0.9588496186406243 0.0433748853985787 0.08230076271875131
0 0.2352824758972174 0.9273714633150951 0.047103426662184145 0.08986463828698865
0 0.551716911358384 0.8548873929957215 0.04942271906191065 0.09704914654404884
0 0.9431185519021628 0.877507749422526 0.030215804306149896 0.09418380579621277
0 0.4566832926965541 0.9495066868039421 0.04684341422337057 0.08672384446926362
0 0.21732889531450417 0.8282410224579365 0.04569417779830531 0.09367290839196496
0 0.21512688682961534 0.5177744751916092 0.09394938534646813 0.11412577290329579
0 0.5940763832426752 0.8593419830004798 0.05015984504870186 0.09553761071877587
0 0.6486445258148114 0.9578539813115404 0.044177014495073275 0.08429203737691915
0 0.7415538614060249 0.8685631687562996 0.04068639389022799 0.09567533725372024
0 0.6608549325953994 0.5582955131479166 0.09449150200414913 0.11025864171472943
0 0.88354644211332 0.870305540837111 0.03355432691153459 0.09284885322170888
0 0.2550055988392353 0.8260608583257072 0.046691316223910095 0.09530216638441713
0 0.7855214081746758 0.962818028695915 0.03743496617459996 0.07436394260816992
0 0.9083291659062632 0.9682632549378157 0.032492185376226335 0.06347349012436809
0 0.5804066467481033 0.5504658370107798 0.09522862799094012 0.10874710588945691
0 0.8883851251637112 0.9679642364328525 0.03322931136301743 0.0640715271342952
0 0.6713161527039935 0.863795420985533 0.045824184017712266 0.09524330530082747
0 0.9334759998860029 0.9689351563071564 0.03169005627973187 0.06212968738568703
0 0.4936878733441974 0.9449120662248294 0.04690841733307377 0.08750904292369521
0 0.6276345268455805 0.8647783590782032 0.04135851676731572 0.09337860297401679
0 0.5611291760985249 0.9518588261081204 0.04337488539857881 0.08648840013490511
0 0.7970503226026918 0.8723302781060414 0.03782498483282071 0.09235796018522646
0 0.8560153126241503 0.8763328317901418 0.033814339350348166 0.0959896470394338
0 0.9899003605702019 0.1023402916481751 0.02019927885959616 0.06974378388972624
0 0.15169067677364667 0.9153803505714435 0.04122851054790888 0.09180820606515416
0 0.8204628921700357 0.8739195273629636 0.029153662770841304 0.09176934934932923
0 0.7569060453701444 0.9620136898884977 0.039104227477292475 0.07597262022300466
