0 0.9624999999999999 0.565625 0.04140624999999998 0.09453124999999996
0 0.92734375 0.56484375 0.04296875 0.09843749999999996
0 0.9765625 0.36796875 0.028124999999999956 0.08750000000000002
0 0.9007812500000001 0.05859375 0.04843750000000002 0.0625
0 0.8812500000000001 0.9507812499999999 0.025000000000000022 0.08828124999999998
0 0.8578125 0.95 0.030468750000000044 0.08906249999999993
0 0.77734375 0.9453125 0.03359375000000009 0.08671874999999996
0 0.1953125 0.91640625 0.03281249999999991 0.09687500000000004
0 0.22265625 0.93203125 0.03515625 0.09375
0 0.2171874999999998 0.840625 0.032812499999999994 0.10078125000000004
0 0.19062500000000004 0.825 0.03437500000000007 0.10312500000000002
0 0.24765625000000002 0.8390625 0.027343750000000028 0.08515624999999982
0 0.27968750000000014 0.83828125 0.03359374999999998 0.08828125000000009
0 0.93515625 0.06640625 0.04296875 0.06640625
0 0.7484375 0.34609375 0.0703125 0.09453125000000001
0 0.6453125000000001 0.04765625 0.06953125000000004 0.06562500000000002
0 0.509375 0.04843750000000001 0.07187499999999991 0.06875
0 0.70703125 0.046875 0.06484375000000009 0.06562499999999999
0 0.81171875 0.34765625 0.05937500000000007 0.09062500000000001
0 0.8257812499999999 0.4453125 0.06406250000000002 0.09843749999999996
0 0.44296875 0.04609375 0.07343749999999999 0.06875
0 0.37812500000000004 0.044531249999999994 0.07031249999999994 0.06640625
0 0.909375 0.3546875 0.04843750000000002 0.08828124999999998
0 0.57734375 0.0484375 0.07265624999999998 0.06953125
0 0.6796875 0.34765625 0.07578124999999991 0.09609375000000003
0 0.43671875000000004 0.946875 0.039843749999999956 0.08671874999999996
0 0.9624999999999999 0.459375 0.04062500000000002 0.08906249999999999
0 0.37578124999999996 0.34375 0.08515625000000004 0.10000000000000003
0 0.37578124999999996 0.44375 0.08671874999999996 0.10390625000000009
0 0.45390625 0.44609375 0.0859375 0.10312500000000002
0 0.6968750000000001 0.44218749999999996 0.07656249999999998 0.10078124999999999
0 0.7648437499999999 0.05078125 0.061718750000000044 0.071875
0 0.4593750000000002 0.8460937500000001 0.03750000000000003 0.09140625000000002
0 0.31640624999999994 0.04609375 0.06796875000000002 0.06875
0 0.3 0.346875 0.07578125000000002 0.09999999999999998
0 0.94765625 0.3609375000000001 0.042187500000000044 0.08671875000000007
0 0.53046875 0.34921875 0.08437499999999998 0.09843750000000001
0 0.88203125 0.44843750000000004 0.05390624999999993 0.09453125000000001
0 0.3687500000000002 0.54609375 0.08437499999999998 0.10781249999999998
0 0.3757812499999999 0.9437500000000001 0.03671875000000002 0.08750000000000002
0 0.4507812500000002 0.3453125 0.08046874999999998 0.09843750000000001
0 0.4234374999999998 0.84375 0.03671874999999997 0.08984375
0 0.26171875000000006 0.04375 0.06484374999999995 0.071875
0 0.30234375 0.4421875 0.078125 0.09999999999999998
0 0.3859375000000001 0.84375 0.03749999999999998 0.09062499999999996
0 0.828125 0.55625 0.06484375000000009 0.10468750000000004
0 0.81640625 0.0546875 0.053906250000000044 0.078125
0 0.6070312499999999 0.34921875 0.07968750000000002 0.09843750000000001
0 0.7625000000000001 0.44218749999999996 0.06328124999999996 0.09687499999999999
0 0.9328125 0.8421875 0.021874999999999978 0.09218750000000009
0 0.53671875 0.44609375 0.08515625000000004 0.10234374999999996
0 0.23125 0.44375 0.07265624999999998 0.10000000000000009
0 0.85859375 0.06171875 0.046875 0.08203125
0 0.615625 0.44375 0.08125000000000004 0.10312499999999997
0 0.815625 0.85078125 0.029687499999999978 0.08984375
0 0.88203125 0.5609375 0.05546875000000007 0.1015625
0 0.5015625 0.8453124999999999 0.0390625 0.09609374999999998
0 0.86796875 0.35078125000000004 0.05312499999999998 0.09062500000000001
0 0.671875 0.9453125 0.03671874999999991 0.08359374999999991
0 0.89921875 0.95078125 0.028125000000000067 0.08671874999999996
0 0.5726562500000001 0.85078125 0.03749999999999998 0.09296874999999982
0 0.44999999999999996 0.5484375 0.08515625000000004 0.10234375000000001
0 0.7640625 0.55546875 0.06640625 0.10546875
0 0.9273437499999999 0.453125 0.04453125000000002 0.09218749999999998
0 0.47265625 0.94453125 0.03749999999999992 0.0859375
0 0.8703125 0.85078125 0.025781249999999978 0.09062500000000007
0 0.9476562500000001 0.8421875 0.021093750000000022 0.09062499999999996
0 0.28984374999999996 0.940625 0.035937499999999956 0.08906249999999982
0 0.5359375 0.54765625 0.08437499999999998 0.10703125000000002
0 0.53984375 0.84921875 0.03828124999999993 0.09296875000000004
0 0.7585937500000001 0.85078125 0.032031249999999956 0.09296874999999982
0 0.74140625 0.94609375 0.03281250000000002 0.08359375000000002
0 0.3375 0.94296875 0.035937499999999956 0.08671874999999996
0 0.615625 0.85 0.03749999999999987 0.09375
0 0.96796875 0.84609375 0.020312500000000067 0.09218750000000009
0 0.5375000000000001 0.95 0.03593750000000007 0.08359375000000002
0 0.3140625 0.84609375 0.034375000000000044 0.09062499999999996
0 0.28906250000000006 0.5390625 0.07656249999999998 0.10781250000000003
0 0.65390625 0.8515625 0.038281250000000044 0.09218750000000009
0 0.71015625 0.94609375 0.03359374999999998 0.08281250000000018
0 0.7867187499999999 0.85078125 0.029687499999999978 0.09296874999999982
0 0.69140625 0.5492187499999999 0.07734374999999993 0.10390624999999998
0 0.9140625 0.84296875 0.0234375 0.09062499999999996
0 0.34765625 0.8414062499999999 0.03515625 0.09218749999999998
0 0.83359375 0.94765625 0.02734375 0.08515625000000004
0 0.94453125 0.9515625000000001 0.022656249999999933 0.08828124999999998
0 0.61875 0.546875 0.078125 0.10234374999999996
0 0.9265625 0.9515625 0.0234375 0.08671874999999996
0 0.7234375000000001 0.85078125 0.034375000000000044 0.09218749999999998
0 0.9671875000000001 0.9515625 0.021874999999999978 0.08906250000000004
0 0.5703125 0.9429687499999999 0.035937499999999956 0.08437499999999998
0 0.6843750000000001 0.8546875 0.030468750000000044 0.09062500000000007
0 0.63125 0.9453125 0.03281250000000013 0.08359374999999991
0 0.83671875 0.85078125 0.02734375 0.08984375
0 0.88984375 0.85078125 0.0234375 0.09375
0 0.965625 0.075 0.03984375000000007 0.06640625
0 0.26171875 0.93671875 0.030468750000000017 0.08906249999999982
0 0.8578125 0.85078125 0.01953125 0.08984375
0 0.8078125 0.9476562500000001 0.028906250000000022 0.08437499999999998
