0 0.8948984015036845 0.012021265162202699 0.08764665563812057 0.017950417627506488
0 0.8994016476069556 0.033155117623263175 0.0940600402446814 0.03675424454706533
0 0.898449987159218 0.05267880632486904 0.09093515923517381 0.03672697411580761
0 0.9075042026204614 0.08947796948035236 0.09096242966643153 0.03985185512531496
0 0.9080740770305906 0.11370261491184794 0.09096242966643153 0.03985185512531492
0 0.9123796125072433 0.15749185469183594 0.08786481908818256 0.04294946570356434
0 0.9152522420276166 0.18642427446103568 0.08787845430381125 0.044511906208318075
0 0.9249445079771336 0.2396358805242465 0.08787845430381114 0.04451190620831799
0 0.9262001561302375 0.27480442709683195 0.08793299516632669 0.05076166822733247
0 0.9397508000869376 0.33351866296575255 0.09260668146495843 0.04924013336946553
0 0.9386218818360247 0.37335407822915545 0.0894681652398226 0.04765042243345419
0 0.9451210906978902 0.4343506163848766 0.08480811415681921 0.05073439779607475
0 0.9518111925785597 0.4734729874740472 0.08321840322080776 0.04759588157093869
0 0.9552768509641116 0.5211615109081048 0.08944629807177673 0.050775303442961495
0 0.957317835345801 0.558680535845635 0.08478084372556138 0.04760951678656755
0 0.9601222887880299 0.5954251581386029 0.07851744649091807 0.045992535419298486
0 0.9605967166887571 0.6305868871033738 0.07694137077053553 0.04441645969891583
0 0.9595291569081743 0.6633913200953856 0.07847654084403166 0.04130521390503761
0 0.9600240376323446 0.6962093883030258 0.0768868299080201 0.03816669767990144
0 0.9574213077782658 0.7258753050699014 0.0815741514222813 0.038207603326788075
0 0.9579298237180652 0.7571309327727884 0.08003898134878518 0.04131884912066652
0 0.7847667987419975 0.008716321703237079 0.08291842847697306 0.01322219046635903
0 0.7901603468226763 0.017357467734083004 0.09556793988691936 0.030518117743679685
0 0.7931488756758949 0.03300914321287701 0.09555430467129045 0.028955677238926114
0 0.7945476935931021 0.05177206448554933 0.09560884553380578 0.03520543925794062
0 0.8076443624725183 0.07298091063256859 0.09874736175894216 0.03679515019395191
0 0.8105715328554068 0.09566356838275386 0.09248396452429886 0.0351781688266829
0 0.8157400998782094 0.1300849827420346 0.10036434312621134 0.04305854742859533
0 0.8154878483890753 0.15899013207997661 0.09411458110719662 0.04300400656607989
0 0.8205746041181048 0.20278618946777913 0.09726673254796181 0.04615615800684486
0 0.8218438874868377 0.2363922955356108 0.09884280826834424 0.04773223372722735
0 0.8315157006129115 0.29194756235595204 0.09416912196971217 0.04925376858509434
0 0.829626014933065 0.3294324992544101 0.09575883290572362 0.05239228481023045
0 0.8392432871966233 0.39123752809376583 0.10041888398872689 0.04930830944760978
0 0.8435760931045335 0.43190188686424663 0.09729400297921942 0.04928103901635217
0 0.8508633398265903 0.4921240223754055 0.10200859492473802 0.052446825672746056
0 0.8551893281266862 0.5335696013982631 0.09415548675408336 0.04769132808034071
0 0.8525184221944629 0.5710477206889067 0.09729400297921953 0.04928103901635206
0 0.8568853161414454 0.6078059781975034 0.10513347593424527 0.052474096104003665
0 0.8534059195255876 0.6484021608898398 0.10513347593424527 0.052474096104003554
0 0.8624942230259031 0.6812952227834391 0.0972803677635905 0.04771859851159843
0 0.5994812467724044 0.022724953698752465 0.10975262137036179 0.044702799227122114
0 0.6076724306874978 0.06889194227494311 0.10520165201238973 0.060286298627771795
0 0.6204282191761921 0.12916180104080294 0.10842197953129895 0.0712506525923049
0 0.6267978934895835 0.20500152399168353 0.11475355284408661 0.0806798364833421
0 0.6401031035649639 0.2918396889461694 0.11171048312835263 0.0900272090806061
0 0.651112376137915 0.3731888593105742 0.11802842122551149 0.09789395246688964
0 0.6628142400616551 0.4647007105636921 0.11336837014250833 0.10097792782951037
0 0.673584896361101 0.5733925897612853 0.11336837014250833 0.10097792782951032
0 0.6735275508523024 0.6694894984114476 0.12111239658813211 0.09323390138388654
0 0.6876617044347606 0.7508659392071102 0.11794660993173822 0.08851930943836794
0 0.48773266264344833 0.02565613704317249 0.10196768927785149 0.04775950415848507
0 0.4974794694554808 0.0726179810873688 0.10677772773277222 0.061862374348154295
0 0.5071240121502969 0.1312981289172173 0.10684590381091652 0.06967457687192241
0 0.5182014608013922 0.20483509675785405 0.1116559422658372 0.08377744706159163
0 0.5322606206978917 0.2948049603296616 0.12112603180376114 0.09479634188864017
0 0.5470123719451805 0.394937504790182 0.1149308106472619 0.10099156304513912
0 0.5640327902636408 0.5036839248502909 0.11490354021600424 0.09786668203563204
0 0.5701365778722691 0.6099912376438671 0.11964540259278067 0.10415734970153312
0 0.5771033970270473 0.706930725016736 0.11643871028950015 0.09475543624175353
0 0.5936016641900794 0.7859839578787114 0.13666862555752401 0.08555805101640712
0 0.39628216986066045 0.0303270186955214 0.09093515923517415 0.03672697411580761
0 0.39682477383953196 0.05767654513652423 0.09263395189621643 0.05236501437897273
0 0.40038999471069436 0.09677164579443695 0.09266122232747409 0.05548989538847998
0 0.4093623988781645 0.14294545197844202 0.10368011715452269 0.06495998492640381
0 0.4120032297328469 0.19843936032845333 0.10847652039381439 0.07750041461131932
0 0.419249570808017 0.26334881735387294 0.10853106125632983 0.08375017663033385
0 0.4249062009471758 0.3313695201731711 0.11012077219234123 0.08688869285546996
0 0.4382932223163294 0.4088330420991352 0.10552889718748254 0.09778487074185876
0 0.4477332367767124 0.490949797500288 0.10551526197185362 0.09622243023710508
0 0.45406200544321706 0.5714768419654295 0.11177865920649693 0.09783941160437426
0 0.4596231890729737 0.6504346283180029 0.10862650776573207 0.09468726016360918
0 0.469131379611501 0.7247391811953876 0.11796024514736708 0.09008174994312157
0 0.47789243793672376 0.7951308152030738 0.11320474755496202 0.0822286417724668
0 0.30705262089434293 0.04908031771409624 0.08787845430381108 0.044511906208317964
0 0.3028465448886239 0.08341992077960372 0.0926612223274742 0.055489895388479996
0 0.3079537534410966 0.12487231741027577 0.09268849275873181 0.05861477639798718
0 0.310655942766109 0.1733352434888958 0.0911942283321226 0.06641334370612645
0 0.31485239651773056 0.22962400730691282 0.09122149876338032 0.0695382247156337
0 0.3189943094068367 0.2921625331439443 0.10226766402168658 0.08213319526306473
0 0.32695369465623925 0.3648910103009465 0.10388464538895564 0.08839659249770815
0 0.33333018657744495 0.43994951299945034 0.11173775355961041 0.09315209009011338
0 0.3412282133565176 0.5197089724278439 0.10548799154059585 0.09309754922759789
0 0.3522783915763553 0.5963708212779878 0.10389828060458456 0.08995903300246177
0 0.36492509834001874 0.6691402040818767 0.1038846453889557 0.08839659249770815
0 0.37681785528256306 0.7387778882684438 0.10702316161409176 0.08998630343371938
0 0.38329661132098525 0.8021180871812954 0.1069413503203186 0.08061166040519785
0 0.22019400311641388 0.06472918854660711 0.08949543567108026 0.050775303442961384
0 0.2214837393085901 0.09599163385730844 0.08327294408332353 0.05384564358995318
0 0.22504896017975254 0.13508673451522116 0.08957724696485342 0.060149946471483126
0 0.22542112396326325 0.1819667672656443 0.08809661775387301 0.06951095428437604
0 0.23197487368764422 0.23671354340235096 0.08812388818513078 0.07263583529388329
0 0.23301235839068643 0.2968811380509943 0.09597699635578555 0.07739133288628841
0 0.23947066160566527 0.36256499772097633 0.0959906315714143 0.07895377339104204
0 0.2419478698728013 0.43680819212803124 0.09604517243392985 0.0852035354100566
0 0.24987316708313168 0.5134427705469173 0.0960315372183009 0.08364109490530297
0 0.26484989938829673 0.5877950466790032 0.0976348833699412 0.08834205163519271
0 0.272788831814256 0.6628671845931358 0.10853106125632991 0.0837501766303338
0 0.28783374019756536 0.7294072582014535 0.10700952639846295 0.08842386292896587
0 0.29739647159860816 0.7974620490598237 0.09914278301217933 0.08210592483180712
0 0.128023648551579 0.06236227031975031 0.09560884553380611 0.035205439257940674
0 0.12547545956001557 0.08577842506761135 0.09888371391523082 0.05241955524148821
0 0.1267720133600063 0.11625965012593584 0.10045978963561336 0.05399563096187071
0 0.13344848002504703 0.1569444617198599 0.1005006952825 0.05868295247613159
0 0.13383427902418668 0.20226205396552938 0.09895188999337517 0.06023175776525627
0 0.13885967628288612 0.25308909362472315 0.10373465801703813 0.07120974694541826
0 0.1445981177158181 0.3117351534154995 0.09910187736529275 0.07741860331754619
0 0.1502683830706057 0.37819341573004384 0.09912914779655047 0.08054348432705338
0 0.15279331459244277 0.446968068370461 0.08976813998365761 0.0820241135380338
0 0.16387076324353816 0.5205050362110978 0.0929202914244226 0.08517626497879882
0 0.17496184711026241 0.592479563546981 0.09915641822780816 0.08366836533656064
0 0.19095561129502636 0.7293430950848405 0.10228129923731544 0.08369563576781835
0 0.2044448967813965 0.7950883132251524 0.10218585272791336 0.07275855223454308
0 0.1829553203987372 0.6613019394420991 0.10075976437944845 0.08836932206645043
