0 0.03488360844731467 0.5433547336978228 0.04589495383553038 0.09640936150060486
0 0.07003684557777623 0.5442614778042486 0.04764310855573106 0.10038609302955903
0 0.030322527481819156 0.3452513677225354 0.03229158648495262 0.08874886564003609
0 0.12086289657180513 0.039869426472546515 0.051380972958025184 0.06475243381054502
0 0.09755694728103556 0.9319663032804797 0.02920767780522021 0.08937925164155924
0 0.12100493569409082 0.9323106827132656 0.03470761818491919 0.09042203840375129
0 0.2016059227564034 0.9314901539852967 0.03771654490816617 0.08823095257324098
0 0.7843537752492282 0.9305479859398067 0.03742357771082705 0.09833801048341695
0 0.7562917086770937 0.9448427999911888 0.03961466354133769 0.09532908376017013
0 0.7661406025329409 0.8538042968431181 0.03761103260204035 0.10223976005588575
0 0.7934223191905814 0.8394719918134934 0.03928420536575583 0.10465579175585227
0 0.7357819378241697 0.850781448862667 0.03139876363573091 0.08637032491831187
0 0.7038250823081684 0.8484639688402242 0.03779152686465148 0.08979165240222853
0 0.08615259055165336 0.04602332257480718 0.04610597844778219 0.0683917465353151
0 0.2592344499047896 0.33434893576356584 0.07476790067179923 0.09779652769558328
0 0.3765621923066597 0.041204077554982566 0.0726003845623272 0.0688860898810717
0 0.5123055864503302 0.048507857683698474 0.07509139821877903 0.07211996247377472
0 0.31495204003989585 0.03746194035931899 0.06791828507536474 0.06866114401161583
0 0.1959511248743102 0.33287286635489827 0.06365554697767337 0.09336990442771731
0 0.17721845413309065 0.4297417680582496 0.06871255624706246 0.10139834944211068
0 0.5787478021170273 0.049353541090843 0.07665209804776674 0.07219494443025998
0 0.643591826976494 0.05090459245599596 0.0734182254550636 0.06970393077380815
0 0.09806996675840712 0.33520964330500996 0.05261817524003287 0.09050398098883883
0 0.44441514388937364 0.045246142576587406 0.07590923911151554 0.07293780336651107
0 0.32783026042375457 0.3392088416779071 0.08030533202974077 0.09961966437226938
0 0.5417635035191947 0.9493969203280823 0.04395934422411618 0.088530880399182
0 0.0399823814883159 0.4372271453266724 0.044852167073337945 0.090909421120906
0 0.6315738320530382 0.3498910826418316 0.08985698589487912 0.1039713056836501
0 0.6267749868379782 0.4497758716970321 0.09160514061507985 0.10794803721260415
0 0.5486275224538748 0.4483678236162477 0.09078729972234356 0.10713019631986764
0 0.3061261539375306 0.4328063798103128 0.08131062781369058 0.10433925483747447
0 0.2570186914761448 0.03858935754183121 0.06509681324333094 0.07475397941459522
0 0.5239696921921784 0.8476445429893511 0.041843240350090904 0.0931005069514168
0 0.7051644882650154 0.05542707956615328 0.07118964864631039 0.07193250758256142
0 0.7071178098459616 0.3566491071893442 0.08049278692095407 0.10352141394473813
0 0.05953289312227192 0.33961538468707 0.0463003939675975 0.0886433533339101
0 0.4768021121355762 0.347930318351242 0.08900165402390003 0.10237311487641987
0 0.12088329637656972 0.43016381728275344 0.0583805524674304 0.0970092171524875
0 0.6288868179186338 0.5523391292998978 0.08945154576281189 0.11173731385034485
0 0.6027807607626783 0.9491998169730345 0.040875435544384 0.08916126640070543
0 0.5565852583051523 0.34785264855952414 0.08509990445143123 0.10218565998520651
0 0.5599782611936193 0.8470280782450319 0.040987908479111934 0.09150231614418658
0 0.759901455214306 0.05571039829965799 0.06821821290130592 0.07490394332756584
0 0.7002028607568762 0.45173932382285426 0.08283383666443545 0.10363388687946606
0 0.5974350570893192 0.8488276452006793 0.04180574937184822 0.09232015703692298
0 0.1695536854791522 0.5404389829816347 0.06979283398749742 0.10767863973630348
0 0.20532814222834378 0.04016381851217196 0.05759324192433471 0.08032763702434392
0 0.40032782051518834 0.34425620248346167 0.08431955453693751 0.10214816900696388
0 0.2405767611200553 0.42965713763792973 0.06785722437608338 0.09980015863488056
0 0.05126509890017705 0.8210232606018326 0.02627373303845848 0.09313103730105754
0 0.46591043151753686 0.44439377992252616 0.08996945882960716 0.10631235542713119
0 0.7711397210193225 0.4567117026719235 0.0773713872629791 0.10337145003176756
0 0.16285182804149717 0.045015338955624984 0.0507575475851042 0.08418619971640351
0 0.38720756308839566 0.43826614137653663 0.08610520023538099 0.10690525045041172
0 0.1679051853135709 0.8352307563976624 0.03396475924866804 0.09116489734000266
0 0.11548459550962725 0.5425342049698539 0.06027867110060181 0.10410734833941665
0 0.4818682877877585 0.8448396802497539 0.04362888604853438 0.09785758839486447
0 0.1396159671177893 0.333294915579402 0.057412747661723385 0.09306997660177607
0 0.30695316121306015 0.9365514360480551 0.04068798065317064 0.08525951682823651
0 0.07960889924767928 0.9311040107808985 0.03225409550670999 0.08796851572554232
0 0.4105940087211283 0.8468904506311283 0.04191822230657627 0.09466120678040424
0 0.5476179538765555 0.5507811173061428 0.08996945882960705 0.10631235542713136
0 0.2335798694458827 0.5427328932830386 0.07139102479472764 0.10853397160728251
0 0.07539805546647615 0.4326714400316418 0.04890388055877737 0.09421827567009422
0 0.50597988038721 0.9453312855854389 0.041580803502392405 0.08763805754996024
0 0.11328069129900814 0.8326063879206763 0.03010050065444192 0.09175779236328307
0 0.036438450524795746 0.8203109320152221 0.025418401167479454 0.0915328464938272
0 0.6887692152699617 0.9502024249217517 0.040170067586375424 0.09068447525145018
0 0.4618169542604853 0.5458767597849568 0.08941405478456926 0.11095696393585108
0 0.4434436870863513 0.8469043718883325 0.04269857222107004 0.09469869775864692
0 0.22487072907161493 0.8379675978093761 0.03645577290511995 0.09439876993270557
0 0.23746452784487346 0.9339950888989526 0.03678623108070195 0.08507206193702332
0 0.6410553975511146 0.9502565249924309 0.04005759465164738 0.08834342550796892
0 0.3677122544022145 0.8440480969132885 0.04195571328481884 0.09544155669489807
0 0.015961897856744817 0.8232379161533818 0.024713033209471102 0.09305605534457206
0 0.44094840063652985 0.9476819837927548 0.039907630738677036 0.08522202584999394
0 0.6691147762880167 0.8546178649424849 0.038684349713873245 0.09217019312395236
0 0.7088199280011807 0.5491400598502049 0.08164804661787439 0.11136240406791836
0 0.3294001266355352 0.843771738808386 0.042661081242827414 0.0939183478441532
0 0.2686785244246236 0.9354947280286589 0.037529090016952926 0.08432920300077229
0 0.1967781321498398 0.8366179225926407 0.03411472316163863 0.09428629699797764
0 0.306452339319743 0.5399767549436557 0.08224094164115492 0.1074981454736923
0 0.06995600586978448 0.8227033939941502 0.027759450910960715 0.09164531942855503
0 0.6357846758342413 0.8483236533910883 0.039539681584852326 0.09376838393118259
0 0.14530825597812516 0.9311318532953067 0.03139876363573085 0.08637032491831209
0 0.03431111322879887 0.9297098839573184 0.026866628061739006 0.0892667787068312
0 0.37913735430239004 0.5411223661767415 0.08294630959916338 0.10597493662294738
0 0.05225916126215521 0.9305721764568993 0.027571996019747413 0.08774356985608633
0 0.2599864752238338 0.8396546918302958 0.038759331670358554 0.09373089295293979
0 0.012371425135612013 0.9286226455882811 0.024742850271224026 0.09000963764308245
0 0.4085111230319761 0.9390842134761193 0.03994512171691955 0.08600237576448766
0 0.2988165160573082 0.8454309903148973 0.034782600141404496 0.09198273823273928
0 0.3475313567667354 0.9385009669166734 0.03678623108070189 0.0850720619370231
0 0.14683573762223953 0.8342184999851106 0.03162370950518684 0.0910524244052745
0 0.09377194343666431 0.83166911346461 0.027909414823931333 0.09476671908653
0 0.0553065431257278 0.05314502348277492 0.042984578789807215 0.06824178262234454
0 0.71704926708295 0.9476503505660185 0.03470761818491919 0.09042203840375151
0 0.12576628993090821 0.833206243572559 0.023820210360249297 0.09067751462284823
0 0.17105980315641908 0.9323690555773144 0.032921972486475826 0.08566495696030363
