0 0.14730329310734064 0.8884912708380794 0.033692850193699164 0.08805045151061719
0 0.1740211200901079 0.895961949631296 0.03765867642815335 0.08922870844676767
0 0.20299007891712761 0.9044504304901386 0.03849086903046772 0.08239508547874774
0 0.2331372946802981 0.9091335399850518 0.04060670059698168 0.08799537866814078
0 0.265856552028771 0.9117259725062372 0.04379540707159757 0.08909340816902933
0 0.2981746722009315 0.9182040038266146 0.04363495220107261 0.08753916864935263
0 0.3712239296257359 0.9257453827412871 0.04465275426669835 0.08995075536413
0 0.4095434801636021 0.9273451677896333 0.0452694191560119 0.08847674327971577
0 0.4482390132849944 0.9329107790724336 0.04730502328726338 0.09329991670927118
0 0.4859969717760234 0.9399504024396483 0.04768100587078927 0.08949454534534129
0 0.5264071992876174 0.9441222290732971 0.044116316812647494 0.09220188720838252
0 0.6009304687968358 0.9526011826183328 0.042241167551920866 0.08893295329850415
0 0.6361163857025623 0.9588067262361554 0.04293805987649679 0.08238654752768926
0 0.7023068655665602 0.9648623726071789 0.04007026314293083 0.07027525478564223
0 0.7341687757199322 0.9662926982312844 0.040927610338031606 0.06741460353743123
0 0.7641555366125778 0.9704830567324554 0.03664087436252761 0.05903388653508923
0 0.7874691294077281 0.9711036284415138 0.03688155666831483 0.05779274311697247
0 0.8361869919717564 0.9752853164660364 0.032835502998598276 0.04942936706792711
0 0.8568986249319144 0.9701113150457419 0.03128126347892157 0.05977736990851634
0 0.8790591153837004 0.9687690304963887 0.029190586505194127 0.06246193900722263
0 0.8978704444903457 0.9686262506562278 0.027019682096203868 0.06274749868754448
0 0.9144306417527384 0.9689459694830518 0.024447640510901536 0.06210806103389643
0 0.9309908390151309 0.968931010358207 0.027395664679730092 0.062137979283585776
0 0.9433757822952418 0.8764270641431018 0.025706124882314718 0.0926077880415983
0 0.8512242042724321 0.8865486756486134 0.030985508330658162 0.09161514056875886
0 0.8279908389125441 0.8833647328309009 0.035728454324950754 0.09287362494017237
0 0.8908573120241876 0.8906402748469997 0.028037484161829718 0.09284847034738553
0 0.9114084901138206 0.8817662840908249 0.02709990953146668 0.09121400339244656
0 0.9282093696820007 0.8787883416723066 0.024527867946163795 0.08864196180714434
0 0.6788640724588445 0.8671839455006676 0.04100783777329409 0.09188097746733259
0 0.421231531119137 0.8217371078868809 0.048939490242202455 0.09423749133963388
0 0.15553203703278246 0.7707450499261772 0.03409398737001179 0.09193605030980878
0 0.18404478584101408 0.7760448243104037 0.03843579618799142 0.08930893588203004
0 0.2484104256298577 0.7764065159232199 0.04939570026099102 0.09120923973554307
0 0.9118088725580398 0.48989192473310483 0.05445955599633345 0.09557620314630966
0 0.9077498642258832 0.30097635931402805 0.059578484574151935 0.09302931615379373
0 0.80594717568706 0.29046656529464393 0.0729499753619286 0.0959474220729325
0 0.9480186914945652 0.397811046831751 0.05328129906018286 0.09161037691185558
0 0.6437583829883804 0.8572765253998869 0.045214346313535825 0.0953905936829984
0 0.9779365832553989 0.3094553128590639 0.04412683348920221 0.08694765835282542
0 0.8611226786355823 0.2961627131982796 0.06759036447832278 0.09616294978593348
0 0.5686550483808879 0.2534028265116509 0.089053962605533 0.1029918090970503
0 0.8574165893345289 0.3853159578666881 0.06362453824386849 0.09498469284978273
0 0.7430807025754167 0.2831910232785452 0.0796482980522103 0.10125196011406229
0 0.28842352488994927 0.4192523361386315 0.08674775791880429 0.1104420969543839
0 0.3606154351196526 0.4274906073778799 0.08899888976305681 0.10990565950033299
0 0.6797709741074247 0.4627954425502717 0.08618616587196692 0.10500225863551549
0 0.6420055793429525 0.6764530673202434 0.08489776325086407 0.11486413320762645
0 0.5217757352865469 0.8368293930300327 0.0501177471783531 0.0982033175740884
0 0.29354855343294095 0.32396236082677865 0.08136299244241196 0.10296665450426395
0 0.7375246186064228 0.36744086708213625 0.08026496294152363 0.09977794802964801
0 0.22998518799672163 0.31582947161557906 0.07795875825479515 0.1072282358869816
0 0.9473829719776388 0.3050679585124142 0.0522634969945569 0.08919879019707805
0 0.9796281708041983 0.40522665278249154 0.04074365839160343 0.08692250376003907
0 0.9522993275048961 0.4932866316069151 0.04877903537167749 0.09268325181995735
0 0.4393513131342861 0.33430217266183127 0.0865621484554931 0.10119688727158621
0 0.36295289436434086 0.3287712432856238 0.08423078917597776 0.10095620496579877
0 0.6710132290013751 0.3574328286102102 0.08431101661124041 0.10173332472563712
0 0.8469006953499716 0.5860786928035547 0.06871354857199763 0.10704262642367035
0 0.8651816869677389 0.48507827861735636 0.06324855566034271 0.09879006421371195
0 0.9403094214359244 0.6931117919134184 0.05378781826454393 0.10396406563400651
0 0.47548090463554915 0.24299841452031573 0.08929464491132033 0.1053231683765653
0 0.46482837406498334 0.5592011656823559 0.09778788942706607 0.11311952056773522
0 0.7401633513883713 0.6842303648838002 0.08154860190572322 0.11221186418706164
0 0.36414886961983495 0.537811695025235 0.0966347870837016 0.11684466449640196
0 0.5117839056697772 0.34020908462156463 0.09044774725468474 0.10159802444789856
0 0.6769269956583752 0.5740289502352037 0.0862915479000157 0.11347034855847471
0 0.5641651577786463 0.9511618524405117 0.04395586194212253 0.09064764768870592
0 0.7518024294666033 0.4725879533091969 0.07903163316289696 0.10272597219847651
0 0.5978524895833487 0.4574800408870653 0.0894550997818453 0.106877407896242
0 0.39618953453925176 0.2426666411571893 0.088677980022007 0.10679718046097958
0 0.431004987250449 0.6585970311633048 0.09864523662216684 0.11397686776283611
0 0.6667876658335204 0.2690315491088536 0.08648192102023056 0.10041976751174789
0 0.25403169133131087 0.23505932577796412 0.07801383109727111 0.10031438548369898
0 0.3849475847125222 0.8156350591500297 0.052368879022605785 0.09766688012003721
0 0.2678111739926668 0.5200120680190423 0.09258873341398513 0.11488928780041296
0 0.906134451898557 0.392701645567739 0.060435831769252935 0.09388666334889462
0 0.8133553453643574 0.4773716811752557 0.0690895311555233 0.10323725505974102
0 0.573168930423563 0.5672443001444865 0.09904637379847936 0.11786246656202781
0 0.5925241332577023 0.3493298576487003 0.08819661541043222 0.10213446190194952
0 0.4394805134468513 0.43955940457384407 0.0921875962376727 0.11100368900122126
0 0.60645663451614 0.8534256085072882 0.049957292307828305 0.09664907805441159
0 0.7752452225743189 0.5802520082790839 0.0796734526449967 0.10894293027718327
0 0.8023213138212689 0.37884269020321415 0.07319065766771615 0.0982787813524475
0 0.3155043797938024 0.24062017340386122 0.08112231013662452 0.1006352952247489
0 0.826664327036215 0.6908042509184198 0.07439406919665337 0.1099355777500226
0 0.7109666649180041 0.868141911066914 0.04124852007908153 0.09421233674684748
0 0.9226090764926076 0.8797809891451458 0.029887478829769942 0.08842643409414297
0 0.2181869913562346 0.40728892097071623 0.08693336738211566 0.11968730663718152
0 0.48005195056106365 0.830165752246344 0.0491801725479899 0.0965688506191491
0 0.7435254673959519 0.8722885831077762 0.03899738823482901 0.09474877420089822
0 0.3270565488954222 0.6384408902848108 0.09282941571977255 0.11722064707992796
0 0.19224018416813266 0.4988585160108057 0.08607602018701466 0.11882995944208063
0 0.5380870592376155 0.6712226567492029 0.0996630386877927 0.11638845447761348
0 0.9564997360799645 0.5895393361419177 0.05097509437345393 0.09906066476918918
0 0.9086942935535132 0.5885310613900985 0.058986974277625115 0.10219429840132888
0 0.7753873775493241 0.8755779079535377 0.03907761567009149 0.09552589396073685
0 0.5669839816349094 0.8477797697892254 0.04708949557426245 0.09865952759287677
0 0.24339345173145482 0.6195935429633026 0.09135540363535821 0.1178373119692413
0 0.8699553059438146 0.8876970143350746 0.03184285552575905 0.09247248776385975
0 0.8007916473182021 0.8805567725967143 0.035808681760213235 0.09365074470001034
0 0.33263511484066255 0.7898140249258595 0.05081463950292919 0.09750642524951236
0 0.8877610329151806 0.6923992723098628 0.059067201712887374 0.10297141816116717
0 0.17645100670040492 0.5985453729831147 0.08312799601818655 0.12006328922070753
0 0.6709263200247628 0.9614691907246619 0.039829580837143386 0.07706161855067628
0 0.33531596580264694 0.92360916023889 0.04473298170196094 0.0907278751239684
0 0.8107827222028784 0.9719786506669785 0.034710652259325014 0.056042698666042945
0 0.29822631769477437 0.7807639520201799 0.048563507658676563 0.0980428627035631
0 0.5234094475093927 0.44822396758219124 0.09108956673678453 0.10781498252660537
