0 0.9845024469820555 0.9345955249569707 0.014681892332789603 0.09122203098106718
0 0.9641109298531811 0.9388984509466434 0.021207177814029365 0.09466437177280562
0 0.9469820554649266 0.9414802065404475 0.022838499184339223 0.0946643717728054
0 0.9168026101141925 0.9432013769363169 0.02610114192495927 0.09982788296041334
0 0.8964110929853182 0.9397590361445782 0.02773246329526924 0.09638554216867479
0 0.8572593800978793 0.944922547332186 0.030995106035889064 0.09638554216867479
0 0.831973898858075 0.9423407917383821 0.029363784665579207 0.0963855421686749
0 0.7862969004893965 0.9414802065404475 0.034257748776509 0.0946643717728054
0 0.7561174551386622 0.9414802065404475 0.03588907014681897 0.09294320137693612
0 0.699836867862969 0.9449225473321857 0.037520391517128826 0.09294320137693646
0 0.6631321370309952 0.9423407917383821 0.04241435562805873 0.09122203098106707
0 0.6003262642740621 0.9492254733218589 0.03915171288743868 0.09810671256454384
0 0.5595432300163132 0.9432013769363166 0.039151712887438794 0.09294320137693612
0 0.4951060358890702 0.9432013769363168 0.04404567699836859 0.08777969018932874
0 0.4535073409461664 0.9449225473321858 0.03752039151712888 0.08777969018932874
0 0.40293637846655794 0.944922547332186 0.04078303425774882 0.09810671256454384
0 0.3629690048939641 0.944922547332186 0.03752039151712894 0.09810671256454384
0 0.32463295269168024 0.9449225473321858 0.03588907014681886 0.09466437177280562
0 0.2887438825448613 0.9423407917383821 0.037520391517128715 0.09294320137693601
0 0.25448613376835233 0.9354561101549053 0.03262642740619903 0.09294320137693612
0 0.22022838499184338 0.9320137693631669 0.029363784665579207 0.09122203098106718
0 0.19086460032626423 0.923407917383821 0.029363784665579096 0.09294320137693646
0 0.1582381729200653 0.923407917383821 0.029363784665579096 0.09638554216867479
0 0.9804241435562806 0.8347676419965576 0.021207177814029365 0.10327022375215145
0 0.9632952691680261 0.8227194492254732 0.019575856443719397 0.09122203098106707
0 0.9461663947797716 0.8253012048192772 0.019575856443719397 0.10327022375215156
0 0.9290375203915171 0.8261617900172117 0.01794453507340943 0.10327022375215145
0 0.9094616639477977 0.8261617900172117 0.02446982055464919 0.10327022375215145
0 0.8866231647634584 0.8373493975903614 0.02610114192495916 0.10671256454388978
0 0.8621533442088092 0.8382099827882961 0.024469820554649302 0.09982788296041312
0 0.8262642740619902 0.8390705679862308 0.034257748776509 0.10671256454389
0 0.7960848287112561 0.8356282271944921 0.03262642740619903 0.10154905335628206
0 0.7504078303425775 0.8356282271944921 0.03588907014681886 0.10327022375215134
0 0.7153344208809135 0.8330464716006885 0.03752039151712894 0.10499139414802094
0 0.6566068515497553 0.8364888123924268 0.04078303425774865 0.099827882960413
0 0.6174551386623165 0.8296041308089501 0.04078303425774865 0.099827882960413
0 0.5522022838499184 0.8321858864027539 0.039151712887438794 0.10671256454389
0 0.5097879282218597 0.8321858864027537 0.039151712887438794 0.10327022375215145
0 0.44616639477977166 0.8321858864027539 0.04078303425774865 0.10671256454389
0 0.4029363784665578 0.8321858864027538 0.037520391517128826 0.10154905335628239
0 0.364600326264274 0.8244406196213425 0.037520391517128826 0.10327022375215145
0 0.32544861337683534 0.8244406196213425 0.04078303425774876 0.11015490533562822
0 0.2838499184339315 0.8158347676419965 0.040783034257748874 0.11015490533562833
0 0.24877650897226755 0.8218588640275387 0.03752039151712891 0.10327022375215145
0 0.967373572593801 0.6161790017211703 0.04241435562805873 0.11531841652323593
0 0.9143556280587275 0.6187607573149743 0.04893964110929849 0.11015490533562822
0 0.8499184339314845 0.6256454388984509 0.06035889070146816 0.11187607573149738
0 0.7707993474714518 0.6230636833046472 0.07014681892332797 0.11703958691910488
0 0.6786296900489397 0.6265060240963856 0.07993474714518756 0.11359724612736666
0 0.5929853181076672 0.6290877796901893 0.08809135399673729 0.11876075731497415
0 0.49673735725938006 0.629948364888124 0.09135399673735733 0.11359724612736666
0 0.3833605220228385 0.6282271944922548 0.09135399673735722 0.11359724612736677
0 0.2830342577487765 0.6161790017211703 0.0831973898858075 0.12220309810671248
0 0.19738988580750433 0.621342512908778 0.07993474714518756 0.12048192771084332
0 0.9730831973898858 0.49311531841652323 0.03588907014681886 0.10843373493975905
0 0.9233278955954323 0.49827882960413084 0.05057096247960846 0.11187607573149733
0 0.8613376835236541 0.5008605851979346 0.05872756933115819 0.11015490533562838
0 0.7838499184339315 0.5043029259896729 0.0734094616639478 0.11359724612736666
0 0.6884176182707994 0.5086058519793458 0.08482871125611746 0.1222030981067126
0 0.5831973898858076 0.5120481927710843 0.09298531810766708 0.11531841652323582
0 0.4681892332789559 0.5172117039586919 0.0897226753670472 0.1153184165232361
0 0.35725938009787933 0.510327022375215 0.09461663947797716 0.11876075731497426
0 0.2561174551386622 0.5060240963855422 0.08482871125611757 0.11703958691910488
0 0.17210440456769982 0.5146299483648882 0.07014681892332786 0.14113597246127352
0 0.9787928221859706 0.3924268502581756 0.02610114192495927 0.0981067125645439
0 0.9502446982055465 0.3898450946643717 0.04241435562805873 0.09638554216867457
0 0.9094616639477977 0.38898450946643714 0.04567699836867867 0.0981067125645439
0 0.8605220228384991 0.39242685025817553 0.055464926590538366 0.10671256454388978
0 0.802610114192496 0.38898450946643726 0.06851549755301789 0.11015490533562833
0 0.734910277324633 0.38898450946643726 0.07504078303425776 0.11015490533562833
0 0.6631321370309952 0.3864027538726334 0.07667210440456773 0.11187607573149738
0 0.5815660685154975 0.3915662650602409 0.08972267536704726 0.10499139414802061
0 0.4951060358890703 0.3915662650602409 0.08809135399673723 0.10499139414802061
0 0.4110929853181077 0.3881239242685027 0.08646003262642737 0.11187607573149749
0 0.3287112561174553 0.3846815834767643 0.08646003262642743 0.10843373493975911
0 0.2504078303425777 0.38554216867469876 0.07993474714518756 0.12048192771084332
0 0.17618270799347469 0.3864027538726333 0.07340946166394777 0.11531841652323582
0 0.969820554649266 0.29259896729776247 0.03588907014681897 0.09294320137693635
0 0.9347471451876019 0.2839931153184165 0.04567699836867867 0.09638554216867468
0 0.8915171288743883 0.2839931153184165 0.05057096247960846 0.09638554216867468
0 0.8409461663947798 0.28141135972461273 0.05872756933115819 0.09466437177280551
0 0.7822185970636215 0.27882960413080893 0.06199021207177813 0.09294320137693635
0 0.7169657422512234 0.2753872633390706 0.0734094616639478 0.10327022375215145
0 0.6402936378466559 0.2753872633390706 0.07993474714518756 0.10327022375215145
0 0.5611745513866231 0.2728055077452668 0.0831973898858075 0.11187607573149738
0 0.4779771615008157 0.2710843373493976 0.08482871125611752 0.10499139414802061
0 0.3972267536704731 0.2736660929432014 0.08156606851549753 0.10327022375215145
0 0.3197389885807505 0.27882960413080893 0.07993474714518756 0.1032702237521515
0 0.2463295269168027 0.28313253012048184 0.08156606851549764 0.10671256454388989
0 0.1802610114192495 0.28227194492254726 0.07177814029363785 0.10843373493975902
0 0.964110929853181 0.19535283993115315 0.04241435562805873 0.09466437177280548
0 0.931484502446982 0.19277108433734938 0.045676998368678556 0.08605851979345952
0 0.8907014681892333 0.19191049913941477 0.05220228384991843 0.09466437177280548
0 0.8417618270799347 0.18674698795180722 0.06362153344208821 0.09122203098106707
0 0.7846655791190864 0.18674698795180722 0.06688417618270803 0.09122203098106707
0 0.7218597063621535 0.18072289156626503 0.06688417618270803 0.09638554216867465
0 0.6525285481239804 0.17986230636833045 0.07177814029363772 0.09810671256454384
0 0.5758564437194127 0.17297762478485373 0.0783034257748777 0.09810671256454395
0 0.4951060358890703 0.1721170395869191 0.07667210440456756 0.09638554216867468
0 0.4159869494290377 0.1790017211703958 0.08156606851549769 0.09638554216867465
0 0.3376835236541598 0.17814113597246134 0.07504078303425776 0.11015490533562827
0 0.2667210440456771 0.18674698795180728 0.07993474714518767 0.10671256454388983
0 0.19494290375203915 0.18846815834767638 0.0734094616639478 0.10154905335628225
0 0.9779771615008157 0.09466437177280551 0.024469820554649302 0.10327022375215145
0 0.9535073409461663 0.08950086058519793 0.04078303425774876 0.10327022375215145
0 0.9216965742251224 0.08691910499139414 0.0440456769983687 0.10499139414802064
0 0.8784665579119086 0.08864027538726335 0.05057096247960846 0.10499139414802061
0 0.831973898858075 0.08433734939759037 0.05057096247960846 0.10327022375215147
0 0.7781402936378466 0.0826161790017212 0.06362153344208799 0.10671256454388986
0 0.7169657422512234 0.08175559380378658 0.06851549755301789 0.09982788296041306
0 0.6476345840130506 0.08003442340791739 0.07177814029363783 0.09982788296041306
0 0.5758564437194127 0.0740103270223752 0.07504078303425776 0.09122203098106713
0 0.49836867862969 0.0774526678141136 0.0783034257748777 0.09466437177280551
0 0.42251223491027734 0.08003442340791739 0.07667210440456768 0.09982788296041306
0 0.2781402936378466 0.08089500860585198 0.07504078303425779 0.10327022375215147
0 0.20880913539967377 0.08691910499139414 0.0636215334420881 0.10499139414802064
0 0.34991843393148453 0.08003442340791739 0.07993474714518756 0.09982788296041306
