0 0.21951560602491182 0.5052768889262544 0.0931929554573383 0.12509419517770015
0 0.29554964638140135 0.4771831302353951 0.09620719378208697 0.11215781364226796
0 0.3033318673817083 0.9752674975419114 0.04338408848154651 0.04946500491617711
0 0.5744885709132346 0.9437948785301087 0.052866357820196774 0.08604364712937285
0 0.61107544186902 0.9399012119689223 0.052338381370705234 0.08296357150225242
0 0.987143238505569 0.5671952274419412 0.025713522988862203 0.10305021988853724
0 0.9823862036490018 0.46720281790543805 0.03522759270199649 0.09955221615684079
0 0.9643659313385999 0.3744265125221593 0.03970987959493344 0.09649408629717743
0 0.9901995311963648 0.8687560658922963 0.01960093760727033 0.08762789598547704
0 0.9460336663183826 0.8824837730867077 0.04147001409832507 0.08932187367886757
0 0.38632888692606565 0.026459998590039585 0.0684655258934318 0.024441815079332463
0 0.321757347101449 0.033565415383090186 0.06657339727766742 0.030844008790862187
0 0.26323591018615816 0.04359696792343115 0.0634933216505468 0.03031603234137059
0 0.20702452999120763 0.053232538126653406 0.06041324602342624 0.02978805589187894
0 0.19705178558539832 0.6193052049244585 0.0773965949846166 0.12014425620990155
0 0.1851529257654122 0.32331038446885185 0.07559256894631061 0.11834023017159545
0 0.7725873320154293 0.3977888313969058 0.08415087949835043 0.11158594565786178
0 0.905625675763994 0.2814517367088776 0.05753036279579227 0.0958118504602265
0 0.3832217534094221 0.4661178900711573 0.10355529204768432 0.12014393670227241
0 0.6880391921494435 0.4178303102177595 0.09763718325073178 0.1161399022885416
0 0.5901542153040996 0.831724528450041 0.0570462778812153 0.10170801348972192
0 0.9345772364314626 0.37636221316520924 0.056122319094604634 0.09631788114226092
0 0.8430550348695409 0.38808742389131157 0.07425068205512442 0.10615192177548599
0 0.798440066364611 0.21104891263425035 0.07150075146275059 0.094469644061411
0 0.8133334552952923 0.2933089415473529 0.07062068421105483 0.09805575037056588
0 0.7541539648639114 0.13303464108453822 0.07920094053055204 0.09578958518514014
0 0.8931062638102504 0.37950780658707256 0.06281044679833792 0.10045390966836465
0 0.6930565659577596 0.3083778966176925 0.08822107072208252 0.10480971537667061
0 0.6144936502216147 0.23386130929204782 0.0893651261985241 0.10276364688107603
0 0.32036741507616967 0.3722630470061798 0.09196111691106756 0.10918778636006299
0 0.682145265673352 0.2262279160495056 0.08384299973869014 0.10106966918768545
0 0.4837201936279596 0.45126871218301967 0.10445730506683737 0.12104594972142557
0 0.4745181071441885 0.9573931084452966 0.05495631785070598 0.08521378310940686
0 0.4723031821691467 0.34304813712922355 0.101465332017175 0.11231175352209816
0 0.3964672927350311 0.35842561097448183 0.09517318665056096 0.11048578171633483
0 0.6262350555778508 0.8295028938147879 0.05423019047884048 0.10272007485379042
0 0.9182109250201094 0.1976519894898439 0.0545383897461299 0.08707765426089914
0 0.940166478224185 0.27949409029837036 0.050578246867313825 0.09013578412056236
0 0.566731490756676 0.1540649574714869 0.09165323715140716 0.09867150988988682
0 0.5654729138285114 0.5490178608244416 0.10265327902853127 0.11924192368311937
0 0.5879367342680248 0.4349895448262375 0.10381928027243004 0.1216839745158328
0 0.8630106476663402 0.28717137507582724 0.06740861447156132 0.09675775501429412
0 0.6875945256629739 0.8221554345644488 0.053438225804603 0.09809996141310962
0 0.41599667022889775 0.96254087882784 0.051876242223585445 0.07491824234431999
0 0.6360331923668889 0.14218548735792522 0.08588906823428477 0.09992561371124392
0 0.8806129512231424 0.12166184066826904 0.05722248303613153 0.08529557399005022
0 0.624128900917208 0.31781531589854084 0.09310517238750904 0.1071417178644683
0 0.2452805573042645 0.2995285399513839 0.09244520182564464 0.10329162333056754
0 0.5399118646088565 0.24268264954594623 0.09411723375157777 0.10432563046209359
0 0.8453011713332843 0.20697936042577664 0.06738666870410392 0.09226963568598623
0 0.8133715956928831 0.8021804320612252 0.04895010647629505 0.09807801564565222
0 0.3486341838456548 0.7082549590794394 0.09779112313056193 0.12139804052362957
0 0.5469950161268207 0.3302447082290515 0.09631724212700266 0.10843971322074009
0 0.7897904581588219 0.507395504384432 0.08300682402190906 0.1136320141534562
0 0.4971877466891744 0.1691564973245421 0.09229126194581455 0.09803348509547949
0 0.6977886447891306 0.1371480848279265 0.08010295354970509 0.09669159820429307
0 0.5218645750579554 0.8402599347117365 0.057684302675622634 0.1010699886953147
0 0.5115703123233848 0.669227954336715 0.09611909120462869 0.12036403339210378
0 0.3933662298633407 0.27097360063629217 0.09323716649988195 0.10791173677124849
0 0.7468001154609902 0.626527699230265 0.08672492444343671 0.11352196580854068
0 0.2572478104876553 0.38783867177381204 0.08901303539631988 0.10942982881735147
0 0.7585301188015291 0.30191050461904917 0.08025689342953513 0.10194973643938121
0 0.6688962117638226 0.6390890856731485 0.08852895048174292 0.11532599184684678
0 0.31739834631685215 0.2855810555747703 0.09209311102344042 0.1099578052668431
0 0.40493174957228895 0.8563409511461448 0.05845432158240271 0.10120198280768766
0 0.8848361238038174 0.20178769850831865 0.06468062964664467 0.08956359662852703
0 0.3516541733077273 0.19410338456302162 0.0915212430390342 0.0979014909831066
0 0.7673892799453892 0.9131064071572224 0.05007221618527946 0.09154382782174986
0 0.9505704697960418 0.4742866084386604 0.05935633460155554 0.10210399582684049
0 0.48785174904725603 0.845297656749364 0.058718309807148705 0.10274202062124793
0 0.7215227636801347 0.5206830181991812 0.08943096350089597 0.11622800486599977
0 0.9829509876533982 0.7641435429151123 0.03409802469320378 0.09378804723971812
0 0.8595727300996918 0.7942607853188507 0.04714608043798896 0.09627398960734612
0 0.7420747462898303 0.21516235637763864 0.07726492037987298 0.09321554024005374
0 0.8607422459275107 0.49126995739985085 0.07695672111258334 0.1088579608329453
0 0.7077237875536566 0.9257120046426496 0.054054304831553046 0.09297381729039444
0 0.46702405668948865 0.25676212803493276 0.09605325390225666 0.10689967540717982
0 0.4258180308159095 0.17821988003572897 0.09202727372106856 0.09649344728191919
0 0.9928677242991246 0.7608436901057896 0.014264551401750758 0.09134599640700503
0 0.9059093732027933 0.4819422669562891 0.06397644804223668 0.10289596050107808
0 0.19560208690270026 0.41663661206907954 0.08250079333987459 0.11504005785464372
0 0.8846115540071787 0.5981486455624607 0.061050312294946396 0.10762612228667445
0 0.3993027698438304 0.5830507155568235 0.09996918573852942 0.12102400395396828
0 0.9250243371760039 0.7830412857671536 0.03918190314544179 0.09341401067005695
0 0.850419327765272 0.8980810241141682 0.04789415357731208 0.09191786439141114
0 0.42741815479451795 0.6915794898779093 0.09856114203734201 0.12153003463600254
0 0.44083670419875254 0.8438450824980038 0.05768430267562269 0.10106998869531458
0 0.3314265845954548 0.970378069188435 0.051744248111212476 0.05924386162312989
0 0.6433768175256788 0.5364564743815581 0.08685691855580968 0.11429198471532076
0 0.28763255570005963 0.2090409845362465 0.08472306699038581 0.0974835628785306
0 0.25456116113662064 0.612617716235984 0.08775893157496273 0.11519399773447392
0 0.48233281766371305 0.5680253325137694 0.10302731559819267 0.11706386107515188
0 0.3737789024988791 0.868814874026828 0.05293219512256864 0.0995080051142967
0 0.6734469733182116 0.9292096888667172 0.05533035442036749 0.09169776770158
0 0.8006320870493084 0.9082006792319675 0.049170203166126414 0.0906418148025967
0 0.7818008205148971 0.8075921906685144 0.05062213840222829 0.09911202277717834
0 0.8905054804832704 0.7897510397307146 0.043670022473749626 0.09343595643751401
0 0.8163438595284918 0.6114361593772097 0.08300682402190906 0.11363201415345625
0 0.5115009604370928 0.9574373194878403 0.05288830358765406 0.08512536102431945
0 0.5909923080666554 0.6516504721160319 0.09636113366191723 0.11741595187735598
0 0.8449280932865101 0.1261935320238625 0.06672669814223942 0.08841954115208545
0 0.7248194214131665 0.8173597549841096 0.0520301821034157 0.09860599209514376
0 0.8056571290407227 0.13292523175488077 0.06428464730952599 0.08725353990818657
0 0.21964504407625196 0.7279879191253745 0.08584485719174118 0.11710807211769558
0 0.9637695615257034 0.5790311255282173 0.05871830980714843 0.10274202062124771
0 0.9659234418128099 0.7673114016120621 0.0384118842386616 0.09328201655768398
0 0.8804720108971549 0.8976853612846787 0.04481407795019121 0.09138988794191971
0 0.3387540151241112 0.8771966599163221 0.05266820689782281 0.09796796730073665
0 0.3807077946293839 0.9656757389966966 0.04983017372799081 0.06864852200660654
0 0.9783525146356914 0.872187912813992 0.03761991956442423 0.0886619031170034
0 0.22900107043985313 0.2230546257228611 0.08793513672987918 0.09878155823480228
0 0.274448380570015 0.7193863560536782 0.0918730143336092 0.1173940061098987
0 0.9189510104687046 0.8863335481129794 0.042900003566969436 0.09330396232514127
0 0.921946498102287 0.5893708773358479 0.0628323925657952 0.1049420289966726
0 0.9974762258408186 0.8642021092616163 0.005047548318362738 0.08773794433039284
0 0.3260409253548012 0.5995722448785233 0.09341305214716944 0.11765799433464452
0 0.9151537536833334 0.1197041942577618 0.04785026204239706 0.08294162573479524
