0 0.7502214441777958 0.9584650828644017 0.03651651527751576 0.08306983427119652
0 0.7224935633085356 0.9585902678921652 0.040492902611212966 0.08281946421566955
0 0.6923371178524089 0.9609570641902095 0.041079251158461894 0.07808587161958092
0 0.6619409133559679 0.9582400213277439 0.04337488717163396 0.08351995734451223
0 0.6295434661391415 0.9553093175320377 0.04657736313191585 0.08938136493592452
0 0.596611866589214 0.95419621199649 0.04636370219867547 0.08838979932677249
0 0.5238641974881664 0.9441541481341904 0.047458104971951465 0.09081836391363884
0 0.48626303159067263 0.936597721149554 0.04801835541212651 0.08937737163342818
0 0.4473538019866622 0.9328040205653744 0.050207160958678665 0.094234500807161
0 0.4090048228228268 0.9306649731946457 0.05044691999899287 0.0904717744067044
0 0.36876143140522605 0.9251097889303947 0.04700468499839672 0.09303326756726493
0 0.2943591090907276 0.9156279755082701 0.045029540385085054 0.08972396114036296
0 0.2580113726472778 0.9161311536576484 0.045696621291880346 0.08905688023356773
0 0.19060035080059184 0.9131350245156336 0.04292146719807932 0.09095129248733314
0 0.1588699844905605 0.9087549753842051 0.043802209038114825 0.09183203432736842
0 0.12826011906087914 0.9076842326796783 0.03939849983793675 0.08742832512719045
0 0.10504277785841717 0.9044793186810722 0.0397189912377975 0.08975005924743673
0 0.05596586993338645 0.9000707334042454 0.0356357734374802 0.08766808416750482
0 0.03832737306392481 0.8850173897640936 0.034087950690649294 0.08745442323426456
0 0.017192006941394722 0.878156579831651 0.032086707970263695 0.08945566595465038
0 0.006910556152147251 0.8740448258859351 0.013821112304294503 0.09068299730162033
0 0.06694574792651842 0.7919629001664038 0.033955022116955114 0.0919910610081367
0 0.0902699195956006 0.7943939027915947 0.038705320824067746 0.09340595518127337
0 0.027476267882333122 0.7865145463687733 0.031073037556533956 0.09311156188848668
0 0.012333421352285073 0.7730090254754525 0.024666842704570147 0.09145690867503564
0 0.0038672869512573205 0.7661221174359356 0.007734573902514641 0.08881468315492891
0 0.23896773375797736 0.8141314410092594 0.043909039504735126 0.09260594570078395
0 0.5000180636776055 0.8312389438984396 0.05186181417212948 0.09522207311381692
0 0.7702224015045243 0.8448781136799495 0.037050667610616816 0.09241838287461757
0 0.7412671892882937 0.843247120535248 0.04126681398462817 0.08996372018067711
0 0.6786611004011929 0.8282957312850677 0.0522084036790641 0.09223325808677552
0 0.10240199296730051 0.3922756039387991 0.057386024252657486 0.09674379775357367
0 0.1512586461586126 0.2097417883177098 0.06237608200008456 0.09439596552625362
0 0.2526410360760298 0.2237365794449571 0.07574623628138669 0.09775990620562797
0 0.08912232319884247 0.2942261805170335 0.05607796054614106 0.09276741041987657
0 0.2754223006680474 0.8128543514864656 0.04820591823829301 0.09623574352754649
0 0.07685632384411412 0.20025997489558514 0.05543697774641987 0.08812394217938407
0 0.19769332856353655 0.21615161631492227 0.07043568713409909 0.09778600431270185
0 0.4919411151804805 0.24415095072271478 0.09197227701603616 0.10531389515193984
0 0.1800972757549249 0.3036296996179363 0.06645929980040188 0.09647794060618547
0 0.3154346877892973 0.2316159358677786 0.08257851006843114 0.10325801817908203
0 0.7247074695528272 0.4718691776475035 0.08994493618857669 0.11262568701961306
0 0.6526268813585749 0.4627078556252396 0.09215983984220255 0.1121722670460582
0 0.33422881548498556 0.42112226796457997 0.08919712292223514 0.1072083074057053
0 0.32011500369949575 0.6376323277330495 0.08826418486805165 0.11694866386024483
0 0.39876860233388245 0.8219944514783049 0.053169877878645966 0.09919846044751424
0 0.7423842547209851 0.37809297289054616 0.08433999374850243 0.10501950185915321
0 0.30080135190065316 0.3147710423301608 0.08313876050860602 0.10181702589887143
0 0.8060586482742882 0.38530524840657243 0.08111141968114655 0.1091288177665446
0 0.11178916611442721 0.20429343452007914 0.054983557772865066 0.0903388458330101
0 0.05453607043546385 0.2933951968528213 0.04780469447888608 0.08782954888659747
0 0.06226543201632001 0.3859465083011329 0.05164815323888905 0.09367425036698607
0 0.5983038106920269 0.3534722073920748 0.08943688196254951 0.10344558100524848
0 0.6738266338868752 0.36626332724110133 0.08711514784230323 0.10312508960538774
0 0.3677850518808583 0.3208628169658372 0.08722197830892348 0.10389900097880328
0 0.14258099797913112 0.501136126519631 0.07193131366678202 0.10862076354051747
0 0.14883667537222445 0.3986854319360117 0.0662195407600875 0.10024066700664219
0 0.027455237886650885 0.5828926847626525 0.05491047577330177 0.10504316192790275
0 0.5849173104569485 0.25619669534372447 0.09229276841589684 0.10763562927218612
0 0.5200882834867531 0.5658656371381796 0.10099335634963258 0.11566913629912678
0 0.22292266204901612 0.6218499548186571 0.08484804797452938 0.1141996078735178
0 0.6229662999368532 0.5690256690376113 0.09997968593590278 0.11932503223296331
0 0.5265437138976351 0.3419891512495645 0.09330643882962653 0.10397973333834953
0 0.3105458641173465 0.5298425478567442 0.08959834668164196 0.11561450204665435
0 0.3304124522413907 0.9229707415596662 0.04679102406515634 0.09148544482043397
0 0.26193456635749285 0.4135087686891468 0.08201825962825615 0.10469901045929264
0 0.4150621878271216 0.4354351124533634 0.09250642934913722 0.10918345201901691
0 0.6620140545057016 0.2747256862065195 0.0917325179757218 0.10907662155239667
0 0.5293108335619676 0.670452941054203 0.10187409818966814 0.1165498781391624
0 0.39290655749038333 0.23600086107585608 0.08933005149592932 0.1026716696318331
0 0.8019044502677224 0.3011340334921361 0.08092385685498027 0.10227044587242617
0 0.5367123896279898 0.833938241709343 0.05538478153227189 0.09874504047395927
0 0.7207735262799801 0.5746403636309834 0.0958964681355855 0.11724305715303152
0 0.13102036782989418 0.2992211143411093 0.0632568238401201 0.09527670736628918
0 0.20100922879091676 0.40352133907931953 0.07217107270709641 0.10485803714006076
0 0.41294192444849354 0.547920556784309 0.10240825052276936 0.1204194350062393
0 0.4459501005958136 0.3316526940944783 0.09109153517600055 0.10443315331190428
0 0.5731537689371033 0.45568070489705526 0.09536231580248444 0.11337350028595461
0 0.3125700465919865 0.8179822138842359 0.05295621694540559 0.0976506377006835
0 0.21356718340010739 0.512512352195521 0.08287290336121778 0.11089030144661571
0 0.23515181373403843 0.31044075137455573 0.07606672768124734 0.10008164032587413
0 0.7408722822345262 0.29192051525572416 0.08401950234864186 0.10269776773890699
0 0.13733899099976749 0.6076700389035676 0.07766918468055051 0.11169031092710513
0 0.2075578588478066 0.8074296577575846 0.044229530904595776 0.09492767982103012
0 0.0077967835784129025 0.7684177534491079 0.015593567156825805 0.0887885850478548
0 0.7957743873333498 0.4769472818694501 0.09045299041460364 0.12180579303397776
0 0.44088030789817456 0.8254415625555498 0.05218230557199016 0.09754380723406308
0 0.1749467506977397 0.8037166895329512 0.04201462725096977 0.09538109979458498
0 0.635070834572489 0.6755881175669465 0.09621695953544607 0.11956479127327768
0 0.7992068701806481 0.5720600864783224 0.08957224857456803 0.12092505119394192
0 0.42229740309740227 0.657258159407445 0.10296850096294435 0.11897844272602875
0 0.035301710367177414 0.47844074745864784 0.05405061971868158 0.10007920228754968
0 0.08197615181241563 0.48882696278955756 0.06211022485269624 0.10346924107399802
0 0.14321638438770834 0.7993366404015227 0.042121457717589905 0.09615501116800029
0 0.35225318756941215 0.8218827449350358 0.05018106285160456 0.0995450499544488
0 0.7208159703408301 0.677171790574149 0.0947759672552354 0.12012504171345262
0 0.04847870543116911 0.7886250575941035 0.03483576395699073 0.09287180284817231
0 0.11735681766513956 0.798132969123302 0.038812151290687935 0.09417986655468868
0 0.5936637778991931 0.8212946786639573 0.05383695878544126 0.098531379540719
0 0.07761488667308769 0.594693794266699 0.0622170553193163 0.10424315244741333
0 0.7908431196005492 0.6726424669152502 0.08669026401414703 0.12204555207429202
0 0.22297169991034446 0.9128716054065696 0.0426009757982187 0.08862955836708686
0 0.5592504597320344 0.9506161723455506 0.047564935438571654 0.09159227528705405
0 0.08182543665595526 0.901274404682466 0.03761091805079174 0.0909773905944069
0 0.6292376029692275 0.820684670047959 0.05162205513181517 0.09898479951427341
0 0.48957134060824026 0.4441430145020727 0.09416108256258826 0.11017102432567277
