0 0.14308176100628933 0.98046875 0.02515723270440251 0.0390625
0 0.11871069182389937 0.978125 0.022012578616352294 0.043749999999999956
0 0.09748427672955973 0.978125 0.01729559748427678 0.043749999999999956
0 0.07940251572327045 0.97265625 0.01808176100628922 0.053906250000000044
0 0.06210691823899378 0.9671875 0.014150943396226245 0.06562500000000004
0 0.032232704402515744 0.9578125 0.011006289308176043 0.07421875
0 0.046383647798742156 0.96328125 0.01729559748427678 0.07343750000000004
0 0.018081761006289276 0.95078125 0.016509433962264123 0.08203125
0 0.4473270440251572 0.83671875 0.0778301886792453 0.09453125000000018
0 0.52437106918239 0.83671875 0.07625786163522014 0.09453125000000018
0 0.6171383647798743 0.83359375 0.07625786163522008 0.09140624999999991
0 0.7688679245283019 0.85234375 0.061320754716981174 0.09140625000000002
0 0.9135220125786163 0.8359375 0.038522012578616316 0.08906250000000004
0 0.9882075471698113 0.71171875 0.01650943396226412 0.08359375000000002
0 0.9677672955974843 0.721875 0.027515723270440273 0.08750000000000002
0 0.7539308176100629 0.00859375 0.05817610062893075 0.0171875
0 0.8742138364779874 0.84453125 0.04795597484276726 0.0859375
0 0.9386792452830188 0.7289062499999999 0.035377358490566 0.08437499999999998
0 0.8616352201257862 0.74296875 0.04481132075471694 0.08828124999999998
0 0.30110062893081757 0.83125 0.07468553459119498 0.09687499999999982
0 0.22091194968553463 0.828125 0.0691823899371069 0.09609375000000009
0 0.7020440251572327 0.7484375 0.06996855345911945 0.09296875000000004
0 0.09040880503144655 0.81640625 0.04795597484276737 0.09296875000000004
0 0.6265723270440251 0.74296875 0.06525157232704404 0.09531250000000002
0 0.3930817610062892 0.73046875 0.07940251572327034 0.09999999999999998
0 0.06839622641509435 0.71640625 0.04323899371069184 0.09296875000000004
0 0.8121069182389937 0.7445312499999999 0.04323899371069184 0.08828124999999998
0 0.8238993710691824 0.84921875 0.0558176100628931 0.08984375
0 0.6949685534591195 0.84140625 0.06996855345911956 0.09453124999999996
0 0.026729559748427723 0.80703125 0.03144654088050314 0.08906250000000004
0 0.12106918238993714 0.71953125 0.05110062893081757 0.09531250000000002
0 0.9040880503144654 0.73828125 0.036949685534591215 0.0859375
0 0.47955974842767307 0.73359375 0.0809748427672955 0.09687500000000004
0 0.1501572327044025 0.8234375 0.054245283018867996 0.09296874999999982
0 0.3144654088050315 0.73203125 0.07468553459119498 0.1015625
0 0.3757861635220126 0.8390625 0.07311320754716977 0.09453124999999996
0 0.5558176100628931 0.73828125 0.07468553459119498 0.09531250000000002
0 0.23506289308176104 0.728125 0.06682389937106914 0.1015625
0 0.7602201257861636 0.74921875 0.05188679245283023 0.08984375
0 0.02515723270440251 0.715625 0.03144654088050314 0.08984375
0 0.16823899371069184 0.721875 0.04795597484276737 0.09375
