0 0.9851149399840122 0.8706299739302179 0.029770120031975544 0.09358611038833364
0 0.9706153924706868 0.8709366904826534 0.04132296074116504 0.09077914070641491
0 0.9344949583651241 0.882051405786056 0.04440068574781053 0.09132065135586787
0 0.9102364565765341 0.8839398195643322 0.04286182324448773 0.09104989603114111
0 0.8670129288211385 0.8907515374050116 0.047207655429729156 0.09032329950199802
0 0.8385439725096704 0.8957605109124507 0.048475762608325534 0.08905519232340198
0 0.7859947267944938 0.9081792946221585 0.05001462511164778 0.0893259476481284
0 0.7509641874826458 0.9119629956735197 0.05436045729688921 0.08859935111898509
0 0.6928010024036317 0.9285425256887783 0.052365753589149855 0.09421329048282256
0 0.6533817961840245 0.9299253900453104 0.05155348761497036 0.08959670297285449
0 0.5925967273027821 0.9406202253720053 0.05535780915075894 0.08579238143706647
0 0.5536264887927824 0.9490633486558524 0.0492023591374684 0.08470936013816066
0 0.5059217511897821 0.9551073704092988 0.05390461609247238 0.08978525918140234
0 0.4682196198583786 0.9585595007995611 0.050826891085827164 0.08288099840087781
0 0.43205635103029777 0.9625779959479398 0.04874651793305185 0.0748440081041204
0 0.3977952429701107 0.9647191844370878 0.05001462511164784 0.07056163112582436
0 0.36439610910143067 0.9646874568336152 0.04539803760168015 0.07062508633276965
0 0.3315384858822035 0.9665116185281143 0.04204955727030846 0.06697676294377142
0 0.30248518419876447 0.9647165445665151 0.04232031259503488 0.07056691086696976
0 0.27170793413231265 0.9666546665621183 0.04286182324448773 0.06669066687576308
0 0.9994446009501641 0.7551930719429327 0.0011107980996719613 0.08480877657281483
0 0.991094817482994 0.7603442966075444 0.01781036503401201 0.09558081409607277
0 0.9834681937975627 0.7639566587688333 0.033063612404874654 0.09531005877134635
0 0.965056441065322 0.767205722665551 0.039328257033425906 0.09639308007025238
0 0.9452722756295275 0.7809989034833179 0.041408630186201445 0.09974156040162385
0 0.9223247157420519 0.785829664605876 0.03878674638397306 0.093315355063607
0 0.8886051183313182 0.7925557130015193 0.049102942702814345 0.10109533702525608
0 0.8595946513703974 0.7944869615023131 0.04675181422531238 0.0962079941905617
0 0.8165065012773647 0.8020681105946539 0.050100294556683966 0.09828836734333724
0 0.7830148244688393 0.8055810563212887 0.05190991238473319 0.10009798517138635
0 0.7281572849986789 0.8184059730180862 0.05417537141719886 0.09602290831087157
0 0.6901415636200309 0.8187486507982304 0.05417537141719886 0.09602290831087146
0 0.6289931964742168 0.8318871575422724 0.053719530212782196 0.10190760299943558
0 0.5889827713878295 0.8389267959851601 0.05317801956332924 0.0988298779927903
0 0.5289671337582484 0.8494862536494916 0.055258392716104665 0.10217835832416189
0 0.48818727742019963 0.8566612697547424 0.05136840173528018 0.09702026016474141
0 0.4508056096308497 0.8560991386208624 0.051639157060006546 0.09855912266806399
0 0.41387290955110745 0.8625972664142971 0.055799903365557624 0.10525608333080705
0 0.37327813909274904 0.8618072146782086 0.05579990336555751 0.10525608333080716
0 0.341140238907856 0.8730144729214564 0.051639157060006435 0.09855912266806399
0 0.9787891971975587 0.5698526832324056 0.042421605604882506 0.11014342616550143
0 0.9370470119457524 0.580960525040999 0.06349421588217041 0.10660985995443928
0 0.8773449643634159 0.5978108103809843 0.07453700873015523 0.11004400973084705
0 0.8023039999651806 0.6086341498752332 0.08458244972427009 0.11628512918917355
0 0.715899779176907 0.6270095507289228 0.09327411409475261 0.11483193613088716
0 0.6355156307395605 0.6435324990320451 0.1017806925855449 0.12080230026448713
0 0.5448581207058909 0.6602764944425672 0.10404615161801084 0.11672722340397235
0 0.43763642140024417 0.6775551270077327 0.10404615161801073 0.11672722340397235
0 0.3411010901728197 0.6834345419551512 0.09770561572503011 0.1230677592969529
0 0.26112307472256313 0.7022657840132576 0.09435713539365831 0.12098738614417748
0 0.9726809233603351 0.45887637060829767 0.05091256053086324 0.1029049548533052
0 0.9265578829831753 0.47175099552242217 0.06530383371021964 0.1084194777824885
0 0.8684872408440065 0.4843479916170111 0.07272739090210611 0.10823439190279804
0 0.7959327825856362 0.5002865945481626 0.08711866408146218 0.1137489148319813
0 0.7065862144530808 0.5199729373029663 0.0992444782283528 0.12333851462167944
0 0.6078710936382266 0.5405143807544677 0.10585576944605979 0.11853684123202135
0 0.500193553128163 0.56421921865765 0.10277804443941468 0.11799533058256839
0 0.394467881603321 0.5764751307257583 0.10793614259883538 0.12188532156339293
0 0.29838151808550417 0.5894148046004917 0.09843221225417342 0.11872192711171159
0 0.22048387578802287 0.6110530163405169 0.08837302427044036 0.1378292042356899
0 0.9622277556254668 0.3679052705273835 0.040054853562569215 0.09204724788501095
0 0.9348915288302317 0.3703351949551124 0.05517272327106859 0.09321593862895272
0 0.8962845885848038 0.3763346468216125 0.058521203602440286 0.09529631178172837
0 0.8506602241345789 0.3875350315700511 0.069108155246008 0.10461515624669993
0 0.795489094617174 0.3940691205911949 0.0819605659220417 0.10985892385115681
0 0.7316263007292865 0.40530546656734256 0.08811601593533203 0.11094194515006267
0 0.6635102175960026 0.41491040710032234 0.08992563376338103 0.11275156297811156
0 0.5873793584040523 0.43306476084661266 0.10115351249105597 0.10876215556263291
0 0.505819645727955 0.44741479305711446 0.09961464998773334 0.10849140023790638
0 0.42602671615738846 0.45828096727388146 0.09915880878331651 0.11437609492647022
0 0.347772649090145 0.4688763861659219 0.09861729813386366 0.11129836991982522
0 0.27404262659302386 0.48264207300445283 0.09435713539365845 0.12098738614417748
0 0.2041597603542089 0.49573087153116757 0.08738941940618883 0.11528777733530404
0 0.9380602030230585 0.2801403996206686 0.0484757626083252 0.08905519232340187
0 0.9036208825779906 0.2782673265856743 0.05825044827771375 0.09375744927840574
0 0.8628410262399417 0.2854423426909252 0.06286703578768149 0.09456971525258506
0 0.8147301556498519 0.2915274640024613 0.07029059297956808 0.09438462937289471
0 0.7589249725431488 0.29896636193762954 0.07309756266148693 0.09338727751902509
0 0.6968289617607922 0.3067188499200424 0.08549413213310353 0.10451573981204576
0 0.6245024241046304 0.3194443501821855 0.09164958214639396 0.10559876111095157
0 0.5494614597063949 0.33026768967643444 0.09608108377667157 0.11383458427701743
0 0.47070871671221637 0.34253734873416075 0.09653692498108829 0.10794988958845347
0 0.39494115578483774 0.3582480310631039 0.09318844464971654 0.10586951643567799
0 0.3226574528511941 0.375725496497578 0.09164958214639396 0.10559876111095151
0 0.2540855285134934 0.39175664236857466 0.0937299552991695 0.1089472414423232
0 0.19162621946656516 0.4019528017683346 0.08476753560396022 0.10886157199728702
0 0.9173765084143852 0.19414231181948474 0.05490196794634217 0.09167707612563031
0 0.8861931253608435 0.19724912455902982 0.056625916329354986 0.0845242742584702
0 0.8475861851154154 0.20324857642552976 0.06413514296627743 0.09330160807398896
0 0.8006080440415584 0.2067546486573555 0.07436566984008286 0.09211917034042894
0 0.7467478564252676 0.2162310850227812 0.07744339484672813 0.09266068098988178
0 0.6865540064108053 0.22126914626312044 0.0782556608209074 0.09727726849984952
0 0.6210169723572319 0.2320068163123333 0.08314300365560179 0.09962839697735154
0 0.5476074134021641 0.23857686656118607 0.08929845366889211 0.10071141827625735
0 0.4712983418253327 0.251209823883484 0.087488835840843 0.09890180044820823
0 0.3977465317130928 0.27049690714600705 0.09210542335081079 0.09971406642238761
0 0.32374575389124505 0.28272373148121555 0.08811601593533203 0.11094194515006264
0 0.25815901162034466 0.302195900623429 0.09219109279584684 0.10867648611759675
0 0.19071981679887695 0.31564799741471533 0.08522337680837722 0.10297687730872307
0 0.9146176531961298 0.10181743511493829 0.039328257033425906 0.09639308007025227
0 0.8907224496721116 0.10126217747586724 0.054716882066651706 0.09910063331751673
0 0.8603084978702312 0.10423361255304914 0.0580653623980234 0.10118100647029227
0 0.8197993968569091 0.11294749116162264 0.06422081241131394 0.10226402776919802
0 0.7752649272003991 0.11681686165801994 0.06395005708658741 0.10072516526587544
0 0.7242117092660271 0.12421292487067023 0.0768024677626209 0.10596893287033221
0 0.6663689877290666 0.13359681829625075 0.08033603397368294 0.1006257488312211
0 0.6006965760131302 0.14356505709380227 0.08341375898032799 0.10116725948067412
0 0.5320389822303934 0.15009227262013694 0.08513770736334109 0.09401445761351407
0 0.4594845239720231 0.16603087555128854 0.08875694301943904 0.09763369326961219
0 0.38833355055461233 0.1809292919060523 0.08803034649029595 0.1019795254548535
0 0.25227959667292615 0.2056605693960044 0.08703299463642619 0.10478649513677218
0 0.18782558391825854 0.2225536894585076 0.07653171243789458 0.10443007036700963
0 0.31985416915675685 0.1929779038563793 0.09110807149694111 0.1025210361043064
