0 0.8664921465968587 0.4578125 0.08376963350785338 0.11406250000000007
0 0.7774869109947643 0.44296875 0.0898778359511343 0.10000000000000003
0 0.8664921465968586 0.95390625 0.03315881326352521 0.08359375000000002
0 0.5584642233856894 0.95 0.04450261780104703 0.08046874999999976
0 0.5174520069808028 0.95234375 0.04450261780104714 0.07734374999999993
0 0.02356020942408377 0.6499999999999999 0.029668411867364748 0.09999999999999998
0 0.019197207678883072 0.54921875 0.02181500872600349 0.09765625
0 0.021815008726003494 0.4546875 0.027050610820244327 0.09375
0 0.01832460732984293 0.8546875 0.017452006980802792 0.08906249999999993
0 0.07766143106457243 0.94765625 0.024432809773123912 0.08515625000000004
0 0.13787085514834208 0.95234375 0.0305410122164049 0.0859375
0 0.5924956369982548 0.014062499999999999 0.07504363001745185 0.01328125
0 0.6649214659685865 0.01015625 0.07155322862129143 0.0203125
0 0.7312390924956369 0.01015625 0.0680628272251308 0.0203125
0 0.7949389179755673 0.01015625 0.06457242582897027 0.0203125
0 0.912739965095986 0.56640625 0.06631762652705053 0.11171874999999998
0 0.8699825479930192 0.27265625 0.06457242582897038 0.11015624999999996
0 0.23734729493891793 0.4453125 0.07591623036649209 0.1015625
0 0.06893542757417104 0.353125 0.04799301919720768 0.08984375
0 0.6788830715532286 0.446875 0.09685863874345546 0.10703124999999997
0 0.33420593368237345 0.45078125 0.09075043630017443 0.10390625000000003
0 0.5200698080279231 0.8421875 0.0462478184991274 0.09609375000000009
0 0.0549738219895288 0.4515625 0.0462478184991274 0.09062500000000001
0 0.15794066317626526 0.44765625 0.06544502617801048 0.09765625
0 0.17364746945898785 0.265625 0.06457242582897035 0.0859375
0 0.17277486910994763 0.34921875 0.06282722513089001 0.08984375
0 0.20767888307155324 0.18125 0.07329842931937172 0.0859375
0 0.1012216404886562 0.44765625 0.05322862129144852 0.09375
0 0.3080279232111693 0.34375 0.08202443280977312 0.09375
0 0.3804537521815009 0.25703125 0.08376963350785344 0.09140625
0 0.7303664921465969 0.34375 0.08551483420593364 0.09765625
0 0.30453752181500876 0.2609375 0.07766143106457246 0.09062499999999996
0 0.5654450261780104 0.44921875 0.0977312390924957 0.10781250000000003
0 0.6719022687609076 0.9507812499999999 0.04537521815008727 0.08828124999999998
0 0.5575916230366492 0.340625 0.09598603839441533 0.09921875000000002
0 0.6439790575916231 0.34296875000000004 0.08900523560209428 0.09843750000000001
0 0.4799301919720768 0.84609375 0.04275741710296688 0.09765625
0 0.03926701570680628 0.27265625 0.0462478184991274 0.08125000000000002
0 0.03054101221640489 0.35703125 0.041012216404886566 0.08515624999999999
0 0.4179755671902269 0.1703125 0.08726003490401396 0.08671875000000001
0 0.4938917975567191 0.559375 0.09598603839441538 0.10624999999999996
0 0.4476439790575916 0.45078125 0.09685863874345546 0.10859375000000004
0 0.1169284467713787 0.3515625 0.05933682373472948 0.08906249999999999
0 0.4109947643979057 0.84921875 0.04275741710296682 0.09296875000000004
0 0.738219895287958 0.9507812499999999 0.041884816753926635 0.08828124999999998
0 0.0462478184991274 0.94453125 0.023560209424083774 0.08671875000000007
0 0.3394415357766143 0.1703125 0.08027923211169286 0.08906249999999999
0 0.0663176265270506 0.19140625 0.049738219895287955 0.07890625000000001
0 0.3856893542757417 0.34140625 0.08726003490401396 0.09531249999999997
0 0.7993019197207678 0.259375 0.0872600349040139 0.09140624999999997
0 0.4642233856893543 0.253125 0.08900523560209428 0.09218749999999998
0 0.12129144851657939 0.26953125 0.060209424083769614 0.08437500000000003
0 0.268760907504363 0.85078125 0.03752181500872598 0.09375
0 0.7626527050610818 0.6796875 0.08987783595113441 0.109375
0 0.4729493891797557 0.340625 0.0907504363001746 0.09609374999999998
0 0.23909249563699825 0.5562499999999999 0.07417102966841191 0.10390624999999998
0 0.4973821989528796 0.1734375 0.0881326352530542 0.0859375
0 0.27050610820244325 0.17578125 0.07417102966841188 0.08671875000000001
0 0.5968586387434553 0.8390625000000002 0.047120418848167644 0.09531250000000013
0 0.5759162303664922 0.66875 0.08813263525305415 0.10859375000000004
0 0.630890052356021 0.25625 0.0872600349040139 0.09609375000000003
0 0.3089005235602094 0.6664062500000001 0.07853403141361259 0.10312500000000002
0 0.8027923211169286 0.34843750000000007 0.08202443280977312 0.09843750000000001
0 0.2347294938917976 0.3484375 0.07329842931937178 0.09218749999999998
0 0.3970331588132635 0.665625 0.08027923211169286 0.10468750000000004
0 0.7172774869109948 0.2578125 0.08551483420593364 0.09843749999999998
0 0.7286212914485166 0.8351562500000002 0.047993019197207665 0.09531250000000013
0 0.07678883071553229 0.27109375 0.05759162303664922 0.08203125000000003
0 0.662303664921466 0.1734375 0.08726003490401402 0.0859375
0 0.34031413612565453 0.95234375 0.04013961605584643 0.08671875000000007
0 0.05584642233856893 0.55078125 0.0488656195462478 0.09609374999999998
0 0.6352530541012216 0.83828125 0.047993019197207665 0.09687500000000004
0 0.3167539267015707 0.5578125 0.08115183246073299 0.10546875
0 0.07329842931937172 0.8421875000000001 0.024432809773123912 0.09140625000000002
0 0.2164048865619546 0.85078125 0.035776614310645743 0.09218749999999998
0 0.23647469458987785 0.26015625 0.07155322862129143 0.08359374999999997
0 0.15794066317626526 0.5523437499999999 0.06806282722513089 0.09999999999999998
0 0.4083769633507853 0.9546874999999999 0.044502617801047195 0.08750000000000002
0 0.5471204188481675 0.2546875 0.09075043630017454 0.09453124999999998
0 0.5776614310645725 0.17031249999999998 0.08813263525305404 0.084375
0 0.051483420593368245 0.8421875 0.023560209424083774 0.08906250000000004
0 0.10645724258289704 0.55078125 0.05410122164048865 0.09609374999999998
0 0.8760907504363 0.36640625 0.0732984293193718 0.10546875
0 0.15183246073298434 0.66171875 0.049738219895287955 0.1015625
0 0.6832460732984293 0.56484375 0.0924956369982548 0.10859375000000004
0 0.14223385689354276 0.85078125 0.027050610820244347 0.09062500000000007
0 0.24607329842931938 0.9515625000000001 0.037521815008726034 0.08750000000000002
0 0.6727748691099477 0.6765625 0.09075043630017454 0.109375
0 0.6867364746945899 0.82890625 0.047120418848167644 0.09531250000000002
0 0.8342059336823734 0.9515625000000001 0.041884816753926746 0.08750000000000002
0 0.40575916230366493 0.5601562499999999 0.07853403141361259 0.10390624999999998
0 0.7356020942408377 0.17734375 0.07940663176265272 0.08671875000000001
0 0.8481675392670158 0.56953125 0.07940663176265261 0.10468750000000004
0 0.5890052356020943 0.5640624999999999 0.09685863874345546 0.10390624999999998
0 0.7652705061082025 0.8421875 0.041884816753926746 0.09453124999999996
0 0.4467713787085515 0.95234375 0.0462478184991274 0.0859375
0 0.30279232111692844 0.953125 0.03926701570680624 0.0859375
0 0.3045375218150087 0.85078125 0.039267015706806296 0.09453125000000007
0 0.18150087260034903 0.8515625 0.032286212914485135 0.08984375
0 0.22949389179755672 0.66328125 0.07417102966841188 0.10390624999999998
0 0.6308900523560209 0.95546875 0.04363001745200701 0.08515625000000004
0 0.48516579406631755 0.66484375 0.08900523560209422 0.10546875
0 0.10645724258289704 0.18984374999999998 0.06020942408376963 0.08046875
0 0.027923211169284465 0.94453125 0.021815008726003487 0.08515624999999993
0 0.3691099476439791 0.85078125 0.04101221640488656 0.09375
0 0.15095986038394416 0.18984375 0.05759162303664919 0.07968749999999997
0 0.9083769633507852 0.6773437500000001 0.07678883071553233 0.10703125000000002
0 0.034904013961605584 0.84375 0.02268760907504363 0.08984375
0 0.06108202443280977 0.65625 0.047993019197207686 0.09687500000000004
0 0.09424083769633508 0.8421875 0.02617801047120419 0.09062499999999996
0 0.2129144851657941 0.95625 0.034031413612565425 0.08750000000000002
0 0.8054101221640488 0.84453125 0.041884816753926635 0.09296875000000004
0 0.7783595113438045 0.9515625 0.03926701570680624 0.08984375
0 0.10034904013961606 0.94765625 0.02617801047120419 0.0859375
0 0.8027923211169284 0.18125000000000002 0.08289703315881325 0.0875
0 0.8464223385689353 0.678125 0.08376963350785338 0.10624999999999996
0 0.16841186736474695 0.9515625 0.031413612565445004 0.08984375
0 0.10907504363001747 0.659375 0.05235602094240839 0.09843749999999996
0 0.06282722513089005 0.9453125 0.020069808027923207 0.0859375
0 0.7670157068062826 0.56875 0.08551483420593375 0.10624999999999996
0 0.027923211169284465 0.1953125 0.03926701570680628 0.078125
