0 0.53359375 0.21328125 0.08124999999999999 0.08828125000000003
0 0.7593749999999999 0.68046875 0.07578125000000002 0.11093750000000002
0 0.8421875 0.6820312499999999 0.057812500000000044 0.10390624999999998
0 0.9085937500000001 0.6820312500000001 0.04453125000000002 0.10312500000000002
0 0.98203125 0.86640625 0.015625 0.08750000000000036
0 0.9671875000000001 0.8687499999999999 0.017968749999999978 0.08828124999999998
0 0.36406249999999996 0.87890625 0.039843749999999956 0.09296875000000004
0 0.32812499999999994 0.8882812499999999 0.03281250000000002 0.08359375000000002
0 0.2960937500000001 0.89296875 0.03359374999999998 0.08203125
0 0.2640625 0.88828125 0.028124999999999956 0.09296875000000004
0 0.23515624999999996 0.88828125 0.03125 0.09375
0 0.20546874999999998 0.884375 0.028124999999999956 0.09375
0 0.25312500000000004 0.97421875 0.03437500000000007 0.051562499999999956
0 0.28437500000000004 0.96796875 0.04296875 0.06406250000000002
0 0.33203125000000006 0.96796875 0.03359374999999998 0.06406250000000002
0 0.36796874999999996 0.96796875 0.038281250000000044 0.06406250000000002
0 0.40625 0.96484375 0.04062500000000008 0.06328124999999996
0 0.44375 0.9593750000000001 0.0390625 0.06796875000000002
0 0.48359375000000004 0.9578125 0.03671874999999991 0.06874999999999964
0 0.57734375 0.9593750000000001 0.0390625 0.07265624999999998
0 0.8703125 0.8828125 0.025000000000000022 0.08828125000000009
0 0.890625 0.8796875 0.02578125000000009 0.09218749999999964
0 0.93828125 0.96171875 0.020312500000000067 0.07656249999999964
0 0.91953125 0.96328125 0.020312499999999956 0.07343750000000004
0 0.89921875 0.96328125 0.0234375 0.07343750000000004
0 0.8765624999999999 0.96484375 0.025781249999999978 0.0703125
0 0.853125 0.965625 0.02734375 0.06796875000000002
0 0.8265625 0.96484375 0.030468750000000044 0.06953125000000004
0 0.98125 0.67890625 0.017187500000000022 0.1015625
0 0.86640625 0.56953125 0.05312499999999998 0.09999999999999998
0 0.4078125 0.14765625 0.07421875 0.06953125000000003
0 0.49531250000000004 0.69609375 0.10234374999999996 0.15390625000000002
0 0.7921875 0.04843750000000001 0.05937500000000007 0.08359375
0 0.5335937499999999 0.071875 0.07578125000000002 0.08203125
0 0.6804687500000001 0.065625 0.06953125000000004 0.0796875
0 0.6109374999999999 0.06875 0.07187500000000002 0.07499999999999998
0 0.4429687499999998 0.07578125 0.07578124999999997 0.08125000000000002
0 0.7484375 0.13203125 0.06953125000000004 0.07734375000000003
0 0.9625 0.35703125 0.046875 0.08984375
0 0.6226562500000001 0.14296875 0.07343749999999993 0.07890625000000001
0 0.4359375000000002 0.21484375 0.07656250000000003 0.08906250000000004
0 0.92265625 0.4710937499999999 0.04921874999999998 0.09609374999999998
0 0.846875 0.04062500000000001 0.05078125 0.07265625
0 0.73984375 0.05859375 0.06406249999999991 0.08359375
0 0.4828125 0.34296875 0.08671874999999996 0.10312500000000002
0 0.9078125 0.20937499999999998 0.047656249999999956 0.08046875
0 0.5835937500000001 0.34296875 0.08515624999999993 0.10312500000000002
0 0.96015625 0.47890625 0.04531249999999998 0.09453124999999996
0 0.3523437499999999 0.22109374999999998 0.07578125000000002 0.08984375
0 0.45078125 0.453125 0.09062500000000001 0.10546875
0 0.5671875 0.875 0.04140624999999998 0.09218750000000009
0 0.8984375 0.0421875 0.05234374999999991 0.06953125000000002
0 0.94609375 0.20624999999999996 0.04296875 0.07968749999999997
0 0.38125 0.35 0.0859375 0.109375
0 0.35859375 0.08046875 0.06796875000000002 0.07499999999999998
0 0.7632812499999999 0.4640625 0.07187500000000002 0.10312500000000002
0 0.5359375 0.45234374999999993 0.08750000000000002 0.10468750000000004
0 0.375 0.45859375 0.0859375 0.10468750000000004
0 0.8460937500000001 0.11875 0.05312499999999998 0.09375
0 0.76640625 0.3671875 0.07109375000000007 0.10234374999999996
0 0.50703125 0.56953125 0.08750000000000002 0.11093750000000002
0 0.6828125 0.3484375 0.08046874999999998 0.10546875
0 0.2890625 0.353125 0.07890624999999998 0.11328125
0 0.3429687500000001 0.153125 0.07265624999999998 0.07734375000000003
0 0.284375 0.2265625 0.071875 0.08671874999999996
0 0.95234375 0.6796875 0.04531249999999998 0.09843749999999996
0 0.92421875 0.359375 0.047656249999999956 0.09218749999999998
0 0.40312499999999996 0.875 0.039062500000000056 0.09140624999999991
0 0.80546875 0.12265625 0.05859375 0.08437500000000003
0 0.9109375 0.57265625 0.04843750000000002 0.09765625
0 0.82265625 0.465625 0.0625 0.09921875000000002
0 0.6875 0.13984375 0.06640625 0.07578125
0 0.6078125 0.87734375 0.04140624999999987 0.09296875000000004
0 0.6742187499999999 0.678125 0.08359375000000002 0.109375
0 0.44453125 0.871875 0.0390625 0.09453125000000018
0 0.7421875 0.56796875 0.07656250000000009 0.10859375000000004
0 0.48984375 0.87265625 0.03984375000000001 0.09453124999999996
0 0.87890625 0.36015625 0.0546875 0.09375
0 0.55078125 0.1453125 0.07656250000000009 0.07343750000000003
0 0.42500000000000004 0.5687500000000001 0.09062499999999996 0.10703125000000002
0 0.8109375 0.56875 0.06640625 0.10468750000000004
0 0.865625 0.21171875 0.059374999999999956 0.08437499999999998
0 0.6890625 0.4625 0.07734375000000004 0.1015625
0 0.30078125 0.4632812499999999 0.08125000000000004 0.10390624999999998
0 0.33984374999999994 0.56953125 0.08750000000000002 0.11406249999999996
0 0.65625 0.8765625 0.03984375000000007 0.09296875000000004
0 0.76015625 0.87890625 0.035937499999999956 0.09296875000000004
0 0.6179687500000001 0.9640625 0.038281250000000044 0.07187500000000002
0 0.25781250000000006 0.57578125 0.08437499999999995 0.11250000000000004
0 0.72578125 0.878125 0.03749999999999998 0.09218749999999998
0 0.92578125 0.11250000000000002 0.04921875000000009 0.07890625000000001
0 0.8875 0.11640624999999999 0.04921874999999998 0.08984375
0 0.66875 0.5703125 0.08359375000000002 0.10468750000000004
0 0.6875 0.8773437500000001 0.03671874999999991 0.09140625000000002
0 0.94921875 0.87265625 0.0234375 0.08671874999999996
0 0.6148437500000001 0.4578125 0.08124999999999993 0.10781249999999998
0 0.53046875 0.87421875 0.03984375000000007 0.08984375
0 0.93359375 0.875 0.022656250000000044 0.08906250000000004
0 0.81953125 0.8796875 0.03281250000000002 0.09296874999999993
0 0.28125000000000006 0.1609375 0.06874999999999995 0.07968749999999997
0 0.48124999999999996 0.14765625 0.07421874999999994 0.07343750000000003
0 0.5859375 0.5703125 0.08828125000000009 0.11015624999999996
0 0.5882812500000001 0.6812500000000001 0.08828124999999998 0.11093750000000002
0 0.70859375 0.9671875 0.03671875000000013 0.06562500000000004
0 0.83125 0.3617187499999999 0.0625 0.09687499999999993
0 0.5249999999999999 0.95390625 0.04062500000000002 0.07500000000000018
0 0.7601562500000001 0.96640625 0.03281250000000002 0.06640625
0 0.8453124999999999 0.8804687499999999 0.028906250000000022 0.09140625000000002
0 0.22578125 0.46015624999999993 0.07968750000000002 0.12031250000000004
0 0.8796875 0.47265625 0.06171874999999993 0.10000000000000003
0 0.94453125 0.05546875 0.04609374999999993 0.06796875
0 0.67265625 0.965625 0.0390625 0.06874999999999964
0 0.9109375 0.87734375 0.025000000000000022 0.08984375
0 0.78515625 0.8796875 0.03281249999999991 0.09062500000000018
0 0.78828125 0.96640625 0.03437499999999993 0.06640625
0 0.97421875 0.9593750000000001 0.0234375 0.08046874999999998
0 0.953125 0.9609375 0.02109374999999991 0.078125
