0 0.9282689933859481 0.9162200279743866 0.028931463076036223 0.08979239834797326
0 0.9208022207446108 0.9822748955631414 0.021121856243124126 0.03545020887371719
0 0.1761192782264983 0.6262412347552815 0.0795966549495972 0.1103615233288181
0 0.8562344128308453 0.9770959007668903 0.034350294315721897 0.04580819846621931
0 0.8406882575404309 0.9050932961144601 0.03698860234736645 0.09316792721376976
0 0.3814022243090809 0.5429985376703839 0.09912336027242885 0.11985620635407768
0 0.2834050950322792 0.5273008891480475 0.09345699659432527 0.12288426200053643
0 0.20191199191295223 0.5177908141328211 0.0743146624052059 0.12179956794704688
0 0.2923778307751931 0.4149852512640562 0.08909671445595868 0.11317356797013167
0 0.22489266095809235 0.41841918396863514 0.07611043234067694 0.11824492599047953
0 0.23323886960997814 0.32809482282945146 0.07290864008454923 0.11704953819386615
0 0.539225672348654 0.25224510255714205 0.08755385344000777 0.09624827276457013
0 0.6149839924422303 0.263340312983796 0.08811733766449081 0.0948053525295389
0 0.6894416074771718 0.27820079989106083 0.08677973469148115 0.09614295550254837
0 0.7571427882994177 0.2905651939430772 0.07949671416867743 0.09287274389877356
0 0.8196357724060217 0.30064412966388865 0.07439383471505723 0.09445787931020111
0 0.9978556292540489 0.3366157198520736 0.0042887414919021705 0.08483173407074912
0 0.9834198906656931 0.3350728588361226 0.03316021866861374 0.08422597545078947
0 0.9818213140515106 0.2370811060404228 0.03635737189697874 0.08464724449887634
0 0.9449792293474322 0.2254485563414564 0.05806892164835309 0.0861585840815548
0 0.8896270505872357 0.20924508998008 0.06672644305854081 0.08277767873465625
0 0.7617921398183396 0.19264186049502463 0.08206660285267486 0.0894234192042277
0 0.6949388735733693 0.19143108070844453 0.08945494063750037 0.0934677495565292
0 0.331950976343185 0.1530855818236777 0.07991798321676435 0.09596921889287945
0 0.2686208306215092 0.16654616034472675 0.0713657790685982 0.10012424298830458
0 0.3053934219637303 0.06432021114375089 0.0732722427471928 0.08062905909874554
0 0.38097262896653605 0.06514124331551674 0.07686378261813459 0.0735197751856107
0 0.46443523863100283 0.07176547786068055 0.07918613886371417 0.07383572697167584
0 0.5554284012566915 0.08099112252311438 0.07939677338775775 0.07538396446872889
0 0.6444520573372401 0.09310260765561088 0.08083969362278898 0.07482048024424576
0 0.7331597616317236 0.10753644903368687 0.07531554512108185 0.07330914066156735
0 0.5140055066344805 0.9571911226081221 0.05018551898669177 0.08561775478375577
0 0.45527779900848747 0.9504264178993056 0.04758410886942166 0.08169298468116659
0 0.4153395758711741 0.942627564028597 0.04955361541456149 0.08500009419931587
0 0.9005698160208997 0.980589819370794 0.030621915749485695 0.03882036125841193
0 0.8205242721643671 0.8968308988001883 0.035440364850313544 0.09295729268972652
0 0.7745306751874749 0.9728780181682548 0.04131736305246059 0.05424396366349005
0 0.7995131096643666 0.9740351639302182 0.03966380829338567 0.051929672139563676
0 0.7307218583075289 0.9679411793293198 0.04173863210054729 0.06411764134136011
0 0.8104663192223529 0.11884229398438426 0.07970734869272078 0.0944209813958265
0 0.9119203620348195 0.5032149718860774 0.057995125819603977 0.0967856120368824
0 0.4855414885764313 0.8496802868477353 0.05310288089002696 0.09991898494536322
0 0.39978899586072525 0.15285344137522655 0.08558434689486782 0.09294116324642065
0 0.363033271415149 0.4230208846109787 0.09286199093656966 0.11292603553171376
0 0.9518632241998959 0.4124585887366029 0.05535681778795942 0.09414730400523791
0 0.4833068452428897 0.5647469210045363 0.1029939540150615 0.12038279266418628
0 0.6809854425355014 0.46785451679895396 0.08990773111885986 0.10796537125448946
0 0.8609384809218543 0.3969346768239353 0.0671792335399003 0.09727530043261645
0 0.36701382144756617 0.32421811515237786 0.08902829510831156 0.10708593524394128
0 0.7416872957343972 0.3751916699708848 0.08452579779354885 0.10191463644267368
0 0.6156259115232254 0.17748692772610253 0.08765917070202933 0.09702239151309663
0 0.38335781377093203 0.8357784082608698 0.05190749309341358 0.09671719268923495
0 0.8707645077231458 0.3131192174590287 0.06908032073739323 0.09449477722457567
0 0.9805659403555727 0.4209631420081907 0.03886811928885481 0.08866005341790506
0 0.4437568948137124 0.3338704053440005 0.09135065135389109 0.10740188703000636
0 0.9515057354716933 0.5078120335006581 0.05236566005587506 0.09450015370567755
0 0.7569558720597992 0.7092050922762174 0.08100267727025412 0.11511155308199894
0 0.916685046324628 0.3233088469229638 0.06665264722979192 0.09340470668998391
0 0.8148026687685661 0.4868485218772361 0.07519947489685619 0.10596434327607696
0 0.9566232694619414 0.33110770079367224 0.06478845794667365 0.09087171592036108
0 0.39642716977048864 0.6585790106770482 0.0989127257483855 0.11830796885702466
0 0.5199364839553754 0.34186914077654845 0.09610068110707187 0.1088079093506632
0 0.5823063321422453 0.8628449446004489 0.049585136847834055 0.09640124090317004
0 0.5900983346251736 0.5737565546618248 0.10134039925598659 0.11939803939161642
0 0.8654732371232288 0.4968959361647749 0.0669317011014825 0.10104057691322743
0 0.6659258115197361 0.6944552991120763 0.09458396504329136 0.11999842153047402
0 0.442240916203271 0.43773915634184724 0.09771733795177201 0.11510617660089695
0 0.6731066789016029 0.3634960774053733 0.09015526355727776 0.1042000947738787
0 0.3062249927899715 0.8174001773114122 0.05289224636598355 0.0983707474483102
0 0.7089458551145278 0.8824393318175888 0.044376940132191844 0.09721225756607121
0 0.3171318120703289 0.9284781530033135 0.04962203476220872 0.09108772692550637
0 0.8766192625475461 0.1309960535123573 0.07685840613703276 0.09023443586712881
0 0.5958001213109736 0.35219023245467584 0.09180881831635257 0.10518484804644862
0 0.5999505063786358 0.46077211529132894 0.09476307813406226 0.11014551232367287
0 0.75255721710038 0.48074549716107895 0.08273002785807781 0.10546927839924103
0 0.3879934625142939 0.2395547412101957 0.08758537487328022 0.10764941946842432
0 0.9632181949338496 0.60717291070264 0.05275003118958743 0.10291014267744736
0 0.693019230264825 0.5822396020090047 0.0911715382631203 0.11725479623680757
0 0.4802426291353953 0.6684050374783397 0.09096090373907684 0.11570655873975444
0 0.3141230499882607 0.6434394698980928 0.092825093022195 0.11823954950937754
0 0.5212562682706725 0.8537507621522076 0.05000640589592098 0.09949771589727607
0 0.7810212351584291 0.5902698588748252 0.08202432845719843 0.11145159386340975
0 0.5587445745226379 0.6767197246969527 0.09792797247581553 0.11665441409794985
0 0.6481386846536101 0.9650516752251003 0.04740499577865098 0.06989664954979946
0 0.29804883348105965 0.3211431460826795 0.08712720791081885 0.10986645845198206
0 0.47241394304582096 0.15800323425208637 0.08646378290541623 0.0938205992569689
0 0.9093920102929595 0.4058920205768824 0.0630980052732244 0.09520047662545494
0 0.9165604354982155 0.6024021124783905 0.05827417969129456 0.10442148226012582
0 0.3223355840659367 0.23535280369153128 0.08318819482053919 0.10325223941568318
0 0.8828381431802002 0.8966356562661117 0.033223325866755804 0.09341545965218767
0 0.41819315745462493 0.8405176850518469 0.05243407940352213 0.10058778643186783
0 0.8061866843005157 0.38790891372334096 0.07579985703571379 0.09920790906338184
0 0.7546188612775918 0.8886530502768697 0.04173863210054729 0.09457394953442677
0 0.7854782939566307 0.8936398595062645 0.03920564133092441 0.09270976025130828
0 0.3551005286625024 0.9391628473440847 0.04708904399258573 0.08922353764238833
0 0.8580802603106404 0.5975997928208685 0.07087071419176216 0.10765479594952632
0 0.5410629792262625 0.16340055956736418 0.08744853617798598 0.09547415401604364
0 0.3447202956922537 0.8242142779095506 0.051344008868930535 0.09816011292426663
0 0.9014169931448365 0.8991632705546327 0.032907374080690444 0.09109310340660826
0 0.6764328676764144 0.8780160068126772 0.04592517762924497 0.0974228920901149
0 0.2736389469764479 0.9178303565769171 0.04947981958581246 0.09562712215464408
0 0.5202162752804051 0.4499244373030928 0.1006031784218347 0.11397920815193074
0 0.6191480802854525 0.8702225294230703 0.047368097864276315 0.09685940786563163
0 0.9725895554546358 0.1496479618524036 0.054820889090728464 0.09428414270053222
0 0.5553866500068252 0.961468384439146 0.04796848000313403 0.0770632311217081
0 0.9952865316003227 0.16441388445985056 0.00942693679935469 0.08950259151407881
0 0.8331354612014623 0.7172038277087653 0.07407250644788976 0.10885018374613964
0 0.7012000286014997 0.9676029305885757 0.043323767511974975 0.06479413882284857
0 0.917357535077828 0.903697289302668 0.031464453845659324 0.09165658763109175
0 0.9467518041440885 0.7224112869710684 0.049195389233019804 0.10470591261291862
0 0.266286769652658 0.8096013234407038 0.05155464339297397 0.09970835042131976
0 0.8641539759535422 0.894882160726117 0.034666246101786924 0.09285197542770451
0 0.8336796518615548 0.975903201210828 0.0358985318127748 0.04819359757834374
0 0.25457136037714545 0.24663324114339696 0.08424136744075628 0.11099342690094838
0 0.6118604207348859 0.9623831898804585 0.047299678516629196 0.07523362023908309
0 0.2366058578735879 0.6336818624444484 0.08905981654158412 0.11848708194779545
0 0.8964709834042399 0.7210898134413646 0.06200255825753087 0.10948746379937191
0 0.23293124411837107 0.8113709484240041 0.04947981958581238 0.09562712215464375
0 0.8856509252748526 0.9797301764377085 0.03248610503260363 0.04053964712458291
0 0.2407362119235203 0.9046810908141703 0.04747341512629802 0.09763352661415803
0 0.9336565175000899 0.13481361989730942 0.06138140764760469 0.07141342994517658
0 0.8304411759987811 0.19803918581030244 0.07270875852270964 0.08207197933377686
0 0.46396241713191366 0.2491017141397966 0.08871234332224637 0.10476357899836175
