0 0.0148850600159878 0.8706299739302179 0.0297701200319756 0.09358611038833364
0 0.029384607529313156 0.8709366904826534 0.04132296074116515 0.09077914070641491
0 0.06550504163487597 0.882051405786056 0.04440068574781042 0.09132065135586787
0 0.08976354342346587 0.8839398195643322 0.04286182324448784 0.09104989603114111
0 0.1329870711788616 0.8907515374050116 0.04720765542972917 0.09032329950199802
0 0.1614560274903296 0.8957605109124507 0.04847576260832542 0.08905519232340198
0 0.21400527320550616 0.9081792946221585 0.05001462511164789 0.0893259476481284
0 0.24903581251735415 0.9119629956735197 0.054360457296889264 0.08859935111898509
0 0.30719899759636815 0.9285425256887783 0.0523657535891498 0.09421329048282256
0 0.3466182038159755 0.9299253900453104 0.05155348761497047 0.08959670297285449
0 0.4074032726972179 0.9406202253720053 0.05535780915075894 0.08579238143706647
0 0.4463735112072176 0.9490633486558524 0.04920235913746851 0.08470936013816066
0 0.49407824881021795 0.9551073704092988 0.053904616092472435 0.08978525918140234
0 0.5317803801416214 0.9585595007995611 0.050826891085827164 0.08288099840087781
0 0.5679436489697023 0.9625779959479398 0.04874651793305185 0.0748440081041204
0 0.6022047570298892 0.9647191844370878 0.05001462511164789 0.07056163112582436
0 0.6356038908985693 0.9646874568336152 0.04539803760168015 0.07062508633276965
0 0.6684615141177965 0.9665116185281143 0.04204955727030846 0.06697676294377142
0 0.6975148158012355 0.9647165445665151 0.04232031259503488 0.07056691086696976
0 0.7282920658676874 0.9666546665621183 0.04286182324448773 0.0666906668757633
0 0.0005553990498359251 0.7551930719429327 0.0011107980996718503 0.08480877657281483
0 0.008905182517006005 0.7603442966075444 0.01781036503401201 0.09558081409607277
0 0.016531806202437355 0.7639566587688333 0.03306361240487471 0.09531005877134635
0 0.03494355893467804 0.7672057226655509 0.039328257033425906 0.09639308007025227
0 0.05472772437047249 0.7809989034833179 0.04140863018620139 0.09974156040162385
0 0.07767528425794809 0.785829664605876 0.038786746383973 0.093315355063607
0 0.11139488166868186 0.7925557130015193 0.04910294270281429 0.1010953370252562
0 0.14040534862960277 0.7944869615023131 0.04675181422531233 0.0962079941905617
0 0.18349349872263535 0.8020681105946539 0.05010029455668402 0.09828836734333735
0 0.21698517553116078 0.8055810563212887 0.051909912384733026 0.10009798517138635
0 0.2718427150013211 0.8184059730180862 0.05417537141719886 0.09602290831087157
0 0.3098584363799692 0.8187486507982304 0.05417537141719886 0.09602290831087157
0 0.3710068035257832 0.8318871575422724 0.053719530212782085 0.10190760299943558
0 0.41101722861217055 0.8389267959851601 0.05317801956332924 0.0988298779927903
0 0.4710328662417516 0.8494862536494916 0.055258392716104665 0.10217835832416189
0 0.5118127225798004 0.8566612697547424 0.05136840173528012 0.09702026016474141
0 0.5491943903691503 0.8560991386208624 0.051639157060006546 0.09855912266806399
0 0.5861270904488926 0.8625972664142971 0.055799903365557624 0.10525608333080727
0 0.6267218609072509 0.8618072146782086 0.05579990336555751 0.10525608333080716
0 0.6588597610921441 0.8730144729214564 0.051639157060006435 0.09855912266806399
0 0.02121080280244131 0.5698526832324056 0.04242160560488262 0.11014342616550143
0 0.06295298805424748 0.580960525040999 0.06349421588217052 0.10660985995443928
0 0.12265503563658409 0.5978108103809843 0.07453700873015512 0.11004400973084705
0 0.19769600003481946 0.6086341498752332 0.08458244972427006 0.11628512918917355
0 0.28410022082309305 0.6270095507289228 0.09327411409475267 0.11483193613088716
0 0.3644843692604395 0.6435324990320451 0.10178069258554501 0.12080230026448713
0 0.4551418792941091 0.6602764944425672 0.10404615161801095 0.11672722340397235
0 0.5623635785997558 0.6775551270077327 0.10404615161801078 0.11672722340397235
0 0.6588989098271802 0.6834345419551512 0.09770561572503011 0.1230677592969529
0 0.7388769252774369 0.7022657840132576 0.09435713539365831 0.12098738614417748
0 0.027319076639664958 0.45887637060829767 0.050912560530863404 0.1029049548533052
0 0.07344211701682465 0.47175099552242217 0.0653038337102196 0.1084194777824885
0 0.1315127591559935 0.48434799161701114 0.07272739090210606 0.1082343919027981
0 0.2040672174143638 0.5002865945481626 0.0871186640814623 0.1137489148319813
0 0.2934137855469192 0.5199729373029663 0.09924447822835275 0.12333851462167944
0 0.39212890636177344 0.5405143807544677 0.10585576944605984 0.11853684123202135
0 0.499806446871837 0.56421921865765 0.10277804443941474 0.11799533058256839
0 0.6055321183966791 0.5764751307257583 0.10793614259883533 0.12188532156339293
0 0.7016184819144958 0.5894148046004917 0.09843221225417342 0.11872192711171159
0 0.7795161242119771 0.6110530163405169 0.08837302427044036 0.1378292042356899
0 0.03777224437453322 0.3679052705273835 0.04005485356256905 0.09204724788501095
0 0.06510847116976823 0.3703351949551124 0.055172723271068536 0.09321593862895272
0 0.10371541141519627 0.37633464682161244 0.05852120360244023 0.09529631178172832
0 0.14933977586542113 0.3875350315700511 0.069108155246008 0.10461515624669998
0 0.20451090538282604 0.3940691205911949 0.08196056592204165 0.10985892385115681
0 0.2683736992707136 0.40530546656734256 0.088116015935332 0.11094194515006267
0 0.33648978240399735 0.41491040710032234 0.08992563376338103 0.11275156297811156
0 0.4126206415959476 0.43306476084661266 0.10115351249105592 0.10876215556263291
0 0.49418035427204504 0.44741479305711446 0.0996146499877334 0.10849140023790638
0 0.5739732838426115 0.45828096727388146 0.09915880878331651 0.11437609492647022
0 0.6522273509098551 0.468876386165922 0.09861729813386366 0.11129836991982528
0 0.7259573734069762 0.48264207300445283 0.09435713539365842 0.12098738614417748
0 0.7958402396457911 0.49573087153116757 0.08738941940618883 0.11528777733530404
0 0.06193979697694152 0.2801403996206686 0.04847576260832531 0.08905519232340187
0 0.0963791174220095 0.2782673265856743 0.05825044827771375 0.09375744927840574
0 0.13715897376005817 0.2854423426909252 0.06286703578768155 0.09456971525258506
0 0.18526984435014818 0.2915274640024613 0.07029059297956802 0.09438462937289471
0 0.24107502745685117 0.29896636193762954 0.07309756266148681 0.09338727751902509
0 0.30317103823920777 0.3067188499200424 0.08549413213310358 0.10451573981204576
0 0.37549757589536964 0.3194443501821855 0.09164958214639396 0.10559876111095157
0 0.45053854029360507 0.33026768967643444 0.09608108377667152 0.11383458427701743
0 0.5292912832877836 0.34253734873416075 0.09653692498108829 0.10794988958845347
0 0.6050588442151623 0.3582480310631039 0.09318844464971654 0.10586951643567799
0 0.6773425471488059 0.375725496497578 0.09164958214639396 0.10559876111095151
0 0.7459144714865066 0.39175664236857466 0.0937299552991695 0.1089472414423232
0 0.8083737805334348 0.4019528017683346 0.08476753560396022 0.10886157199728702
0 0.08262349158561497 0.19414231181948474 0.05490196794634211 0.09167707612563031
0 0.11380687463915648 0.19724912455902982 0.05662591632935504 0.0845242742584702
0 0.15241381488458453 0.20324857642552976 0.06413514296627769 0.09330160807398896
0 0.19939195595844167 0.2067546486573555 0.07436566984008289 0.09211917034042894
0 0.25325214357473236 0.2162310850227812 0.07744339484672808 0.09266068098988178
0 0.31344599358919467 0.22126914626312044 0.07825566082090746 0.09727726849984952
0 0.37898302764276814 0.2320068163123333 0.08314300365560168 0.09962839697735154
0 0.4523925865978359 0.23857686656118607 0.08929845366889211 0.10071141827625735
0 0.5287016581746673 0.251209823883484 0.087488835840843 0.0989018004482082
0 0.6022534682869072 0.27049690714600705 0.09210542335081084 0.09971406642238761
0 0.676254246108755 0.28272373148121555 0.08811601593533203 0.11094194515006267
0 0.7418409883796553 0.302195900623429 0.09219109279584681 0.10867648611759675
0 0.809280183201123 0.31564799741471533 0.08522337680837722 0.10297687730872307
0 0.08538234680387025 0.10181743511493829 0.039328257033425906 0.09639308007025227
0 0.10927755032788847 0.10126217747586724 0.05471688206665176 0.09910063331751673
0 0.13969150212976872 0.10423361255304914 0.05806536239802339 0.10118100647029227
0 0.18020060314309097 0.11294749116162264 0.06422081241131378 0.10226402776919802
0 0.22473507279960098 0.11681686165801994 0.0639500570865873 0.10072516526587544
0 0.27578829073397293 0.12421292487067023 0.07680246776262087 0.10596893287033221
0 0.3336310122709334 0.13359681829625075 0.08033603397368294 0.1006257488312211
0 0.3993034239868699 0.14356505709380227 0.08341375898032805 0.10116725948067412
0 0.46796101776960664 0.15009227262013694 0.08513770736334103 0.09401445761351407
0 0.5405154760279769 0.16603087555128854 0.08875694301943915 0.09763369326961216
0 0.6116664494453876 0.1809292919060523 0.08803034649029595 0.1019795254548535
0 0.7477204033270739 0.2056605693960044 0.08703299463642622 0.10478649513677218
0 0.8121744160817415 0.2225536894585076 0.07653171243789458 0.10443007036700963
0 0.6801458308432431 0.1929779038563793 0.09110807149694111 0.1025210361043064
