0 0.109375 0.00859375 0.08749999999999991 0.0171875
0 0.10468750000000004 0.0296875 0.09375 0.0359375
0 0.10546875 0.04921875 0.09062499999999996 0.0359375
0 0.09609374999999998 0.0859375 0.09062499999999996 0.0390625
0 0.09531250000000002 0.11015625000000001 0.09062499999999996 0.0390625
0 0.09062500000000001 0.15390625 0.08750000000000024 0.04218749999999999
0 0.08749999999999986 0.1828125 0.08750000000000002 0.04374999999999998
0 0.07734374999999999 0.2359375 0.08750000000000002 0.04375000000000001
0 0.07578124999999986 0.27109375 0.08750000000000002 0.04999999999999999
0 0.06171874999999999 0.3296875 0.09218749999999976 0.04843750000000002
0 0.0625 0.36953125 0.08906250000000004 0.046875
0 0.05546875000000001 0.43046874999999996 0.08437499999999998 0.04999999999999999
0 0.04843750000000002 0.46953125 0.08281249999999996 0.046875
0 0.04453125000000002 0.5171875 0.08906250000000004 0.050000000000000044
0 0.04218749999999999 0.5546875 0.08437499999999976 0.046875
0 0.0390625 0.5914062499999999 0.078125 0.04531249999999998
0 0.03828124999999999 0.6265625 0.07656249999999976 0.043749999999999956
0 0.0390625 0.659375 0.078125 0.04062500000000002
0 0.03828124999999999 0.6921875 0.07656249999999976 0.03749999999999998
0 0.04062500000000002 0.721875 0.08125000000000004 0.03749999999999998
0 0.039843749999999956 0.753125 0.07968749999999991 0.04062500000000002
0 0.21953124999999996 0.00625 0.08281249999999996 0.0125
0 0.2140625 0.01484375 0.09531250000000002 0.0296875
0 0.2109375 0.030468749999999996 0.09531249999999991 0.028124999999999997
0 0.20937499999999998 0.04921875 0.09531249999999991 0.034375
0 0.19609374999999996 0.0703125 0.09843749999999993 0.035937500000000004
0 0.19296875000000002 0.09296874999999999 0.09218750000000012 0.034375
0 0.1875 0.12734375 0.10000000000000009 0.0421875
0 0.1875 0.15625 0.09375 0.04218750000000002
0 0.18203124999999998 0.20000000000000004 0.09687500000000004 0.04531250000000003
0 0.18046874999999996 0.23359375 0.09843749999999993 0.046875
0 0.17031249999999998 0.2890625 0.09375000000000003 0.04843750000000002
0 0.171875 0.3265625 0.09531249999999991 0.05156250000000001
0 0.16171875000000002 0.38828125 0.10000000000000012 0.04843749999999991
0 0.1570312499999999 0.42890625 0.09687499999999993 0.04843750000000002
0 0.14921874999999996 0.4890625 0.1015625 0.05156250000000007
0 0.14453125 0.53046875 0.09375 0.046875
0 0.14687499999999998 0.5679687500000001 0.09687500000000004 0.04843750000000002
0 0.14218750000000002 0.6046875 0.10468750000000004 0.051562499999999956
0 0.1453124999999999 0.6453125 0.10468749999999993 0.051562499999999956
0 0.1359375 0.678125 0.09687499999999993 0.046875
0 0.4046875 0.021875 0.109375 0.04375
0 0.39609375 0.06796875 0.10468749999999999 0.05937500000000001
0 0.3828125 0.128125 0.10781249999999992 0.0703125
0 0.37578124999999996 0.20390625 0.11406249999999996 0.0796875
0 0.3617187499999998 0.290625 0.11093750000000002 0.08906249999999999
0 0.35 0.37187499999999996 0.1171875 0.09687499999999999
0 0.3375 0.4632812499999999 0.11250000000000004 0.09999999999999998
0 0.32578125 0.5718749999999999 0.11250000000000004 0.09999999999999998
0 0.32499999999999996 0.66796875 0.12031250000000004 0.09218749999999998
0 0.31015625 0.74921875 0.1171875 0.08750000000000002
0 0.51640625 0.02578125 0.10156249999999994 0.046875
0 0.50625 0.07265625 0.10624999999999996 0.060937499999999985
0 0.49609375 0.13125 0.10624999999999996 0.06875000000000003
0 0.484375 0.2046875 0.11093749999999997 0.08281250000000001
0 0.46953124999999996 0.29453125 0.12031250000000004 0.09375000000000003
0 0.45390624999999996 0.39453125 0.11406249999999996 0.09999999999999998
0 0.4359375 0.503125 0.11406250000000001 0.09687500000000004
0 0.42890625 0.609375 0.11875000000000002 0.10312500000000002
0 0.4210937500000001 0.70625 0.11562499999999998 0.09375
0 0.40390625 0.78515625 0.1359375 0.08437500000000009
0 0.6078124999999999 0.03125 0.09062500000000007 0.0359375
0 0.6070312500000001 0.05859375 0.09218749999999998 0.05156250000000001
0 0.6031250000000001 0.09765625 0.09218749999999998 0.0546875
0 0.59375 0.14375 0.10312499999999991 0.0640625
0 0.590625 0.19921875 0.10781249999999998 0.07656249999999998
0 0.5828125 0.2640625 0.10781249999999998 0.08281250000000001
0 0.5765625 0.33203125 0.109375 0.0859375
0 0.5625 0.409375 0.10468750000000004 0.09687500000000004
0 0.5523437500000001 0.49140625 0.10468749999999993 0.09531250000000002
0 0.5453124999999999 0.571875 0.11093750000000002 0.09687500000000004
0 0.5390625 0.65078125 0.10781250000000003 0.09375
0 0.52890625 0.725 0.1171875 0.08906250000000004
0 0.51953125 0.7953125 0.11250000000000004 0.08125000000000004
0 0.6968749999999999 0.05078125 0.08750000000000002 0.043750000000000004
0 0.7007812500000001 0.08515625 0.09218749999999998 0.0546875
0 0.6953125 0.1265625 0.09218750000000009 0.05781249999999999
0 0.6921875 0.175 0.09062500000000007 0.06562500000000004
0 0.6875 0.23125 0.09062500000000007 0.06874999999999998
0 0.6828125 0.29374999999999996 0.1015625 0.08124999999999999
0 0.6742187499999999 0.36640625 0.10312500000000002 0.08750000000000002
0 0.6671875 0.44140625 0.11093750000000002 0.09218749999999998
0 0.65859375 0.52109375 0.10468750000000004 0.09218750000000009
0 0.6468749999999999 0.59765625 0.10312500000000002 0.08906250000000004
0 0.63359375 0.6703125000000001 0.10312500000000002 0.08750000000000002
0 0.62109375 0.73984375 0.10624999999999996 0.08906250000000004
0 0.6140625 0.8031250000000001 0.10625000000000007 0.07968750000000002
0 0.78359375 0.0671875 0.08906250000000004 0.05000000000000002
0 0.78203125 0.0984375 0.08281250000000007 0.053125000000000006
0 0.778125 0.1375 0.08906249999999993 0.05937499999999997
0 0.77734375 0.18437500000000004 0.08749999999999991 0.06875000000000003
0 0.7703125 0.2390625 0.08750000000000002 0.07187500000000002
0 0.76875 0.29921875 0.09531250000000002 0.07656250000000003
0 0.76171875 0.36484375 0.09531249999999991 0.078125
0 0.75859375 0.4390625 0.09531250000000002 0.08437500000000003
0 0.75 0.515625 0.09531249999999991 0.08281249999999996
0 0.734375 0.58984375 0.09687500000000004 0.08750000000000002
0 0.72578125 0.66484375 0.10781249999999998 0.08281249999999996
0 0.7101562499999999 0.73125 0.10624999999999996 0.08750000000000002
0 0.7 0.79921875 0.09843750000000007 0.08125000000000004
0 0.87578125 0.065625 0.09531250000000002 0.03437500000000002
0 0.878125 0.0890625 0.09843750000000007 0.05156249999999998
0 0.8765624999999999 0.11953125000000002 0.09999999999999998 0.053125000000000006
0 0.8695312500000001 0.16015625 0.09999999999999998 0.05781250000000002
0 0.86875 0.20546875 0.09843749999999996 0.05937500000000001
0 0.86328125 0.25625 0.10312499999999991 0.07031249999999997
0 0.85703125 0.31484375 0.09843749999999996 0.07656250000000003
0 0.85078125 0.38125 0.09843750000000007 0.07968749999999997
0 0.84765625 0.44999999999999996 0.08906250000000004 0.08124999999999999
0 0.8359375 0.5234375 0.09218750000000009 0.08437500000000003
0 0.82421875 0.5953125 0.09843749999999996 0.08281249999999996
0 0.80703125 0.73203125 0.1015625 0.08281249999999996
0 0.79296875 0.79765625 0.1015625 0.07187500000000002
0 0.815625 0.6640625 0.09999999999999998 0.08750000000000002
