0 0.9626121856819445 0.08364136622836182 0.07477562863611098 0.03207646759640104
0 0.9607441759255969 0.10522812182859517 0.07851164814880618 0.051625373452115764
0 0.9594382211839312 0.12432919013402244 0.08112355763213763 0.0510843554688547
0 0.9607412035087559 0.1621165309501413 0.07851759298248828 0.05416216711705352
0 0.9590294852796444 0.18610482571949727 0.08194102944071135 0.0541621671170536
0 0.958184916549201 0.23000571576917195 0.08363016690159797 0.05669896078199135
0 0.9571539869528107 0.2590164914982718 0.08569202609437843 0.05823786660609079
0 0.9575567780234154 0.31309759796324965 0.08488644395316913 0.058237866606090816
0 0.9550124957879916 0.34799348799711666 0.08997500842401673 0.06439348990248839
0 0.9557789762832003 0.40813703732551854 0.08844204743359951 0.06366611105328046
0 0.9527823403438439 0.447243881344238 0.0944353193123122 0.06158618724592019
0 0.9498563570838361 0.5084784989464518 0.09175720223354322 0.06385247191922744
0 0.9500187085015213 0.5481684350112741 0.0896772784261829 0.06050415127939812
0 0.9456154488170396 0.595781335125382 0.09637391970584153 0.06466399889411889
0 0.9414315917540569 0.6331208383912132 0.0912161842502821 0.06077466027102851
0 0.9381524420989393 0.6698261432408101 0.08479005196225431 0.05815371848040718
0 0.9328354426993029 0.704586778778862 0.08298063714652437 0.05634430366467724
0 0.9263853009630127 0.7367685465891343 0.08397852498736302 0.0535370010081091
0 0.9214740650508222 0.7692208233910367 0.08189860118000236 0.050188680368279726
0 0.9140260354736937 0.7980542705614796 0.08651531865230067 0.05100020734317123
0 0.9093853085531335 0.8289676415392828 0.08551743081146213 0.05380750999973938
0 0.8617144367810781 0.06226212358226299 0.08372608061031217 0.02664822314921128
0 0.8656128077114582 0.07167288708551639 0.09901292611104273 0.045740259147348694
0 0.865985529443352 0.08760296330977141 0.09874241711941212 0.044201353323249246
0 0.8642783273678856 0.10634034219059468 0.09982445308593413 0.05035697661964689
0 0.8737071554857189 0.12941489724479577 0.1031727737257635 0.05243690042700709
0 0.8728625867552754 0.15227004967749805 0.09674664143773559 0.049815958636385826
0 0.8722975593237525 0.18707275927839156 0.10579371551638506 0.058863032715035346
0 0.8672931429785884 0.2155425170242305 0.09963809221998743 0.05778099674851342
0 0.8651050615972826 0.2595786615697204 0.10325692185144719 0.061399826379973155
0 0.8608280241013264 0.292935645779488 0.10506633666717702 0.06320924119570304
0 0.8612278427550899 0.3493251109806149 0.10072012818650933 0.06393662004491096
0 0.8531967211318587 0.38598834176737007 0.10280005199386955 0.06728494068474028
0 0.8525145038191003 0.44853343026489456 0.10687575148290684 0.06501865601143292
0 0.8500979875090058 0.48935650866637037 0.10379793983470798 0.06447763802817197
0 0.8473779204517289 0.5499569278523497 0.1089556752902674 0.06836697665126235
0 0.8448261496458189 0.5915494591658754 0.10044961919487871 0.06239771422081164
0 0.836025575110538 0.6280774354568153 0.1037979398347082 0.06447763802817208
0 0.8342853312795198 0.6650532492980427 0.11203348693846615 0.06890799463452324
0 0.824174285848928 0.704523782741366 0.11203348693846593 0.06890799463452302
0 0.8277270319692841 0.7384638589972363 0.10352743084307758 0.06293873220407253
0 0.6766490067089942 0.045595866315043615 0.11529765945261183 0.06202499248891774
0 0.6771329734884413 0.09248138757994362 0.11338603189661856 0.07660252375502019
0 0.6797990768155122 0.1540285882366297 0.11835740648623083 0.08791588250697698
0 0.6736044669298807 0.22988281116778783 0.12613608373241125 0.09823135341809536
0 0.672441370311283 0.31772666532997906 0.12468132603399551 0.1069237703794308
0 0.6699166964272428 0.39977858562037644 0.13218949428854554 0.11570033546644976
0 0.6664031670096542 0.4919686482632353 0.12811379479950835 0.11796662013975712
0 0.6591445857720805 0.6009514204753723 0.12811379479950835 0.117966620139757
0 0.6432777356988548 0.6957293831533007 0.1344557789618529 0.11162463597741257
0 0.6438308734630135 0.7783223214269592 0.13056644033876252 0.10646690052185326
0 0.5659409678068108 0.030988433781596936 0.10814414831537578 0.06197686756319387
0 0.5678285859145421 0.0780272211422921 0.11519544671234838 0.07841193857075011
0 0.5676873865850447 0.13749449799161778 0.1165479916705009 0.08610646769124708
0 0.566515257659157 0.2118518891615183 0.1235992900674735 0.10076814708303311
0 0.5655805959693481 0.3029088094677235 0.1347262879534833 0.11316354180151189
0 0.5636570787459906 0.40410387212639 0.12965270062360768 0.11823712913138751
0 0.5625541208048144 0.514168680305049 0.12911168264034678 0.11515931748318886
0 0.5510845855823883 0.6200315668061455 0.13481043607916693 0.12212646775447777
0 0.5420075572217946 0.7167962728584607 0.1301095704811851 0.11235201482662038
0 0.5452748172095483 0.7974866158834157 0.1484922922446944 0.10663519677322053
0 0.4749681956262892 0.02260265504105169 0.0954782446052666 0.04520531008210338
0 0.47100374118480515 0.04672923876523072 0.09972224034567095 0.06674392270147922
0 0.46808828095429145 0.08587815684679195 0.10026325832893179 0.06982173434967807
0 0.4693417006457883 0.1328989326075072 0.11265865304741068 0.08094873223568794
0 0.4628164430911046 0.1880711073462969 0.11943944245275273 0.09407150580337453
0 0.4592848490589362 0.2532882440045744 0.12052147841927474 0.10022712909977222
0 0.45367333121940734 0.3213126833194203 0.12260140222663507 0.10357544973960148
0 0.45413328855059254 0.39992310253701513 0.11987824769575045 0.1135362635334059
0 0.44993445434663776 0.4824739667478318 0.11960773870411978 0.11199735770930641
0 0.4429283174861147 0.5629449071512882 0.12603387099214797 0.11461829949992774
0 0.43542323670517247 0.6417416872348298 0.12241504136068815 0.11099946986846809
0 0.43257694745937014 0.7165980223251495 0.13083694933039314 0.1080058063459528
0 0.42963747778059447 0.7874718383594055 0.12486768689994249 0.09949975025056423
0 0.3838692012572421 0.026299687964512874 0.09375297791522014 0.05259937592902575
0 0.37407073888112286 0.05666009827709095 0.10026325832893185 0.06982173434967809
0 0.3722884209872628 0.09838788408643179 0.10080427631219291 0.07289954599787685
0 0.3669804538949163 0.14663498261677418 0.10061791544624599 0.08032356612674335
0 0.3618588476685167 0.2028471192592441 0.10115893342950694 0.08340137777494216
0 0.3556552054755952 0.26521487919811154 0.11409534613124661 0.09760618730915083
0 0.351540519397324 0.33826179947270135 0.116716287921868 0.10403231959717896
0 0.3454811640075076 0.4133465694918098 0.12522234401725646 0.11000158202762966
0 0.34014918746689926 0.4933185659748469 0.11906672072085883 0.10891954606110765
0 0.3384360405577506 0.5707537687929463 0.11698679691349845 0.10557122542127839
0 0.3389380719517776 0.6446122160424275 0.116716287921868 0.10403231959717896
0 0.3392116684170159 0.7152575971478948 0.12006460856169726 0.1061122434045394
0 0.3351811304644282 0.7788005734862578 0.11844155461191436 0.0968788084599429
0 0.2956195836076053 0.028478852095295604 0.0963739197058415 0.05695770419059121
0 0.2917483095990948 0.055674330217150264 0.09075931439270496 0.0666597745757957
0 0.2888328493685811 0.09482324829871147 0.09799697365562449 0.07389743383871528
0 0.2814870325317159 0.1411256775175088 0.09808112178130801 0.08286035979168122
0 0.27894429403309606 0.19620467182332496 0.09862213976456907 0.08593817143988006
0 0.2700686036794215 0.25572305504278237 0.10712819585995756 0.09190743387033071
0 0.26563230223938805 0.3215743901172944 0.10739870485158803 0.09344633969443006
0 0.25586093678513844 0.3952134347452769 0.10848074081811004 0.09960196299082763
0 0.251069978227791 0.4721076195801152 0.10821023182647943 0.09806305716672814
0 0.2536098593663366 0.5479107361411417 0.11056066462547043 0.10295028363065689
0 0.24908940980061975 0.6232660151518805 0.12052147841927469 0.10022712909977205
0 0.25298183589731776 0.6913746025924099 0.11979409957006681 0.10457333758043996
0 0.2512175826180375 0.760075314386332 0.1110175344830478 0.09706516932588971
0 0.2050946489773712 0.016152628361528365 0.0998244530859343 0.03230525672305673
0 0.1987286553667647 0.03185878581063961 0.10587786364206841 0.06371757162127922
0 0.1949926358540695 0.060083764848847365 0.10768727845779835 0.06963537348373117
0 0.194884478280124 0.10131260673776898 0.10849880543268986 0.07425209095602936
0 0.18780917043488937 0.14607613013246684 0.10723040860022096 0.0755204877884983
0 0.1844037985912463 0.197037350886404 0.11374068901393258 0.08710435553208543
0 0.18041533470150045 0.25582835525665354 0.11020600750815635 0.09244845185359166
0 0.1750743258536021 0.32231388874739997 0.11074702549141736 0.09552626350179039
0 0.16624974187005925 0.39056676299103454 0.10178409953845148 0.09544211537610686
0 0.16507761294417156 0.46492415416093513 0.10540292916991126 0.09906094500756674
0 0.16417599300991442 0.5377426395067362 0.11128804347467824 0.09860407514998915
0 0.15743442030733976 0.6753724980233691 0.11436585512287704 0.09914509313325015
0 0.15992319507575364 0.7424411235602184 0.1124722921814637 0.08837275236455433
0 0.1607375794107195 0.6069422952210777 0.11363847627366924 0.10349130161391795
