0 0.015769944341372914 0.9410828025477707 0.016697588126159554 0.08439490445859865
0 0.03896103896103896 0.9450636942675159 0.02411873840445269 0.08757961783439483
0 0.05844155844155845 0.947452229299363 0.025974025974025976 0.08757961783439494
0 0.0927643784786642 0.9490445859872612 0.029684601113172546 0.09235668789808915
0 0.11595547309833024 0.945859872611465 0.031539888682745806 0.08917197452229297
0 0.16048237476808902 0.9506369426751592 0.03525046382189237 0.08917197452229297
0 0.18923933209647498 0.9482484076433121 0.03339517625231911 0.08917197452229297
0 0.24118738404452686 0.947452229299363 0.03896103896103892 0.08757961783439494
0 0.2755102040816327 0.947452229299363 0.04081632653061229 0.0859872611464968
0 0.339517625231911 0.9506369426751593 0.042671614100185606 0.0859872611464968
0 0.3812615955473099 0.9482484076433121 0.04823747680890539 0.08439490445859876
0 0.45269016697588127 0.9546178343949044 0.044526901669758756 0.09076433121019112
0 0.49907235621521334 0.949044585987261 0.04452690166975881 0.08598726114649669
0 0.5723562152133581 0.9490445859872612 0.05009276437847865 0.08121019108280247
0 0.6196660482374768 0.9506369426751593 0.042671614100185495 0.08121019108280259
0 0.6771799628942486 0.9506369426751593 0.04638218923933213 0.09076433121019101
0 0.7226345083487941 0.9506369426751593 0.042671614100185495 0.09076433121019101
0 0.7662337662337662 0.9506369426751593 0.04081632653061218 0.08757961783439494
0 0.8070500927643784 0.9482484076433122 0.042671614100185384 0.0859872611464968
0 0.8460111317254174 0.9418789808917198 0.03710575139146566 0.0859872611464968
0 0.8849721706864564 0.9386942675159236 0.033395176252319025 0.08439490445859876
0 0.9183673469387755 0.930732484076433 0.033395176252319025 0.0859872611464968
0 0.9554730983302413 0.9307324840764332 0.033395176252318914 0.08917197452229297
0 0.02040816326530612 0.8487261146496815 0.024118738404452687 0.09554140127388533
0 0.039888682745825604 0.8375796178343949 0.022263450834879406 0.08439490445859876
0 0.05936920222634508 0.839968152866242 0.0222634508348794 0.09554140127388533
0 0.07884972170686456 0.8407643312101911 0.020408163265306117 0.09554140127388533
0 0.10111317254174397 0.8407643312101911 0.02782931354359927 0.09554140127388533
0 0.12708719851576994 0.8511146496815287 0.029684601113172546 0.0987261146496815
0 0.15491651205936918 0.8519108280254777 0.02782931354359927 0.09235668789808915
0 0.19573283858998142 0.8527070063694268 0.038961038961038946 0.09872611464968162
0 0.2300556586270872 0.8495222929936306 0.037105751391465686 0.09394904458598707
0 0.2820037105751392 0.8495222929936306 0.040816326530612235 0.09554140127388533
0 0.3218923933209648 0.8471337579617835 0.042671614100185495 0.09713375796178347
0 0.38868274582560297 0.8503184713375795 0.04638218923933213 0.09235668789808915
0 0.4332096474953618 0.8439490445859872 0.04638218923933213 0.09235668789808915
0 0.5074211502782932 0.8463375796178344 0.044526901669758756 0.09872611464968162
0 0.5556586270871986 0.8463375796178344 0.04452690166975881 0.09554140127388533
0 0.6280148423005566 0.8463375796178344 0.04638218923933213 0.09872611464968162
0 0.6771799628942486 0.8463375796178344 0.042671614100185495 0.09394904458598718
0 0.7207792207792207 0.839171974522293 0.042671614100185495 0.09554140127388533
0 0.7653061224489796 0.839171974522293 0.04638218923933213 0.1019108280254778
0 0.8126159554730983 0.8312101910828025 0.04638218923933202 0.1019108280254778
0 0.852504638218924 0.8367834394904459 0.042671614100185495 0.09554140127388533
0 0.0352504638218924 0.6464968152866242 0.04823747680890538 0.10668789808917212
0 0.09554730983302412 0.6488853503184713 0.055658627087198514 0.1019108280254778
0 0.16883116883116886 0.6552547770700636 0.06864564007421153 0.10350318471337572
0 0.2588126159554731 0.6528662420382165 0.07977736549165118 0.10828025477706993
0 0.36363636363636365 0.6560509554140128 0.09090909090909094 0.10509554140127386
0 0.461038961038961 0.6584394904458598 0.1001855287569573 0.10987261146496818
0 0.5705009276437848 0.6592356687898091 0.10389610389610393 0.10509554140127386
0 0.699443413729128 0.6576433121019108 0.10389610389610393 0.10509554140127397
0 0.813543599257885 0.6464968152866242 0.09461966604823746 0.11305732484076436
0 0.9109461966604822 0.6512738853503184 0.09090909090909072 0.11146496815286622
0 0.028756957328385898 0.5326433121019108 0.04081632653061224 0.1003184713375796
0 0.08534322820037106 0.5374203821656051 0.0575139146567718 0.10350318471337577
0 0.15584415584415584 0.5398089171974523 0.06679035250463822 0.10191082802547774
0 0.2439703153988868 0.5429936305732483 0.08348794063079776 0.10509554140127386
0 0.35250463821892386 0.5469745222929936 0.09647495361781072 0.11305732484076436
0 0.4721706864564007 0.5501592356687899 0.10575139146567719 0.106687898089172
0 0.6029684601113172 0.5549363057324841 0.10204081632653061 0.106687898089172
0 0.7291280148423005 0.5485668789808916 0.10760667903525045 0.10987261146496818
0 0.8441558441558442 0.5445859872611465 0.09647495361781089 0.10828025477707004
0 0.9397031539888683 0.552547770700637 0.07977736549165115 0.13057324840764328
0 0.022263450834879406 0.4394904458598726 0.029684601113172546 0.09076433121019106
0 0.05473098330241187 0.4371019108280254 0.04823747680890538 0.08917197452229292
0 0.10111317254174397 0.43630573248407645 0.05194805194805194 0.09076433121019106
0 0.1567717996289425 0.4394904458598726 0.06307977736549167 0.0987261146496815
0 0.22263450834879406 0.4363057324840765 0.07792207792207792 0.1019108280254778
0 0.29962894248608535 0.4363057324840765 0.0853432282003711 0.1019108280254778
0 0.3812615955473098 0.43391719745222934 0.08719851576994431 0.10350318471337577
0 0.474025974025974 0.43869426751592355 0.10204081632653067 0.09713375796178342
0 0.5723562152133581 0.43869426751592355 0.1001855287569573 0.09713375796178342
0 0.6679035250463823 0.4355095541401274 0.09833024118738398 0.10350318471337577
0 0.761595547309833 0.4323248407643313 0.0983302411873841 0.1003184713375797
0 0.8506493506493505 0.43312101910828027 0.09090909090909083 0.11146496815286622
0 0.935064935064935 0.4339171974522293 0.08348794063079779 0.106687898089172
0 0.032467532467532464 0.3471337579617835 0.04081632653061225 0.08598726114649685
0 0.07235621521335807 0.339171974522293 0.051948051948051945 0.08917197452229297
0 0.1215213358070501 0.339171974522293 0.05751391465677182 0.08917197452229297
0 0.17903525046382188 0.33678343949044587 0.06679035250463822 0.08757961783439494
0 0.24582560296846007 0.33439490445859876 0.07050092764378477 0.08598726114649685
0 0.32003710575139144 0.3312101910828026 0.08348794063079773 0.09554140127388538
0 0.4072356215213358 0.3312101910828026 0.09090909090909094 0.09554140127388538
0 0.4972170686456401 0.3288216560509554 0.09461966604823746 0.10350318471337583
0 0.5918367346938775 0.32722929936305734 0.09647495361781078 0.09713375796178342
0 0.6836734693877551 0.32961783439490444 0.09276437847866426 0.09554140127388538
0 0.771799628942486 0.33439490445859876 0.09090909090909083 0.09554140127388538
0 0.8552875695732838 0.3383757961783439 0.09276437847866414 0.0987261146496815
0 0.9304267161410018 0.33757961783439494 0.08163265306122447 0.1003184713375796
0 0.03896103896103896 0.2571656050955414 0.04823747680890539 0.08757961783439489
0 0.07606679035250463 0.25477707006369427 0.05194805194805194 0.07961783439490444
0 0.12244897959183673 0.25398089171974525 0.05936920222634508 0.08757961783439489
0 0.17810760667903525 0.24920382165605096 0.07235621521335805 0.08439490445859871
0 0.2430426716141002 0.24920382165605096 0.07606679035250466 0.08439490445859871
0 0.3144712430426715 0.24363057324840762 0.07606679035250458 0.08917197452229292
0 0.39332096474953615 0.2428343949044586 0.08163265306122452 0.09076433121019106
0 0.4805194805194806 0.23646496815286627 0.08905380333951773 0.09076433121019112
0 0.5723562152133581 0.23566878980891717 0.08719851576994431 0.08917197452229292
0 0.6623376623376623 0.2420382165605095 0.09276437847866426 0.08917197452229297
0 0.7513914656771801 0.24124203821656057 0.08534322820037099 0.10191082802547774
0 0.8320964749536177 0.249203821656051 0.09090909090909083 0.09872611464968156
0 0.9137291280148423 0.25079617834394907 0.08348794063079779 0.09394904458598724
0 0.02319109461966605 0.1640127388535032 0.027829313543599257 0.09554140127388536
0 0.05102040816326531 0.15923566878980894 0.0463821892393321 0.09554140127388536
0 0.08719851576994433 0.15684713375796178 0.05009276437847866 0.09713375796178345
0 0.13636363636363635 0.1584394904458599 0.05751391465677179 0.09713375796178343
0 0.18923933209647495 0.15445859872611467 0.0575139146567718 0.09554140127388536
0 0.2504638218923933 0.15286624203821658 0.07235621521335808 0.09872611464968155
0 0.32003710575139144 0.1520700636942675 0.07792207792207789 0.09235668789808918
0 0.39888682745825604 0.15047770700636942 0.08163265306122447 0.09235668789808918
0 0.48051948051948057 0.1449044585987261 0.08534322820037105 0.08439490445859871
0 0.5686456400742115 0.14808917197452232 0.08905380333951762 0.08757961783439491
0 0.6549165120593692 0.15047770700636942 0.08719851576994431 0.09235668789808918
0 0.819109461966605 0.1512738853503185 0.08534322820037099 0.09554140127388536
0 0.8979591836734694 0.15684713375796178 0.07235621521335811 0.09713375796178345
0 0.7374768089053803 0.15047770700636942 0.09090909090909094 0.09235668789808918
