0 0.890625 0.00859375 0.08749999999999991 0.0171875
0 0.8953125 0.0296875 0.09375 0.0359375
0 0.89453125 0.04921875 0.09062499999999996 0.0359375
0 0.90390625 0.0859375 0.09062499999999996 0.0390625
0 0.9046875 0.11015625000000001 0.09062499999999996 0.039062500000000014
0 0.909375 0.15390625 0.08750000000000024 0.04218749999999999
0 0.9125000000000001 0.1828125 0.08750000000000002 0.04374999999999998
0 0.92265625 0.2359375 0.08750000000000002 0.04375000000000001
0 0.9242187500000001 0.27109375 0.08750000000000002 0.04999999999999999
0 0.93828125 0.3296875 0.09218749999999976 0.04843750000000002
0 0.9375 0.36953125 0.08906250000000004 0.046875
0 0.94453125 0.43046874999999996 0.08437499999999998 0.04999999999999999
0 0.9515625 0.46953125 0.08281249999999996 0.046875
0 0.95546875 0.5171875 0.08906250000000004 0.050000000000000044
0 0.9578125 0.5546875 0.08437499999999976 0.046875
0 0.9609375 0.5914062499999999 0.078125 0.04531249999999998
0 0.96171875 0.6265625 0.07656249999999976 0.043749999999999956
0 0.9609375 0.659375 0.078125 0.04062500000000002
0 0.96171875 0.6921875 0.07656249999999976 0.03749999999999998
0 0.959375 0.721875 0.08125000000000004 0.03749999999999998
0 0.96015625 0.753125 0.07968750000000002 0.04062500000000002
0 0.78046875 0.00625 0.08281249999999996 0.0125
0 0.7859375 0.01484375 0.09531250000000002 0.0296875
0 0.7890625 0.030468749999999996 0.09531249999999991 0.028124999999999997
0 0.790625 0.04921875 0.09531249999999991 0.034375
0 0.80390625 0.0703125 0.09843749999999996 0.035937500000000004
0 0.80703125 0.09296874999999999 0.09218750000000009 0.034375
0 0.8125 0.12734375 0.10000000000000009 0.0421875
0 0.8125 0.15625 0.09375 0.04218750000000002
0 0.81796875 0.20000000000000004 0.09687500000000004 0.04531250000000003
0 0.81953125 0.23359375 0.09843749999999996 0.046875
0 0.8296875 0.2890625 0.09375 0.04843750000000002
0 0.828125 0.3265625 0.09531249999999991 0.05156250000000001
0 0.83828125 0.38828125 0.10000000000000009 0.04843749999999997
0 0.84296875 0.42890625 0.09687499999999993 0.04843750000000002
0 0.85078125 0.4890625 0.1015625 0.05156250000000007
0 0.85546875 0.53046875 0.09375 0.046875
0 0.853125 0.5679687500000001 0.09687500000000004 0.04843750000000002
0 0.8578125 0.6046875 0.10468750000000004 0.051562499999999956
0 0.8546875 0.6453125 0.10468749999999993 0.051562499999999956
0 0.8640625 0.678125 0.09687499999999993 0.046875
0 0.5953125 0.021875 0.109375 0.04375
0 0.60390625 0.06796875 0.10468750000000004 0.059375000000000004
0 0.6171875 0.128125 0.10781249999999998 0.0703125
0 0.62421875 0.20390625 0.11406249999999996 0.0796875
0 0.6382812500000001 0.290625 0.11093750000000002 0.08906249999999999
0 0.65 0.37187499999999996 0.1171875 0.09687499999999999
0 0.6625 0.46328125 0.11250000000000004 0.10000000000000003
0 0.67421875 0.5718749999999999 0.11250000000000004 0.09999999999999998
0 0.675 0.66796875 0.12031250000000004 0.09218749999999998
0 0.68984375 0.74921875 0.1171875 0.08750000000000002
0 0.48359375000000004 0.02578125 0.10156250000000006 0.046875
0 0.49375 0.07265625 0.10625000000000001 0.06093749999999999
0 0.50390625 0.13125 0.10624999999999996 0.06875000000000002
0 0.515625 0.2046875 0.11093749999999997 0.08281250000000001
0 0.53046875 0.29453125 0.12031250000000004 0.09375000000000003
0 0.54609375 0.39453125 0.11406249999999996 0.09999999999999998
0 0.5640625 0.503125 0.11406249999999996 0.09687500000000004
0 0.57109375 0.609375 0.11875000000000002 0.10312500000000002
0 0.57890625 0.70625 0.11562499999999998 0.09375
0 0.59609375 0.78515625 0.13593750000000004 0.08437500000000009
0 0.3921875000000001 0.03125 0.09062500000000007 0.0359375
0 0.39296875 0.05859375 0.09218750000000003 0.051562500000000004
0 0.396875 0.09765625 0.09218750000000003 0.0546875
0 0.40625 0.14375 0.10312500000000002 0.0640625
0 0.409375 0.19921875 0.10781249999999998 0.07656249999999998
0 0.4171875 0.2640625 0.10781249999999998 0.08281250000000001
0 0.4234375 0.33203125 0.109375 0.0859375
0 0.4375 0.409375 0.10468750000000004 0.09687500000000004
0 0.4476562499999999 0.49140625 0.10468749999999993 0.09531250000000002
0 0.4546875 0.571875 0.11093749999999997 0.09687500000000004
0 0.4609375 0.65078125 0.10781250000000003 0.09375
0 0.47109375 0.725 0.1171875 0.08906250000000004
0 0.48046875 0.7953125 0.11250000000000004 0.08125000000000004
0 0.303125 0.05078125 0.08749999999999997 0.043750000000000004
0 0.29921875 0.08515625 0.09218750000000003 0.0546875
0 0.3046875 0.1265625 0.09218750000000003 0.05781249999999999
0 0.30781250000000004 0.175 0.09062500000000001 0.06562500000000002
0 0.3125 0.23125 0.09062500000000001 0.06874999999999998
0 0.3171875 0.29374999999999996 0.1015625 0.08124999999999999
0 0.32578125 0.36640625 0.10312499999999997 0.08750000000000002
0 0.3328125 0.44140625 0.11093750000000002 0.09218749999999998
0 0.34140625 0.52109375 0.10468749999999999 0.09218750000000009
0 0.353125 0.59765625 0.10312499999999997 0.08906250000000004
0 0.36640625 0.6703125000000001 0.10312500000000002 0.08750000000000002
0 0.37890625 0.73984375 0.10624999999999996 0.08906250000000004
0 0.38593750000000004 0.8031250000000001 0.10625000000000001 0.07968750000000002
0 0.21640625 0.0671875 0.08906249999999999 0.05000000000000001
0 0.21796875 0.0984375 0.08281249999999998 0.053125000000000006
0 0.221875 0.1375 0.08906250000000002 0.05937499999999998
0 0.22265624999999997 0.18437500000000004 0.08749999999999997 0.06875000000000003
0 0.2296875 0.2390625 0.08750000000000002 0.07187500000000002
0 0.23125 0.29921875 0.09531250000000002 0.07656250000000003
0 0.23828124999999997 0.36484375 0.09531249999999997 0.078125
0 0.24140625 0.4390625 0.09531250000000002 0.08437500000000003
0 0.24999999999999997 0.515625 0.09531249999999997 0.08281249999999996
0 0.265625 0.58984375 0.09687500000000002 0.08750000000000002
0 0.27421875 0.66484375 0.1078125 0.08281249999999996
0 0.28984375 0.73125 0.10624999999999998 0.08750000000000002
0 0.30000000000000004 0.79921875 0.09843750000000001 0.08125000000000004
0 0.12421875 0.065625 0.0953125 0.03437500000000001
0 0.121875 0.0890625 0.09843749999999998 0.05156249999999998
0 0.1234375 0.11953125 0.10000000000000002 0.05312499999999999
0 0.13046875 0.16015625 0.10000000000000002 0.05781250000000002
0 0.13125 0.20546875 0.09843750000000001 0.05937500000000001
0 0.13671875 0.25625 0.10312500000000001 0.07031249999999997
0 0.14296875 0.31484375 0.09843750000000001 0.07656250000000003
0 0.14921875 0.38125 0.09843749999999998 0.07968749999999997
0 0.15234375 0.44999999999999996 0.08906250000000002 0.08124999999999999
0 0.1640625 0.5234375 0.09218749999999999 0.08437500000000003
0 0.17578125 0.5953125 0.09843750000000001 0.08281249999999996
0 0.19296875 0.73203125 0.1015625 0.08281249999999996
0 0.20703125 0.79765625 0.1015625 0.07187500000000002
0 0.18437500000000004 0.6640625 0.10000000000000003 0.08750000000000002
