0 0.011153063412108144 0.843048269156756 0.01930234441902101 0.08866850055601849
0 0.005185560004710793 0.9327535590145204 0.010371120009421586 0.08225146896880253
0 0.7997666184343233 0.6759987095450231 0.06884457058276838 0.10390878137729465
0 0.06907837223199367 0.9366536545169659 0.02476951763019558 0.08879981560280903
0 0.09939010024295855 0.8459490939422528 0.027168869740752125 0.09119916771336523
0 0.610279591526959 0.5612594346470166 0.08775799808124074 0.11138822709494323
0 0.7095260119497533 0.5612987905482798 0.08160359658760552 0.11514327647802192
0 0.7914960915325767 0.5648305657390413 0.06211549656106441 0.11623634365696367
0 0.7184755480107818 0.4489813016861602 0.07825438610100799 0.10569594237498514
0 0.7845625026109541 0.4630722374512988 0.06436477433243204 0.11238749781189195
0 0.7906437042514609 0.3725671635566823 0.06122191606221927 0.11153143589784387
0 0.50055455964878 0.24915974198362623 0.07862270641269209 0.08853215728940603
0 0.4239953753999354 0.24810235607301573 0.07936621257234844 0.08698886709289766
0 0.3481234194335512 0.2509688531770714 0.07784168166823857 0.08851339799700741
0 0.27931820475204605 0.2524421344238076 0.07075618109096099 0.08600149013205932
0 0.21601768186651277 0.25248468122842704 0.06534528575698206 0.08821324931862962
0 0.023641723929762243 0.2580232169762641 0.016846714431268672 0.08392607421210138
0 0.0408055090153413 0.25921694615348717 0.04096468504733508 0.08060248855419086
0 0.02907321587260575 0.1620322105780743 0.02365082562256715 0.07472261091024662
0 0.05797113141738644 0.16272630439682295 0.04408878402514921 0.08067752572378517
0 0.10418290638693503 0.1583659294371664 0.04957471652872253 0.08158986551502906
0 0.16140406494842754 0.1511440855932763 0.058834457707773236 0.07712882855709134
0 0.2902543884908615 0.15502039358350098 0.07378648360678203 0.08217140357938606
0 0.35645389884542555 0.16442518088191843 0.08089074347645825 0.08546433618878779
0 0.7209298244116438 0.18412011685442006 0.07083121826055538 0.0891255891098734
0 0.7813244942918582 0.2074520345062108 0.06159023637390337 0.09436765081226473
0 0.7612260404689172 0.10068864978097086 0.06578864323826061 0.07417356321086466
0 0.6864727765101615 0.08951546077726158 0.07028719878099554 0.06647587152072099
0 0.6030156846080255 0.0828220680238888 0.0726302730143562 0.06653214939791686
0 0.5117108266765567 0.07750313183543694 0.07266779159915354 0.06809419888682389
0 0.42189298106440076 0.07534581320959646 0.07421108179566199 0.0673506927271676
0 0.3320188575750488 0.07553156881711653 0.06872514929208856 0.06643835293592382
0 0.4133602101968119 0.9511747004203824 0.041096000094125396 0.08606966176536557
0 0.47273685006767885 0.9518193818982235 0.039346357681232236 0.07822189573603289
0 0.5134064146564583 0.9504517908695908 0.040983444339733666 0.08138351329864402
0 0.024597480382939657 0.934022325361338 0.02153286289798989 0.08403862996649314
0 0.12060908338999413 0.8409884216258406 0.02560682025184509 0.09116164912856806
0 0.15101093323002 0.9417474791966343 0.031798740330277464 0.08896864923439596
0 0.1260556599923042 0.9395851323509719 0.030217931548971733 0.08815010590514571
0 0.19558562154106707 0.9404736846299948 0.03187377749987186 0.09209274821221047
0 0.25389762383729697 0.07443666432170878 0.07079369967575808 0.08756353962096634
0 0.09278093124151035 0.43786023219713877 0.048275297133396025 0.0924866933525812
0 0.4588303163231703 0.8475491457455331 0.04290192038421431 0.09626050202805869
0 0.6539868078974236 0.17313452077469701 0.0769856197541906 0.08537053972679459
0 0.6474398148503078 0.44571215658897934 0.0821407505308771 0.10500871409252466
0 0.0677336988582676 0.34191863813985657 0.04587594502283959 0.09008734124202489
0 0.5062157075906532 0.5665746962025362 0.09166312180350839 0.11148202355693615
0 0.3264011262951092 0.4395641369020564 0.07968512054312482 0.10026628774860763
0 0.15996965587337866 0.3410081356650788 0.05762883477443975 0.09193078011691114
0 0.6591757826259752 0.34752815029661777 0.07888533650627261 0.09946650371175547
0 0.2811598063104663 0.33844865277568903 0.07486765702961337 0.09468655878304116
0 0.4369744846937337 0.16323328902116144 0.07864146570509067 0.08931318203385957
0 0.5619255825910363 0.8500253723421498 0.042045858470166286 0.09311764375784559
0 0.16355770894133595 0.2566949818488946 0.05989687183820597 0.08886295901629288
0 0.033274813640319145 0.34499835299658527 0.039515191312819775 0.08525111843611477
0 0.5818730922174744 0.3448899556047016 0.08122841073963316 0.09952278158895128
0 0.052967428566778885 0.43612248354035604 0.04277060533742416 0.09079332881688396
0 0.2131232388877283 0.6658156046759325 0.06973815108161369 0.10861368913641456
0 0.11660242781213104 0.2594745480272455 0.05753503831244677 0.08802565639464344
0 0.1912650862122497 0.4370998040615499 0.06484565039850776 0.09990986119303397
0 0.07593286322335158 0.26084213905587833 0.05591671094634387 0.08564506357648571
0 0.5771182883878709 0.672995385444779 0.08772047949644357 0.10982617760603608
0 0.5053889451382242 0.34070847071627697 0.08593331849875302 0.10041636208779653
0 0.3612022232664789 0.8452042341957063 0.039702784236805844 0.09306136588064984
0 0.3993466326473097 0.5585374999327515 0.09008231302220271 0.11066348022768546
0 0.13964241590872223 0.4389857897410556 0.056941606491979324 0.09581714454678009
0 0.3053404366104408 0.6656861269456081 0.0830906089069181 0.1120566960850049
0 0.566900469709601 0.4476850731941898 0.08686441758239549 0.10668331933582337
0 0.3507272864440264 0.33777515556580506 0.08037234882558525 0.09637992331873863
0 0.6409966747048292 0.8441098134298746 0.042864401799417196 0.09469845253915166
0 0.23305788729890398 0.8444707844756945 0.03427312961042828 0.09449210032276689
0 0.6126153164944554 0.9520531962597611 0.04035249393446916 0.0876129519618738
0 0.18665445864469893 0.07594746415324222 0.06835682898040452 0.08360213802150283
0 0.4288485201817781 0.33887006006121284 0.08195315760689098 0.09719846664798937
0 0.40753390325628336 0.44542022703377987 0.08440878759464321 0.10194089299190634
0 0.25369078789133637 0.44094362168679957 0.07261837925824582 0.098535404628113
0 0.651885767148779 0.2606092921534925 0.07734204630976416 0.10021000987141171
0 0.025648484486837902 0.5323692544958382 0.04219593280935535 0.09936584171347412
0 0.2963826814262339 0.5505941001249599 0.07991023205190811 0.1096385846820499
0 0.49280513457168684 0.6694073323768217 0.07987271346711089 0.10807653519314286
0 0.6607817325063918 0.6710975060091631 0.08149104083321379 0.11045712801130081
0 0.4229219373707065 0.8459051935507433 0.03977782140640035 0.09618546485846413
0 0.20822068176497804 0.5445691763616489 0.07120640410852763 0.10474608399894403
0 0.41397791325907607 0.6651695696112012 0.08690193616719277 0.10824536882473035
0 0.27828044799114837 0.9463672933465155 0.03802817899350708 0.08833769882913178
0 0.7277558857986971 0.3554271659833239 0.0766172994425065 0.10253432481237368
0 0.581464062417637 0.16670375811490484 0.0777854037910427 0.08617032376364687
0 0.11070881909561037 0.34216937447732676 0.05368619246737494 0.09027493416601096
0 0.07247245056925253 0.5350568615286622 0.04768186531292867 0.1002781815047179
0 0.7173792899284839 0.26687122118169715 0.07334312612550342 0.09621108968715103
0 0.05911448079454995 0.8309151653373614 0.02328250531088305 0.0918863959958256
0 0.5267794690906276 0.8491812041842122 0.04213965493215943 0.09702276748011329
0 0.21545993131437663 0.3407779959364732 0.06623886625582731 0.09291815707774936
0 0.18697742737614564 0.8433639862241764 0.03187377749987186 0.09209274821221047
0 0.1557176783056058 0.8433946392726853 0.029493184681714135 0.09047442084610746
0 0.5734327642249886 0.9565824048510053 0.03797190111631121 0.08599462459577101
0 0.13097426923367292 0.5395879074363722 0.06021577980898235 0.10214037967200279
0 0.5128276813677193 0.16114781666155925 0.0786039471202935 0.08775113254495247
0 0.6019079188973553 0.844733898298851 0.04130235231051016 0.09466093395435438
0 0.04036988692766519 0.8304649423197947 0.023226227433687185 0.08954332176246504
0 0.2658609265659523 0.8452586747564363 0.03583517909933537 0.09452961890756406
0 0.6572462826826984 0.9484363274597611 0.03968402494440715 0.09228034113619688
0 0.48797945193499703 0.4473524341508369 0.08995099797541228 0.10519630701651067
0 0.3236567576555136 0.8466468623939336 0.037378469295843875 0.0937861127479076
0 0.08266561187798765 0.07813862673094787 0.058334822349298876 0.0888254404314956
0 0.3711098368267268 0.9532857976086717 0.03877168515316343 0.08679440863262344
0 0.041827213657620654 0.08653544045966233 0.04576338926844792 0.08540119277530367
0 0.13663909180847808 0.6616341197875077 0.06335863807919513 0.10299644158605092
0 0.22524580253790263 0.9419675624855957 0.034085536686442264 0.0866818528782316
0 0.023912089416945226 0.8324140714127843 0.021682937237178734 0.0902868279221215
0 0.02363437466389806 0.648760700711813 0.03834708696428346 0.1016151194848417
0 0.6816662392936086 0.8427422224012419 0.04133987089530733 0.0962229834432613
0 0.07784031536903607 0.8321464130993816 0.024825795507391613 0.09114288983616925
0 0.09170933052874744 0.9379786987409793 0.02633156711910274 0.08883733418760575
0 0.7824976268602164 0.28875364509897244 0.07353071904948949 0.10402133713168638
0 0.31500737027286296 0.9464679553447967 0.03800941970110849 0.08755667408467827
0 0.7388654476593464 0.6737544599934777 0.07760467640334479 0.11114435629376118
0 0.07348864326213381 0.6554284686364988 0.050918520045134474 0.10503936714103357
0 0.7143192042214679 0.8497783106376119 0.03968402494440715 0.09228034113619654
0 0.039399431942759494 0.9359408014058186 0.02315119026409279 0.08641922278465097
0 0.6918177236550385 0.940670464136311 0.03739722858824246 0.09456713749236134
0 0.12973344876158424 0.07067291208587578 0.054666703891925 0.06610068567274875
0 0.22161800744094387 0.14946445213015538 0.06504513707860421 0.07571685340737307
0 0.5753641014847315 0.2579898567539748 0.07882905862907685 0.09712342947839486
