0 0.8569182389937107 0.98046875 0.02515723270440251 0.0390625
0 0.8812893081761006 0.978125 0.022012578616352307 0.043749999999999956
0 0.9025157232704403 0.978125 0.01729559748427678 0.043749999999999956
0 0.9205974842767295 0.97265625 0.01808176100628922 0.053906250000000044
0 0.9378930817610063 0.9671875 0.014150943396226245 0.06562500000000004
0 0.9677672955974843 0.9578125 0.011006289308176043 0.07421875
0 0.9536163522012578 0.96328125 0.01729559748427678 0.07343750000000004
0 0.9819182389937107 0.95078125 0.01650943396226412 0.08203125
0 0.5526729559748427 0.83671875 0.0778301886792453 0.09453125000000007
0 0.47562893081761004 0.83671875 0.07625786163522008 0.09453125000000007
0 0.3828616352201258 0.83359375 0.07625786163522008 0.09140624999999991
0 0.23113207547169812 0.85234375 0.061320754716981146 0.09140625000000002
0 0.08647798742138366 0.8359375 0.03852201257861636 0.08906250000000004
0 0.011792452830188678 0.71171875 0.01650943396226415 0.08359375000000002
0 0.03223270440251572 0.721875 0.027515723270440245 0.08750000000000002
0 0.24606918238993714 0.00859375 0.05817610062893086 0.0171875
0 0.12578616352201258 0.84453125 0.0479559748427673 0.0859375
0 0.06132075471698113 0.7289062499999999 0.03537735849056604 0.08437499999999998
0 0.13836477987421383 0.74296875 0.044811320754716985 0.08828124999999998
0 0.6988993710691824 0.83125 0.07468553459119498 0.09687499999999993
0 0.7790880503144654 0.828125 0.0691823899371069 0.09609375000000009
0 0.29795597484276726 0.7484375 0.06996855345911951 0.09296875000000004
0 0.9095911949685535 0.81640625 0.04795597484276737 0.09296875000000004
0 0.37342767295597484 0.74296875 0.06525157232704404 0.09531250000000002
0 0.6069182389937107 0.73046875 0.0794025157232704 0.09999999999999998
0 0.9316037735849056 0.71640625 0.04323899371069184 0.09296875000000004
0 0.18789308176100628 0.7445312499999999 0.043238993710691814 0.08828124999999998
0 0.17610062893081763 0.84921875 0.05581761006289307 0.08984375
0 0.30503144654088055 0.84140625 0.06996855345911951 0.09453124999999996
0 0.9732704402515723 0.80703125 0.03144654088050314 0.08906250000000004
0 0.8789308176100629 0.71953125 0.05110062893081757 0.09531250000000002
0 0.0959119496855346 0.73828125 0.0369496855345912 0.0859375
0 0.520440251572327 0.73359375 0.08097484276729555 0.09687500000000004
0 0.8498427672955975 0.8234375 0.054245283018867996 0.09296874999999993
0 0.6855345911949685 0.73203125 0.07468553459119498 0.1015625
0 0.6242138364779874 0.8390625 0.07311320754716977 0.09453124999999996
0 0.4441823899371069 0.73828125 0.07468553459119498 0.09531250000000002
0 0.7649371069182389 0.728125 0.06682389937106914 0.1015625
0 0.23977987421383648 0.74921875 0.05188679245283018 0.08984375
0 0.9748427672955975 0.715625 0.03144654088050314 0.08984375
0 0.8317610062893082 0.721875 0.04795597484276737 0.09375
