0 0.2765625000000001 0.80859375 0.057031250000000006 0.08671874999999996
0 0.21718749999999998 0.8109375000000001 0.051562499999999956 0.09531250000000002
0 0.12031250000000004 0.78671875 0.03515625 0.08984375
0 0.1171875 0.703125 0.034375000000000044 0.07890624999999996
0 0.19999999999999996 0.703125 0.046875 0.08515625000000004
0 0.18125000000000002 0.01328125 0.042187500000000044 0.0265625
0 0.13359375 0.0234375 0.03984375000000007 0.046875
0 0.10390625000000014 0.0328125 0.03359374999999998 0.065625
0 0.74765625 0.64453125 0.06953125000000004 0.10078125000000004
0 0.8078125 0.6484375 0.05859375 0.09843749999999996
0 0.675 0.64921875 0.06953124999999993 0.09531250000000002
0 0.34296875000000004 0.79609375 0.07499999999999996 0.09999999999999998
0 0.603125 0.65859375 0.07890624999999996 0.10078125000000004
0 0.52734375 0.66953125 0.07734375000000004 0.10078125000000004
0 0.45 0.68046875 0.08046874999999998 0.1015625
0 0.16796875 0.7992187500000001 0.0546875 0.09140625000000002
0 0.37812500000000004 0.6890624999999999 0.07109374999999996 0.09999999999999998
0 0.8640625 0.64609375 0.05703124999999998 0.09843749999999996
0 0.2515625 0.7015625 0.061718750000000044 0.09375
0 0.0859375 0.6984375 0.035937499999999956 0.08359375000000002
0 0.31328125 0.69765625 0.06093749999999998 0.09687500000000004
0 0.15703125 0.7015624999999999 0.04375000000000007 0.08828124999999998
0 0.0859375 0.7765625 0.046093750000000044 0.08437499999999998
