0 0.9947158750454119 0.9261135039180461 0.010568249909176153 0.08322860366887852
0 0.9784223571894337 0.9306572718956667 0.023115902957976275 0.08655660373558405
0 0.9621016605219455 0.933537039839935 0.024677564886198766 0.0866077727881489
0 0.9332620839023946 0.9360453292406128 0.027954395900339435 0.09139509667794687
0 0.913638971694483 0.9335616185412323 0.02941371972343132 0.08832294187406742
0 0.8763125925748388 0.9394746615874638 0.03253704357987641 0.08842527997919725
0 0.8520300791085426 0.9379252890098901 0.030975381651654033 0.08837411092663228
0 0.8082779605920303 0.9385771915176035 0.0356091983837562 0.08696595615610514
0 0.7793872149199141 0.939523818990059 0.03711969125941372 0.08545546328044795
0 0.7256122165013685 0.9444124751600023 0.0386813531876361 0.08550663233301337
0 0.6903980695375149 0.9432212859503847 0.04331516991973838 0.08409847756248623
0 0.6304787615112095 0.9514379421870336 0.04039652227355417 0.09024278717024592
0 0.5912581216216692 0.9472513517523838 0.040243015115858705 0.085557801385578
0 0.5295724754568811 0.9492725293287079 0.0447744937428306 0.08102632275860688
0 0.48980126533977275 0.9521390020973421 0.03852784602994053 0.08082164654834556
0 0.44138974556487554 0.9537252427268621 0.04195818420177666 0.09029395622281089
0 0.40312902832342457 0.9549415377279341 0.03883486034533162 0.09011692454413178
0 0.3664299730101961 0.9561813572499901 0.037170860311978915 0.08701712520867066
0 0.3319966570104535 0.95496458351409 0.0386813531876361 0.08550663233301337
0 0.2989970803075207 0.9497924859050684 0.03399636740296863 0.08535312517531768
0 0.26609984170971807 0.9477437121524919 0.030821874493958457 0.08368912514196492
0 0.23773408173888744 0.9408564454575523 0.03087304354652365 0.0852507870701874
0 0.20650084317443745 0.9418798265088557 0.030975381651654144 0.08837411092663228
0 0.9896286873405326 0.8356650347125546 0.020742625318934893 0.09436491337669639
0 0.974187615177174 0.8252706762669313 0.021451902924623734 0.08338211082657399
0 0.9578669185096855 0.8281504442111993 0.021810086292579633 0.09431374432413131
0 0.941495052789632 0.8294685502272447 0.02024842436435703 0.09426257527156612
0 0.9227551096509622 0.8300825788580268 0.026495072077247217 0.09446725148182678
0 0.9012244414975208 0.8409497481273851 0.028159072110600203 0.09764174439083695
0 0.877825097100466 0.8424981148799741 0.026392733972116944 0.09134392762538202
0 0.8434941192058539 0.8444046650005188 0.035967381751712546 0.09789758965366302
0 0.8145010354286074 0.8422279686165293 0.03425221266579448 0.09316143481642991
0 0.7707745014383778 0.843660702088354 0.03742670557480465 0.09482543484978312
0 0.7371220164027465 0.8424183438261713 0.039039536555592225 0.09643826583057069
0 0.6810045250918673 0.8473837535749623 0.04200935325434185 0.09185561815103349
0 0.6433199626042668 0.8423651631236361 0.04200935325434174 0.09185561815103349
0 0.580930239054215 0.8467544181185767 0.04065236753637991 0.09805109681135826
0 0.5403270289204303 0.8480848134852708 0.040550029431249635 0.09492777295491317
0 0.47942221371975324 0.8500804065353124 0.04221402946460229 0.09810226586392345
0 0.4380381726218572 0.8514363864282891 0.038937198450461896 0.09331494197412571
0 0.4011088565720856 0.8456113804865693 0.0389883675030272 0.09487660390234831
0 0.3636289702947458 0.8468394377481332 0.04231636756973278 0.10122558972036855
0 0.32355074586224647 0.8403359389474325 0.04231636756973278 0.10122558972036866
0 0.290154106089441 0.8469018903263621 0.03898836750302703 0.09487660390234798
0 0.9719514836899105 0.6377433222488197 0.04403153665565074 0.1059617445576011
0 0.9212742246015273 0.6417488093495213 0.050124677210845126 0.10148143498319429
0 0.8597932546469995 0.6500166346387353 0.06110747976096764 0.1034012802793729
0 0.7839758975493611 0.6501558407958121 0.07063095848799839 0.1083932803794313
0 0.695844336709921 0.6561702161221888 0.07989859195220272 0.10557697083837736
0 0.6139338390570879 0.6611990842741936 0.08786040875101087 0.11051780188587057
0 0.5218213698182437 0.6649988893396497 0.09083022544976033 0.10593515420633348
0 0.4132346967542153 0.6669934765647061 0.09083022544976033 0.10593515420633348
0 0.31683430480057617 0.6592087397999062 0.08327776107147367 0.1134876185846202
0 0.23500056072659115 0.6665801008442449 0.08010326816246338 0.11182361855126732
0 0.9737587131802797 0.5259054026969336 0.03758021273250023 0.09951042063445042
0 0.9262815315271895 0.5321510445848386 0.05173750819163292 0.10309426596398197
0 0.8670151318335826 0.5364379614746486 0.05949464878018018 0.10178844929858538
0 0.7929385283481447 0.5419918153279388 0.07365194423931287 0.10537229462811681
0 0.701709228178542 0.5488893597235571 0.08483942299969616 0.11353878763718533
0 0.6010843719133219 0.5553130874704554 0.09244305643054773 0.10754798518712128
0 0.4911407131313317 0.563605491460967 0.08931973257410286 0.10744564708199089
0 0.38474302580194175 0.5608383393225082 0.09410705646390066 0.11072247809613134
0 0.2877920636207345 0.5601066657609921 0.0846859158420008 0.1088538018525177
0 0.20762231958010208 0.5705501816092107 0.07134732522391041 0.13025654737454617
0 0.9762311403539965 0.43436908821194 0.027903226847774243 0.0898334347497245
0 0.9488253030312552 0.43292205373949666 0.04346867707743396 0.08878346334715365
0 0.9097581702994104 0.4334204490895145 0.04664316998644402 0.09044746338050658
0 0.863010650557866 0.4380788445229144 0.056268986818604816 0.09856278733700996
0 0.8074693140008373 0.43677202203253285 0.06886462034951502 0.10209546361397615
0 0.742660343979604 0.43889553771398715 0.07511126806240509 0.10230013982423691
0 0.6738704655589667 0.4388044831345206 0.07672409904319266 0.10391297080502448
0 0.5959408763055377 0.4460479215474463 0.08901271825871193 0.09807567551265589
0 0.5131727941097457 0.44875988133340006 0.0874510563304895 0.09802450646009081
0 0.43264486670115726 0.4482717636840611 0.0860940706125276 0.10421998512041553
0 0.35367860122079137 0.4477324769821569 0.08599173250739722 0.1010966612639706
0 0.27874441319239446 0.450969422469396 0.08010326816246352 0.11182361855126732
0 0.20771437998455355 0.45407844532522224 0.07370311329187818 0.1069339565563392
0 0.9646741946999932 0.344074126164144 0.03711969125941361 0.08545546328044806
0 0.9308426179803839 0.3373659511531826 0.04659200093387883 0.08888580145228397
0 0.889458576882488 0.33872193104615944 0.0512769867185463 0.08903930860997944
0 0.840970303528743 0.3379656787833459 0.05903412730709379 0.0877334919445828
0 0.7846737205338856 0.33746527178335806 0.062106282110973354 0.08627416812149064
0 0.7221049052998557 0.33638871002951964 0.07334492992392194 0.09600232305878181
0 0.6487067946733989 0.33879365550008234 0.0795915776368118 0.09620699926904241
0 0.5728894375757603 0.3389328616571591 0.08297074675608274 0.1041176470152852
0 0.49319351018384816 0.33998082140976 0.08432773247404457 0.09792216835496037
0 0.4159679983156829 0.34485618240406934 0.08115323956503445 0.09625816832160755
0 0.34194256388281 0.35197169818558216 0.0795915776368118 0.09620699926904247
0 0.2717956997442108 0.35817846037157075 0.08125557767016467 0.09938149217805253
0 0.20852280712491744 0.3594699760363487 0.0719367751533948 0.10063613979088404
0 0.9563173264812828 0.25601931890355145 0.043417508024868656 0.08722180141893118
0 0.9250073343379852 0.25470020706252106 0.0462849866184879 0.07951582988294906
0 0.8859402016061404 0.2551986024125389 0.0527874795942036 0.08752881573432217
0 0.8389368366017702 0.2520486882048263 0.06361677498663088 0.08476367524583336
0 0.7842786691139831 0.253839605044607 0.06674009884307586 0.08486601335096372
0 0.7239755931934392 0.2503437968195872 0.06689360600077121 0.08955099913563114
0 0.6575793767177007 0.2517376505894955 0.07162976083800388 0.09126616822154915
0 0.583976589880983 0.24789594834716827 0.07787640855089395 0.09147084443180986
0 0.5066487399076873 0.24964798548503261 0.07626357757010616 0.08985801345102212
0 0.43111281259915724 0.25837633224733303 0.0809485633547738 0.09001152060871759
0 0.35612745551819497 0.2600516158063498 0.07511126806240498 0.10230013982423691
0 0.2884510069033428 0.27008577923404686 0.07969391574194207 0.09933032312548737
0 0.21978905111411834 0.2738988794751366 0.07329376087135653 0.0944406611305593
0 0.9665980632961118 0.16422715915573194 0.026495072077247217 0.09446725148182672
0 0.9430196272150788 0.1603097091595419 0.042111691359472125 0.09497894200747853
0 0.9124904660358926 0.1589650127922289 0.04528618426848219 0.09664294204083125
0 0.8711575939905618 0.16188265461342824 0.05153283198137215 0.09684761825109196
0 0.826522306404808 0.15943681779097918 0.05148166292880707 0.09528595632286953
0 0.7749362937209007 0.15956373459740722 0.06407729645971716 0.09881863259983574
0 0.7163483868862748 0.16070174310448954 0.06855760603412409 0.09272549204464123
0 0.6499265858842538 0.1613147659102866 0.07168092989056907 0.09282783014977158
0 0.5810343693584862 0.1581003874743751 0.07454840848418809 0.08512185861378951
0 0.5069577658730481 0.16365424132766543 0.07777407044576362 0.08834752057536478
0 0.43441723978955027 0.1683760951642793 0.0763659156752366 0.09298133730746709
0 0.2962357436681425 0.1736853872804076 0.07490659185214443 0.09605349211134692
0 0.23004420340266485 0.18132588876320582 0.06402612740715208 0.09725697067161321
0 0.3649232839836495 0.17065311800342914 0.07948923953168152 0.09308367541259742
