0 0.0375 0.565625 0.041406250000000006 0.09453124999999996
0 0.07265625 0.56484375 0.04296875000000001 0.09843749999999996
0 0.0234375 0.36796875 0.028124999999999997 0.08750000000000002
0 0.09921875 0.05859375 0.04843750000000001 0.0625
0 0.11875 0.9507812499999999 0.02500000000000001 0.08828124999999998
0 0.1421875 0.95 0.03046874999999999 0.08906249999999993
0 0.22265625 0.9453125 0.03359374999999998 0.08671874999999996
0 0.8046875 0.91640625 0.03281249999999991 0.09687500000000004
0 0.77734375 0.93203125 0.03515625 0.09375
0 0.7828125000000001 0.840625 0.03281250000000002 0.10078125000000004
0 0.809375 0.825 0.034375000000000044 0.10312500000000002
0 0.75234375 0.8390625 0.02734375 0.08515624999999993
0 0.7203124999999999 0.83828125 0.03359374999999998 0.08828125000000009
0 0.06484375 0.06640625 0.04296875 0.06640625
0 0.2515625 0.34609375 0.07031250000000003 0.09453125000000001
0 0.35468749999999993 0.04765625 0.06953124999999999 0.06562500000000002
0 0.490625 0.04843750000000001 0.07187499999999991 0.06875
0 0.29296875 0.046875 0.06484375000000003 0.06562499999999999
0 0.18828125 0.34765625 0.05937499999999998 0.09062500000000001
0 0.17421875 0.4453125 0.06406249999999997 0.09843749999999996
0 0.55703125 0.04609375 0.07343750000000004 0.06875
0 0.621875 0.044531249999999994 0.0703125 0.06640625
0 0.090625 0.3546875 0.048437499999999994 0.08828124999999998
0 0.42265625 0.0484375 0.07265624999999998 0.06953125
0 0.3203125 0.34765625 0.07578124999999997 0.09609375000000003
0 0.56328125 0.946875 0.039843749999999956 0.08671874999999996
0 0.0375 0.459375 0.04062500000000001 0.08906249999999999
0 0.62421875 0.34375 0.08515625000000004 0.10000000000000003
0 0.62421875 0.44375 0.08671874999999996 0.10390625000000003
0 0.54609375 0.44609375 0.0859375 0.10312500000000002
0 0.303125 0.44218749999999996 0.07656250000000003 0.10078124999999999
0 0.23515625 0.05078125 0.061718750000000044 0.071875
0 0.5406249999999999 0.8460937500000001 0.03749999999999998 0.09140625000000002
0 0.68359375 0.04609375 0.06796875000000002 0.06875
0 0.7 0.346875 0.07578125000000002 0.09999999999999998
0 0.05234375 0.3609375000000001 0.0421875 0.08671875000000007
0 0.46953125 0.34921875 0.08437499999999998 0.09843750000000001
0 0.11796874999999998 0.44843750000000004 0.05390624999999999 0.09453125000000001
0 0.6312499999999999 0.54609375 0.08437499999999998 0.10781249999999998
0 0.62421875 0.9437500000000001 0.03671875000000002 0.08750000000000002
0 0.5492187499999999 0.3453125 0.08046874999999998 0.09843750000000001
0 0.5765625000000001 0.84375 0.03671875000000002 0.08984375
0 0.73828125 0.04375 0.06484374999999998 0.071875
0 0.69765625 0.4421875 0.078125 0.09999999999999998
0 0.6140625 0.84375 0.03749999999999998 0.09062499999999996
0 0.171875 0.55625 0.06484374999999998 0.10468750000000004
0 0.18359375 0.0546875 0.05390624999999999 0.078125
0 0.39296875 0.34921875 0.07968749999999997 0.09843750000000001
0 0.2375 0.44218749999999996 0.06328124999999996 0.09687499999999999
0 0.0671875 0.8421875 0.021875 0.09218750000000009
0 0.46328125 0.44609375 0.08515624999999999 0.10234374999999996
0 0.76875 0.44375 0.07265624999999998 0.10000000000000003
0 0.14140625 0.06171875 0.046875000000000014 0.08203125
0 0.384375 0.44375 0.08124999999999999 0.10312499999999997
0 0.184375 0.85078125 0.029687500000000006 0.08984375
0 0.11796875 0.5609375 0.05546874999999998 0.1015625
0 0.4984375 0.8453124999999999 0.0390625 0.09609374999999998
0 0.13203125 0.35078125000000004 0.053125000000000006 0.09062500000000001
0 0.328125 0.9453125 0.03671875000000002 0.08359374999999991
0 0.10078124999999999 0.95078125 0.028124999999999997 0.08671874999999996
0 0.42734375 0.85078125 0.03750000000000003 0.09296874999999993
0 0.55 0.5484375 0.08515625000000004 0.10234375000000001
0 0.23593750000000002 0.55546875 0.06640625000000003 0.10546875
0 0.07265625 0.453125 0.04453125000000001 0.09218749999999998
0 0.52734375 0.94453125 0.03749999999999998 0.0859375
0 0.1296875 0.85078125 0.025781250000000006 0.09062500000000007
0 0.05234375 0.8421875 0.02109375000000001 0.09062499999999996
0 0.71015625 0.940625 0.035937499999999956 0.08906249999999993
0 0.4640625 0.54765625 0.08437499999999998 0.10703125000000002
0 0.46015625000000004 0.84921875 0.03828124999999999 0.09296875000000004
0 0.24140625 0.85078125 0.032031249999999956 0.09296874999999993
0 0.25859375 0.94609375 0.03281250000000002 0.08359375000000002
0 0.6625 0.94296875 0.035937499999999956 0.08671874999999996
0 0.384375 0.85 0.03749999999999998 0.09375
0 0.03203125 0.84609375 0.020312500000000004 0.09218750000000009
0 0.4625 0.95 0.03593750000000012 0.08359375000000002
0 0.6859375 0.84609375 0.034375000000000044 0.09062499999999996
0 0.7109375 0.5390625 0.07656249999999998 0.10781250000000003
0 0.34609375 0.8515625 0.03828124999999999 0.09218750000000009
0 0.28984375 0.94609375 0.03359374999999998 0.08281250000000007
0 0.21328125 0.85078125 0.029687499999999978 0.09296874999999993
0 0.30859375 0.54921875 0.07734374999999999 0.10390625000000003
0 0.0859375 0.84296875 0.0234375 0.09062499999999996
0 0.65234375 0.8414062499999999 0.03515625 0.09218749999999998
0 0.16640625 0.94765625 0.02734375 0.08515625000000004
0 0.05546875 0.9515625000000001 0.022656249999999996 0.08828124999999998
0 0.38125 0.546875 0.078125 0.10234374999999996
0 0.0734375 0.9515625 0.0234375 0.08671874999999996
0 0.27656249999999993 0.85078125 0.03437499999999999 0.09218749999999998
0 0.0328125 0.9515625 0.021874999999999995 0.08906250000000004
0 0.4296875 0.9429687499999999 0.035937499999999956 0.08437499999999998
0 0.31562499999999993 0.8546875 0.03046874999999999 0.09062500000000007
0 0.36875 0.9453125 0.03281250000000002 0.08359374999999991
0 0.16328125 0.85078125 0.02734375 0.08984375
0 0.11015625 0.85078125 0.0234375 0.09375
0 0.034375 0.075 0.03984375 0.06640625
0 0.73828125 0.93671875 0.030468750000000044 0.08906249999999993
0 0.1421875 0.85078125 0.01953125 0.08984375
0 0.1921875 0.9476562500000001 0.028906249999999994 0.08437499999999998
