0 0.849658459055615 0.9833478353288092 0.025655237100058015 0.0333043293423817
0 0.8739132920888453 0.981221820276574 0.02260973668519206 0.03755635944685198
0 0.8950040420130243 0.9814194581002166 0.017922903368707832 0.03716108379956684
0 0.9130624673772472 0.9762949989869038 0.018875328368612387 0.0474100020261925
0 0.930339753855389 0.9707931462854601 0.015167271761851175 0.05841370742907981
0 0.9601811417853701 0.9642216981304441 0.012187650621533042 0.07155660373911166
0 0.9460284108515508 0.9670060345492422 0.018423585855269264 0.06598793090151567
0 0.9743602244290082 0.9588466397477331 0.017787381373193134 0.08229627599157363
0 0.5497820674457319 0.8376063455993588 0.07892702816604025 0.09582221485180675
0 0.4732304566098228 0.8363151118182268 0.07736475039387869 0.0957958631419874
0 0.3811087714719378 0.8316358053945822 0.07731204697424082 0.09267130759766462
0 0.23003274594053363 0.8478401986629838 0.06247040813870741 0.0924209663543839
0 0.08657988385478371 0.8290119247519395 0.03977785287763845 0.08969544990376632
0 0.014466650607728643 0.7035591356487042 0.017813733083012206 0.08385855376373508
0 0.03460497553200334 0.7140565133954007 0.028815556762689598 0.08794871016287176
0 0.25910430807833607 0.006770288658821677 0.058094146377981326 0.013540577317643354
0 0.12549189375481432 0.8382632452443026 0.049098816090968944 0.08672900461835742
0 0.06338853162280383 0.7215742700017787 0.03657424220385863 0.08495591316764406
0 0.1397029770703417 0.7369260037323632 0.04601378811137463 0.08901971785696161
0 0.6951661312411095 0.8345890824099623 0.07584200018644593 0.0981129280904105
0 0.7748950010409793 0.8328084640664093 0.07036085212897158 0.09723955821996333
0 0.29818193996035813 0.7450686744815583 0.07108928759541411 0.09412817853055011
0 0.9047616939540188 0.8232785726901772 0.04921739878515441 0.09375925459308376
0 0.3732635040084723 0.7408655843503062 0.06644198184365857 0.09639254005933529
0 0.6054725668529937 0.732280591081139 0.0805815369225682 0.10131653876419044
0 0.9283200921926957 0.7236617192093133 0.04453056546867018 0.09368019946362682
0 0.18888837518360713 0.7393183603638236 0.04445151033921321 0.08899336614714248
0 0.17540572733452237 0.8437933332749955 0.0569760842263235 0.09076645759785618
0 0.3036442632008529 0.8381427846193478 0.07111563930523318 0.09569045630271145
0 0.9681920539854701 0.8149721503048788 0.03274760290291212 0.08957686720958058
0 0.8759310834056504 0.725903492474699 0.052381481894205884 0.09615537467096402
0 0.0976005323514407 0.7315276742507655 0.03816287168583905 0.08654454264962441
0 0.5194945859644782 0.7339558025854158 0.08209111127509161 0.09821833492968668
0 0.8452765559176998 0.8293074576917809 0.055466509873800085 0.09386466143235983
0 0.6835601037512451 0.7351604543442511 0.07592105531590299 0.10279976140689484
0 0.6208261785143474 0.8411487650543661 0.07424019484955602 0.09574315972234937
0 0.4436450588851927 0.7373645779756779 0.07581564847662697 0.09655065031824928
0 0.7625210105199437 0.7325855212597081 0.06810966645509597 0.10266800285779987
0 0.24036448653547648 0.7448748001043355 0.053070389795919964 0.09070057832330847
0 0.9712959067820439 0.7236052523432555 0.032760778757821574 0.09035800609566136
0 0.8290232226760796 0.7274563578383706 0.04923057464006386 0.09454039347916454
