0 0.18906249999999986 0.92265625 0.025000000000000022 0.0859375
0 0.21640624999999986 0.92734375 0.02890625000000005 0.08671874999999996
0 0.24609375 0.9328125 0.030468750000000017 0.07968750000000036
0 0.27656250000000004 0.934375 0.032031249999999956 0.08515624999999993
0 0.30937499999999996 0.93359375 0.03515625 0.0859375
0 0.3421875 0.93671875 0.03515625 0.08437499999999998
0 0.415625 0.93671875 0.035937499999999956 0.08671875000000007
0 0.4539062499999999 0.934375 0.03671875000000002 0.08515624999999993
0 0.49296874999999996 0.9359375 0.038281250000000044 0.08984375
0 0.53125 0.9390625 0.0390625 0.0859375
0 0.571875 0.9390625 0.03515625 0.08906250000000004
0 0.646875 0.93984375 0.03359374999999987 0.0859375
0 0.6828125 0.9453125 0.03437499999999993 0.08515625000000004
0 0.75 0.9515625000000001 0.03125 0.08750000000000002
0 0.7820312500000001 0.9515625000000001 0.032031249999999956 0.08828124999999998
0 0.8125 0.9546874999999999 0.028124999999999956 0.08437499999999998
0 0.8359375 0.9546875 0.028124999999999956 0.08671874999999996
0 0.88515625 0.95703125 0.024218749999999956 0.08515625000000004
0 0.9046875 0.94453125 0.022656250000000044 0.08515624999999982
0 0.9265625 0.940625 0.020312500000000067 0.08750000000000036
0 0.9453125 0.9390625 0.01796875000000009 0.08906250000000004
0 0.96171875 0.93671875 0.015625 0.08671875000000007
0 0.978125 0.934375 0.018750000000000044 0.08515624999999993
0 0.9796875 0.82890625 0.016406250000000067 0.09140625000000002
0 0.8890625000000001 0.8484375 0.021874999999999978 0.08984375
0 0.865625 0.84765625 0.026562500000000044 0.09062499999999996
0 0.92890625 0.8484375 0.018749999999999933 0.09140625000000002
0 0.9484375 0.8375 0.017968749999999978 0.08984375
0 0.96484375 0.8328125 0.015625 0.08750000000000002
0 0.715625 0.846875 0.03203125000000007 0.08906249999999982
0 0.4546875 0.828125 0.03984375000000001 0.09062499999999996
0 0.18515624999999986 0.8046875 0.025000000000000022 0.08984375
0 0.21406250000000016 0.80703125 0.029687499999999867 0.08671874999999996
0 0.2781249999999999 0.80078125 0.04062500000000002 0.08749999999999991
0 0.9085937500000001 0.44765625 0.04531249999999998 0.09140624999999991
0 0.88515625 0.26015625 0.05078125 0.08828125000000006
0 0.7828124999999999 0.26015625 0.06406250000000002 0.08984374999999997
0 0.9351562499999999 0.35234375 0.04453125000000002 0.08750000000000002
0 0.6796875 0.8406249999999998 0.03593750000000007 0.09218749999999987
0 0.96015625 0.2609375 0.04453125000000002 0.08281249999999996
0 0.83828125 0.26015625 0.05859375 0.09062500000000001
0 0.54296875 0.24765625 0.07968749999999991 0.09531249999999997
0 0.84375 0.34921875 0.0546875 0.08984375
0 0.71953125 0.259375 0.0703125 0.09453125000000001
0 0.28125000000000006 0.44140625 0.07656249999999995 0.10312500000000002
0 0.35390625 0.4421875 0.07890624999999996 0.10234374999999996
0 0.675 0.44453125 0.07656249999999998 0.09765625
0 0.659375 0.6609375 0.07421875 0.10781249999999998
0 0.5562499999999999 0.8328125 0.04062500000000002 0.09453125000000018
0 0.2765625 0.34609375 0.071875 0.09609375000000003
0 0.72265625 0.34375 0.07109374999999996 0.09296874999999999
0 0.21249999999999986 0.34453124999999996 0.06796875000000002 0.10078124999999999
0 0.925 0.26015625 0.04375000000000007 0.08515624999999999
0 0.96953125 0.35625 0.03671875000000002 0.08359375000000002
0 0.94921875 0.446875 0.039843749999999956 0.08906249999999999
0 0.42265624999999996 0.34140625 0.07734375000000004 0.09375
0 0.34609375 0.34375 0.07499999999999996 0.09375
0 0.6554687499999999 0.34062500000000007 0.07499999999999996 0.09453125000000001
0 0.85390625 0.55 0.05859375 0.10156250000000006
0 0.86171875 0.44765625 0.053906250000000044 0.09375
0 0.9578125 0.6468749999999999 0.04375000000000007 0.09999999999999998
0 0.44921875 0.246875 0.07968750000000008 0.09765625
0 0.4710937499999999 0.5625 0.08750000000000002 0.10468750000000004
0 0.7578125 0.65859375 0.07109374999999996 0.10546875
0 0.36875 0.5515625 0.0859375 0.10859375000000004
0 0.49531250000000004 0.33984375 0.08125000000000004 0.09375
0 0.68359375 0.55546875 0.07578124999999991 0.10624999999999996
0 0.61015625 0.9421875 0.03515625 0.08750000000000002
0 0.74765625 0.446875 0.06953125000000004 0.09609375000000003
0 0.59296875 0.44765625 0.07968750000000002 0.09921874999999997
0 0.37031250000000004 0.2546875 0.07890624999999996 0.09921875000000002
0 0.4476562500000002 0.66484375 0.08828125000000003 0.10546875
0 0.6421875 0.25312499999999993 0.07734375000000004 0.09296874999999999
0 0.22812500000000002 0.26171875 0.06875000000000009 0.09375
0 0.41796875 0.82578125 0.04296875 0.09375
0 0.27109375 0.54375 0.08203125000000003 0.10703125000000002
0 0.89296875 0.3515625 0.051562499999999956 0.08906249999999999
0 0.809375 0.4453125 0.05937500000000007 0.09765625
0 0.5796875000000001 0.559375 0.08828124999999998 0.109375
0 0.5765624999999999 0.34062500000000007 0.07890625000000007 0.09453125000000001
0 0.43359375 0.44609375 0.08203125 0.10312500000000002
0 0.6421875 0.840625 0.04062500000000013 0.09296875000000004
0 0.78203125 0.5515625 0.06953124999999993 0.10234374999999996
0 0.78828125 0.3484375 0.06406250000000002 0.09218749999999998
0 0.2898437499999999 0.2609375 0.07187500000000002 0.09375
0 0.84453125 0.65625 0.06406250000000002 0.10390624999999998
0 0.74765625 0.84453125 0.032031249999999956 0.09140625000000002
0 0.9593750000000001 0.834375 0.021093750000000022 0.08671874999999996
0 0.21015625 0.43671875 0.07578125000000002 0.11250000000000004
0 0.5140625 0.83046875 0.039843749999999956 0.09296875000000004
0 0.78046875 0.8453124999999999 0.02968750000000009 0.09218749999999998
0 0.3421875 0.65546875 0.08203125 0.109375
0 0.19374999999999998 0.53046875 0.07499999999999996 0.11171874999999998
0 0.5554687500000001 0.6664062499999999 0.08906250000000004 0.10781249999999998
0 0.9632812500000001 0.5421875 0.04140624999999998 0.09531250000000002
0 0.9156249999999999 0.54609375 0.04921874999999998 0.09765625000000006
0 0.8125 0.8453125 0.02968750000000009 0.09296875000000004
0 0.60234375 0.8390625000000002 0.03749999999999998 0.09531250000000013
0 0.2570312500000001 0.6453125 0.08046875 0.11015624999999996
0 0.9078125 0.84765625 0.022656250000000044 0.09062499999999996
0 0.83828125 0.84765625 0.026562500000000044 0.09140624999999991
0 0.36328125000000006 0.80546875 0.04140624999999998 0.09375
0 0.90546875 0.6515625 0.04921874999999998 0.09843749999999996
0 0.18828124999999984 0.63125 0.07187500000000013 0.11328125
0 0.71796875 0.946875 0.03125 0.08515625000000004
0 0.37968749999999996 0.93828125 0.035937499999999956 0.08750000000000002
0 0.859375 0.9546874999999999 0.02578125000000009 0.08828124999999998
0 0.328125 0.8 0.0390625 0.09453124999999996
0 0.51796875 0.44609375 0.08124999999999999 0.09999999999999998
