0 0.46640625 0.21328125 0.08125000000000004 0.08828125000000003
0 0.24062500000000003 0.68046875 0.07578125000000005 0.11093750000000002
0 0.1578125 0.6820312499999999 0.05781249999999999 0.10390624999999998
0 0.09140625 0.6820312500000001 0.04453125000000001 0.10312500000000002
0 0.01796875 0.86640625 0.015625 0.08750000000000024
0 0.0328125 0.8687499999999999 0.017968749999999995 0.08828124999999998
0 0.6359375 0.87890625 0.039843749999999956 0.09296875000000004
0 0.671875 0.8882812499999999 0.03281250000000002 0.08359375000000002
0 0.70390625 0.89296875 0.03359374999999998 0.08203125
0 0.7359375 0.88828125 0.028124999999999956 0.09296875000000004
0 0.76484375 0.88828125 0.03125 0.09375
0 0.79453125 0.884375 0.028124999999999956 0.09375
0 0.746875 0.97421875 0.034375000000000044 0.051562499999999956
0 0.715625 0.96796875 0.04296875 0.06406250000000002
0 0.66796875 0.96796875 0.03359374999999998 0.06406250000000002
0 0.63203125 0.96796875 0.038281250000000044 0.06406250000000002
0 0.59375 0.96484375 0.04062500000000002 0.06328124999999996
0 0.55625 0.9593750000000001 0.0390625 0.06796875000000002
0 0.51640625 0.9578125 0.03671875000000002 0.06874999999999976
0 0.42265625 0.9593750000000001 0.0390625 0.07265624999999998
0 0.1296875 0.8828125 0.024999999999999994 0.08828125000000009
0 0.109375 0.8796875 0.025781250000000006 0.09218749999999976
0 0.06171875 0.96171875 0.02031250000000001 0.07656249999999976
0 0.08046875 0.96328125 0.020312499999999997 0.07343750000000004
0 0.10078125 0.96328125 0.0234375 0.07343750000000004
0 0.1234375 0.96484375 0.02578124999999999 0.0703125
0 0.146875 0.965625 0.02734375 0.06796875000000002
0 0.1734375 0.96484375 0.03046874999999999 0.06953125000000004
0 0.01875 0.67890625 0.0171875 0.1015625
0 0.13359375 0.56953125 0.053125000000000006 0.09999999999999998
0 0.5921875 0.14765625 0.07421875 0.06953125000000002
0 0.5046875 0.69609375 0.10234374999999996 0.15390625000000002
0 0.2078125 0.04843750000000001 0.05937499999999998 0.08359375
0 0.46640625 0.071875 0.07578124999999997 0.08203125
0 0.31953124999999993 0.065625 0.06953124999999999 0.0796875
0 0.3890625 0.06875 0.07187499999999997 0.07499999999999998
0 0.5570312500000001 0.07578125 0.07578125000000002 0.08125000000000002
0 0.2515625 0.13203125 0.06953124999999999 0.07734375000000002
0 0.0375 0.35703125 0.046875 0.08984375
0 0.3773437499999999 0.14296875 0.07343749999999993 0.07890625000000001
0 0.5640624999999999 0.21484375 0.07656249999999998 0.08906250000000002
0 0.07734375 0.47109375 0.049218750000000006 0.09609375000000003
0 0.153125 0.04062500000000001 0.05078125 0.07265625
0 0.26015625 0.05859375 0.06406249999999997 0.08359375
0 0.5171875 0.34296875 0.08671875000000001 0.10312500000000002
0 0.0921875 0.20937499999999998 0.04765625 0.08046875
0 0.4164062499999999 0.34296875 0.08515624999999993 0.10312500000000002
0 0.03984375 0.47890625 0.045312500000000006 0.09453124999999996
0 0.64765625 0.22109374999999998 0.07578125000000002 0.08984374999999997
0 0.54921875 0.453125 0.09062499999999996 0.10546875
0 0.4328125 0.875 0.04140624999999998 0.09218750000000009
0 0.1015625 0.0421875 0.05234375000000001 0.06953125000000002
0 0.05390625 0.20624999999999996 0.04296875 0.07968749999999997
0 0.61875 0.35 0.0859375 0.109375
0 0.64140625 0.08046875 0.06796875000000002 0.07499999999999998
0 0.23671875000000003 0.4640625 0.07187500000000005 0.10312500000000002
0 0.4640625 0.45234374999999993 0.08750000000000002 0.10468749999999999
0 0.625 0.45859375 0.0859375 0.10468750000000004
0 0.15390625000000002 0.11875 0.053125000000000006 0.09375
0 0.23359375 0.3671875 0.07109374999999998 0.10234374999999996
0 0.49296875 0.56953125 0.08750000000000002 0.11093750000000002
0 0.3171875 0.3484375 0.08046874999999998 0.10546875
0 0.7109375 0.353125 0.07890624999999996 0.11328125
0 0.65703125 0.153125 0.07265624999999998 0.07734375000000002
0 0.715625 0.2265625 0.07187500000000002 0.08671874999999998
0 0.04765625 0.6796875 0.045312500000000006 0.09843749999999996
0 0.07578125 0.359375 0.04765625 0.09218749999999998
0 0.596875 0.875 0.0390625 0.09140624999999991
0 0.19453125 0.12265625 0.05859375 0.08437500000000002
0 0.0890625 0.57265625 0.048437499999999994 0.09765625
0 0.17734375 0.465625 0.0625 0.09921875000000002
0 0.3125 0.13984375 0.06640625 0.07578125
0 0.3921875 0.87734375 0.04140624999999998 0.09296875000000004
0 0.32578125 0.678125 0.08359374999999997 0.109375
0 0.55546875 0.871875 0.0390625 0.09453125000000007
0 0.2578125 0.56796875 0.07656250000000003 0.10859375000000004
0 0.51015625 0.87265625 0.039843749999999956 0.09453124999999996
0 0.12109375 0.36015625 0.0546875 0.09375
0 0.44921875 0.1453125 0.07656249999999998 0.07343750000000002
0 0.575 0.5687500000000001 0.09062499999999996 0.10703125000000002
0 0.1890625 0.56875 0.06640625 0.10468750000000004
0 0.134375 0.21171875 0.059375 0.08437499999999998
0 0.3109375 0.4625 0.07734374999999999 0.1015625
0 0.69921875 0.46328125 0.08125000000000004 0.10390625000000003
0 0.66015625 0.56953125 0.08750000000000002 0.11406249999999996
0 0.34375 0.8765625 0.03984375000000001 0.09296875000000004
0 0.23984375 0.87890625 0.03593750000000001 0.09296875000000004
0 0.38203125 0.9640625 0.038281250000000044 0.07187500000000002
0 0.7421875 0.57578125 0.08437499999999998 0.11250000000000004
0 0.27421875 0.878125 0.03749999999999998 0.09218749999999998
0 0.07421875 0.11250000000000002 0.04921874999999999 0.07890625000000001
0 0.1125 0.11640624999999999 0.049218750000000006 0.08984374999999999
0 0.33125 0.5703125 0.08359375000000002 0.10468750000000004
0 0.3125 0.8773437500000001 0.03671875000000002 0.09140625000000002
0 0.05078125 0.87265625 0.0234375 0.08671874999999996
0 0.3851562499999999 0.4578125 0.08124999999999993 0.10781249999999998
0 0.46953124999999996 0.87421875 0.03984375000000001 0.08984375
0 0.06640625 0.875 0.022656249999999996 0.08906250000000004
0 0.18046875 0.8796875 0.032812499999999994 0.09296874999999993
0 0.71875 0.1609375 0.06874999999999998 0.07968749999999997
0 0.51875 0.14765625 0.07421875000000006 0.07343750000000002
0 0.4140625 0.5703125 0.08828124999999998 0.11015624999999996
0 0.41171875 0.6812500000000001 0.08828125000000003 0.11093750000000002
0 0.29140625 0.9671875 0.03671875000000002 0.06562500000000004
0 0.16875 0.3617187499999999 0.0625 0.09687499999999993
0 0.475 0.95390625 0.04062499999999997 0.07500000000000007
0 0.23984375 0.96640625 0.03281249999999997 0.06640625
0 0.15468749999999998 0.8804687499999999 0.028906249999999994 0.09140625000000002
0 0.77421875 0.46015624999999993 0.07968750000000002 0.12031249999999999
0 0.1203125 0.47265625 0.06171875000000002 0.10000000000000003
0 0.05546875 0.05546875 0.04609375000000001 0.06796875
0 0.32734375 0.965625 0.0390625 0.06874999999999976
0 0.0890625 0.87734375 0.024999999999999994 0.08984375
0 0.21484375 0.8796875 0.03281250000000002 0.09062500000000007
0 0.21171875 0.96640625 0.03437500000000002 0.06640625
0 0.02578125 0.9593750000000001 0.0234375 0.08046874999999998
0 0.046875 0.9609375 0.021093749999999994 0.078125
