0 0.8104156121209751 0.8638015200024391 0.07414260894812597 0.10450890411952274
0 0.8748019222286165 0.8575249243657042 0.06949490855850338 0.11320419421211314
0 0.9751347147390106 0.8162438825567909 0.04973057052197871 0.10469972257606774
0 0.9669705893272806 0.7232478299752116 0.04856691201737162 0.09247638091570198
0 0.8776445609615747 0.7356203609713792 0.06296004122015364 0.1012620011469435
0 0.8503163051346352 0.0011391111723501601 0.04980228074507487 0.0022782223447003203
0 0.8837037762701277 0.009065051945367608 0.045790559028142 0.018130103890735216
0 0.27838216685998607 0.7525855852444203 0.0896731820382145 0.12194210982921838
0 0.21406311348138138 0.7658969712544483 0.0775341715407028 0.11771372631826371
0 0.35743558260756464 0.7469189914122137 0.08887697131709982 0.11588879999430035
0 0.7369663395325585 0.8598867524319525 0.09545832631514362 0.1218944052150821
0 0.4363287663067186 0.7465576708576096 0.09978556260791699 0.123342773715577
0 0.5196629306873766 0.7473422574460469 0.09810016584629988 0.12310932973451727
0 0.6046824918296516 0.7478934000534243 0.10158470375826467 0.12444097624448214
0 0.9261857543885952 0.8372000607446405 0.07229698013808417 0.1093472894350056
0 0.6834619311400748 0.7466673209509749 0.09124483441110076 0.12131079526243271
0 0.15304759689697423 0.7717066789290635 0.0758487747790858 0.11748028233720409
0 0.8217989790507496 0.7415944952506606 0.08022249873155307 0.11299206299331077
0 0.9872643353357762 0.713390399066944 0.025471329328447756 0.09789837618383435
0 0.7546570850232213 0.7464917397632942 0.07983477790566718 0.11633437519416268
0 0.9237654831285835 0.7274711343965448 0.06004422525184194 0.10425414737620553
0 0.9901843489374982 0.7998662538514857 0.019631302125003636 0.10028052060856818
