0 0.150341540944385 0.9833478353288092 0.025655237100058015 0.0333043293423817
0 0.12608670791115473 0.981221820276574 0.02260973668519206 0.03755635944685198
0 0.1049959579869757 0.9814194581002166 0.017922903368707832 0.03716108379956684
0 0.08693753262275278 0.9762949989869038 0.018875328368612387 0.0474100020261925
0 0.06966024614461097 0.9707931462854601 0.015167271761851175 0.05841370742907981
0 0.03981885821462994 0.9642216981304441 0.012187650621533042 0.07155660373911144
0 0.05397158914844924 0.9670060345492422 0.018423585855269264 0.06598793090151567
0 0.025639775570991896 0.9588466397477331 0.017787381373193134 0.08229627599157363
0 0.4502179325542681 0.8376063455993588 0.07892702816604019 0.09582221485180675
0 0.5267695433901771 0.8363151118182268 0.07736475039387869 0.0957958631419874
0 0.6188912285280622 0.8316358053945822 0.07731204697424077 0.09267130759766462
0 0.7699672540594663 0.8478401986629838 0.0624704081387073 0.0924209663543839
0 0.9134201161452165 0.8290119247519395 0.03977785287763835 0.08969544990376632
0 0.9855333493922714 0.7035591356487042 0.01781373308301215 0.08385855376373508
0 0.9653950244679967 0.7140565133954007 0.028815556762689876 0.08794871016287176
0 0.7408956919216639 0.006770288658821677 0.05809414637798138 0.013540577317643354
0 0.8745081062451857 0.8382632452443027 0.04909881609096889 0.08672900461835753
0 0.9366114683771961 0.7215742700017787 0.03657424220385863 0.08495591316764406
0 0.8602970229296583 0.7369260037323632 0.04601378811137491 0.08901971785696161
0 0.3048338687588905 0.8345890824099623 0.07584200018644593 0.0981129280904105
0 0.2251049989590207 0.8328084640664093 0.07036085212897158 0.09723955821996333
0 0.7018180600396419 0.7450686744815583 0.07108928759541411 0.09412817853055011
0 0.0952383060459811 0.8232785726901772 0.04921739878515441 0.09375925459308376
0 0.6267364959915277 0.7408655843503062 0.06644198184365857 0.09639254005933529
0 0.39452743314700633 0.732280591081139 0.0805815369225682 0.10131653876419044
0 0.07167990780730421 0.7236617192093133 0.04453056546867018 0.09368019946362682
0 0.811111624816393 0.7393183603638236 0.04445151033921324 0.08899336614714248
0 0.8245942726654777 0.8437933332749955 0.05697608422632361 0.09076645759785618
0 0.6963557367991471 0.8381427846193478 0.07111563930523312 0.09569045630271145
0 0.03180794601452985 0.8149721503048788 0.03274760290291212 0.08957686720958058
0 0.1240689165943496 0.725903492474699 0.052381481894205884 0.09615537467096402
0 0.9023994676485593 0.7315276742507655 0.038162871685839095 0.08654454264962441
0 0.4805054140355218 0.7339558025854158 0.0820911112750915 0.09821833492968668
0 0.1547234440823002 0.8293074576917809 0.055466509873800085 0.09386466143235983
0 0.31643989624875496 0.7351604543442511 0.07592105531590299 0.10279976140689484
0 0.3791738214856527 0.8411487650543661 0.07424019484955607 0.09574315972234926
0 0.5563549411148074 0.7373645779756779 0.07581564847662692 0.09655065031824928
0 0.2374789894800563 0.7325855212597081 0.06810966645509597 0.10266800285779987
0 0.7596355134645235 0.7448748001043355 0.05307038979591994 0.09070057832330847
0 0.028704093217956028 0.7236052523432555 0.032760778757821574 0.09035800609566136
0 0.17097677732392036 0.7274563578383706 0.04923057464006386 0.09454039347916454
