0 0.13350785340314136 0.4578125 0.08376963350785338 0.11406250000000007
0 0.2225130890052357 0.44296875 0.0898778359511343 0.10000000000000003
0 0.13350785340314142 0.95390625 0.03315881326352521 0.08359375000000002
0 0.44153577661431065 0.95 0.044502617801047084 0.08046874999999964
0 0.48254799301919715 0.95234375 0.04450261780104725 0.07734374999999982
0 0.9764397905759162 0.6499999999999999 0.029668411867364686 0.09999999999999998
0 0.9808027923211169 0.54921875 0.021815008726003504 0.09765625
0 0.9781849912739965 0.4546875 0.027050610820244403 0.09375
0 0.9816753926701571 0.8546875 0.017452006980802737 0.08906249999999982
0 0.9223385689354275 0.94765625 0.024432809773123898 0.08515625000000004
0 0.8621291448516579 0.95234375 0.030541012216404928 0.0859375
0 0.40750436300174525 0.014062499999999999 0.07504363001745185 0.013281250000000001
0 0.3350785340314135 0.01015625 0.07155322862129143 0.0203125
0 0.26876090750436316 0.01015625 0.0680628272251308 0.0203125
0 0.2050610820244328 0.01015625 0.06457242582897027 0.0203125
0 0.08726003490401396 0.56640625 0.06631762652705052 0.11171874999999998
0 0.13001745200698078 0.27265625 0.06457242582897038 0.11015624999999996
0 0.7626527050610821 0.4453125 0.07591623036649198 0.1015625
0 0.9310645724258291 0.353125 0.047993019197207665 0.08984375
0 0.3211169284467715 0.4468750000000001 0.09685863874345546 0.10703125000000002
0 0.6657940663176265 0.45078124999999997 0.09075043630017443 0.10390624999999998
0 0.47993019197207687 0.8421875 0.04624781849912735 0.09609375000000009
0 0.9450261780104712 0.4515625 0.0462478184991274 0.09062500000000001
0 0.8420593368237348 0.44765625 0.06544502617801051 0.09765625
0 0.8263525305410122 0.265625 0.06457242582897038 0.0859375
0 0.8272251308900525 0.34921875 0.06282722513089001 0.08984375
0 0.7923211169284468 0.18125 0.0732984293193717 0.0859375
0 0.8987783595113438 0.44765625 0.05322862129144856 0.09375
0 0.6919720767888307 0.34375 0.08202443280977312 0.09375
0 0.6195462478184992 0.25703125 0.08376963350785338 0.09140625
0 0.26963350785340306 0.34375 0.08551483420593364 0.09765625
0 0.6954624781849912 0.2609375 0.07766143106457246 0.09062499999999996
0 0.4345549738219895 0.44921875 0.09773123909249565 0.10781250000000009
0 0.32809773123909236 0.9507812499999999 0.04537521815008727 0.08828124999999998
0 0.4424083769633508 0.340625 0.09598603839441533 0.09921875000000002
0 0.3560209424083769 0.34296875000000004 0.08900523560209428 0.09843750000000001
0 0.5200698080279232 0.84609375 0.04275741710296682 0.09765625
0 0.9607329842931938 0.27265624999999993 0.0462478184991274 0.08124999999999999
0 0.9694589877835951 0.35703125 0.041012216404886614 0.08515624999999999
0 0.5820244328097732 0.1703125 0.0872600349040139 0.08671875000000001
0 0.5061082024432809 0.559375 0.09598603839441527 0.10624999999999996
0 0.5523560209424083 0.45078125 0.09685863874345546 0.10859375000000004
0 0.8830715532286213 0.3515625 0.05933682373472937 0.08906249999999999
0 0.5890052356020943 0.84921875 0.042757417102966766 0.09296875000000004
0 0.2617801047120421 0.9507812499999999 0.041884816753926635 0.08828124999999998
0 0.9537521815008727 0.94453125 0.023560209424083767 0.08671875000000007
0 0.6605584642233857 0.1703125 0.08027923211169297 0.08906249999999999
0 0.9336823734729494 0.19140625 0.04973821989528793 0.07890625000000001
0 0.6143106457242584 0.34140625 0.0872600349040139 0.09531249999999997
0 0.20069808027923225 0.259375 0.0872600349040139 0.09140624999999994
0 0.5357766143106457 0.253125 0.08900523560209428 0.09218749999999998
0 0.8787085514834206 0.26953125 0.060209424083769614 0.08437500000000003
0 0.731239092495637 0.85078125 0.03752181500872598 0.09375
0 0.2373472949389182 0.6796875 0.08987783595113441 0.109375
0 0.5270506108202442 0.340625 0.09075043630017471 0.09609374999999998
0 0.7609075043630018 0.5562499999999999 0.07417102966841194 0.10390624999999998
0 0.5026178010471204 0.1734375 0.08813263525305426 0.0859375
0 0.7294938917975567 0.17578125 0.07417102966841194 0.08671875000000001
0 0.4031413612565447 0.8390625000000002 0.047120418848167644 0.09531250000000013
0 0.42408376963350775 0.66875 0.08813263525305415 0.10859375000000004
0 0.36910994764397903 0.25625 0.0872600349040139 0.09609375000000006
0 0.6910994764397906 0.6664062500000001 0.07853403141361259 0.10312500000000002
0 0.1972076788830714 0.34843750000000007 0.08202443280977315 0.09843750000000001
0 0.7652705061082024 0.3484375 0.0732984293193718 0.09218749999999998
0 0.6029668411867365 0.665625 0.08027923211169274 0.10468750000000004
0 0.28272251308900515 0.2578125 0.08551483420593362 0.09843749999999998
0 0.27137870855148344 0.8351562500000002 0.04799301919720764 0.09531250000000013
0 0.9232111692844678 0.27109375 0.05759162303664922 0.08203125000000003
0 0.337696335078534 0.1734375 0.08726003490401402 0.0859375
0 0.6596858638743455 0.95234375 0.04013961605584637 0.08671875000000007
0 0.944153577661431 0.55078125 0.048865619546247796 0.09609374999999998
0 0.3647469458987785 0.83828125 0.047993019197207665 0.09687500000000004
0 0.6832460732984293 0.5578125 0.08115183246073299 0.10546875
0 0.9267015706806283 0.8421875000000001 0.024432809773123898 0.09140625000000002
0 0.7835951134380454 0.85078125 0.03577661431064583 0.09218749999999998
0 0.7635253054101221 0.26015625 0.07155322862129143 0.08359374999999994
0 0.8420593368237348 0.5523437499999999 0.0680628272251309 0.09999999999999998
0 0.5916230366492148 0.9546874999999999 0.04450261780104714 0.08750000000000002
0 0.45287958115183247 0.25468750000000007 0.09075043630017454 0.09453125000000001
0 0.42233856893542754 0.17031249999999998 0.08813263525305398 0.084375
0 0.9485165794066317 0.8421875 0.023560209424083767 0.08906250000000004
0 0.893542757417103 0.55078125 0.054101221640488584 0.09609374999999998
0 0.12390924956370003 0.36640625 0.0732984293193718 0.10546875
0 0.8481675392670156 0.66171875 0.04973821989528793 0.1015625
0 0.31675392670157065 0.56484375 0.0924956369982548 0.10859375000000004
0 0.8577661431064573 0.85078125 0.027050610820244403 0.09062500000000007
0 0.7539267015706806 0.9515625000000001 0.03752181500872598 0.08750000000000002
0 0.32722513089005234 0.6765625 0.09075043630017454 0.109375
0 0.3132635253054102 0.82890625 0.047120418848167644 0.09531250000000002
0 0.1657940663176266 0.9515625000000001 0.041884816753926746 0.08750000000000002
0 0.5942408376963351 0.5601562499999999 0.07853403141361248 0.10390624999999998
0 0.26439790575916233 0.17734375 0.07940663176265275 0.08671875000000001
0 0.15183246073298412 0.56953125 0.07940663176265261 0.10468750000000004
0 0.4109947643979058 0.5640624999999999 0.09685863874345546 0.10390624999999998
0 0.23472949389179754 0.8421875 0.041884816753926746 0.09453124999999996
0 0.5532286212914486 0.95234375 0.0462478184991274 0.0859375
0 0.6972076788830716 0.953125 0.03926701570680624 0.0859375
0 0.6954624781849912 0.85078125 0.03926701570680635 0.09453125000000007
0 0.8184991273996509 0.8515625 0.03228621291448508 0.08984375
0 0.7705061082024434 0.66328125 0.07417102966841183 0.10390624999999998
0 0.3691099476439791 0.95546875 0.04363001745200701 0.08515625000000004
0 0.5148342059336825 0.66484375 0.08900523560209422 0.10546875
0 0.893542757417103 0.18984374999999998 0.060209424083769614 0.08046875
0 0.9720767888307156 0.94453125 0.021815008726003504 0.08515624999999982
0 0.6308900523560209 0.85078125 0.0410122164048865 0.09375
0 0.8490401396160558 0.18984375 0.05759162303664922 0.07968749999999997
0 0.09162303664921484 0.6773437500000001 0.07678883071553233 0.10703125000000002
0 0.9650959860383944 0.84375 0.022687609075043635 0.08984375
0 0.9389179755671901 0.65625 0.047993019197207665 0.09687500000000004
0 0.9057591623036649 0.8421875 0.02617801047120416 0.09062499999999996
0 0.787085514834206 0.95625 0.03403141361256534 0.08750000000000002
0 0.19458987783595122 0.84453125 0.041884816753926635 0.09296875000000004
0 0.22164048865619546 0.9515625 0.03926701570680621 0.08984375
0 0.8996509598603839 0.94765625 0.02617801047120416 0.0859375
0 0.19720767888307156 0.18125000000000002 0.08289703315881325 0.0875
0 0.15357766143106472 0.678125 0.08376963350785338 0.10624999999999996
0 0.831588132635253 0.9515625 0.03141361256544506 0.08984375
0 0.8909249563699826 0.659375 0.05235602094240843 0.09843749999999996
0 0.9371727748691099 0.9453125 0.02006980802792324 0.0859375
0 0.23298429319371738 0.56875 0.08551483420593375 0.10624999999999996
0 0.9720767888307156 0.1953125 0.03926701570680635 0.078125
