0 0.18958438787902482 0.8638015200024391 0.07414260894812594 0.10450890411952274
0 0.12519807777138342 0.8575249243657042 0.06949490855850338 0.11320419421211314
0 0.024865285260989467 0.8162438825567909 0.04973057052197871 0.10469972257606774
0 0.033029410672719306 0.7232478299752116 0.04856691201737163 0.09247638091570198
0 0.12235543903842527 0.7356203609713792 0.06296004122015364 0.1012620011469435
0 0.1496836948653648 0.0011391111723501601 0.04980228074507487 0.0022782223447003203
0 0.11629622372987225 0.009065051945367608 0.045790559028142 0.018130103890735216
0 0.7216178331400139 0.7525855852444203 0.0896731820382144 0.12194210982921838
0 0.7859368865186186 0.7658969712544483 0.07753417154070275 0.11771372631826371
0 0.6425644173924353 0.7469189914122137 0.08887697131709982 0.11588879999430035
0 0.2630336604674415 0.8598867524319525 0.09545832631514362 0.1218944052150821
0 0.5636712336932814 0.7465576708576096 0.09978556260791693 0.123342773715577
0 0.48033706931262343 0.7473422574460469 0.09810016584629988 0.12310932973451727
0 0.3953175081703484 0.7478934000534243 0.10158470375826473 0.12444097624448214
0 0.07381424561140482 0.8372000607446405 0.07229698013808415 0.1093472894350056
0 0.3165380688599252 0.7466673209509749 0.09124483441110076 0.12131079526243271
0 0.8469524031030258 0.7717066789290635 0.07584877477908603 0.11748028233720409
0 0.17820102094925033 0.7415944952506606 0.08022249873155307 0.11299206299331077
0 0.012735664664223822 0.713390399066944 0.025471329328447645 0.09789837618383435
0 0.24534291497677874 0.7464917397632942 0.07983477790566718 0.11633437519416268
0 0.07623451687141652 0.7274711343965448 0.06004422525184194 0.10425414737620553
0 0.009815651062501818 0.7998662538514857 0.019631302125003636 0.10028052060856818
