0 0.2497785558222042 0.9584650828644017 0.03651651527751576 0.0830698342711963
0 0.2775064366914643 0.9585902678921652 0.040492902611212966 0.08281946421566933
0 0.3076628821475911 0.9609570641902095 0.041079251158461894 0.07808587161958092
0 0.33805908664403206 0.9582400213277439 0.04337488717163396 0.08351995734451223
0 0.3704565338608585 0.9553093175320377 0.04657736313191585 0.08938136493592452
0 0.4033881334107861 0.95419621199649 0.04636370219867547 0.08838979932677249
0 0.4761358025118335 0.9441541481341904 0.04745810497195141 0.09081836391363884
0 0.5137369684093274 0.936597721149554 0.04801835541212651 0.08937737163342818
0 0.5526461980133379 0.9328040205653744 0.05020716095867861 0.094234500807161
0 0.5909951771771732 0.9306649731946457 0.050446919998992756 0.0904717744067044
0 0.631238568594774 0.9251097889303947 0.04700468499839672 0.09303326756726493
0 0.7056408909092724 0.9156279755082701 0.04502954038508511 0.08972396114036296
0 0.7419886273527222 0.9161311536576484 0.045696621291880346 0.08905688023356773
0 0.8093996491994081 0.9131350245156336 0.04292146719807932 0.09095129248733314
0 0.8411300155094397 0.9087549753842051 0.043802209038114825 0.09183203432736842
0 0.8717398809391208 0.9076842326796783 0.03939849983793675 0.08742832512719045
0 0.8949572221415828 0.9044793186810722 0.03971899123779754 0.08975005924743673
0 0.9440341300666135 0.9000707334042454 0.03563577343748037 0.08766808416750482
0 0.9616726269360752 0.8850173897640936 0.034087950690649294 0.08745442323426467
0 0.9828079930586053 0.878156579831651 0.032086707970263806 0.08945566595465038
0 0.9930894438478528 0.8740448258859351 0.013821112304294503 0.09068299730162033
0 0.9330542520734816 0.7919629001664038 0.033955022116955114 0.0919910610081367
0 0.9097300804043994 0.7943939027915947 0.038705320824067746 0.09340595518127337
0 0.972523732117667 0.7865145463687733 0.0310730375565339 0.09311156188848668
0 0.9876665786477149 0.7730090254754525 0.024666842704570202 0.09145690867503564
0 0.9961327130487427 0.7661221174359356 0.007734573902514641 0.08881468315492891
0 0.7610322662420226 0.8141314410092594 0.043909039504735126 0.09260594570078395
0 0.4999819363223945 0.8312389438984396 0.05186181417212937 0.09522207311381692
0 0.22977759849547574 0.8448781136799494 0.037050667610616816 0.09241838287461746
0 0.2587328107117063 0.843247120535248 0.04126681398462817 0.08996372018067711
0 0.3213388995988072 0.8282957312850677 0.0522084036790641 0.09223325808677552
0 0.8975980070326997 0.3922756039387991 0.057386024252657486 0.09674379775357367
0 0.8487413538413875 0.2097417883177098 0.06237608200008449 0.09439596552625362
0 0.7473589639239702 0.2237365794449571 0.07574623628138666 0.09775990620562797
0 0.9108776768011575 0.2942261805170335 0.056077960546141004 0.09276741041987657
0 0.7245776993319526 0.8128543514864656 0.04820591823829301 0.09623574352754649
0 0.9231436761558859 0.20025997489558514 0.05543697774641987 0.08812394217938407
0 0.8023066714364635 0.21615161631492227 0.0704356871340992 0.09778600431270185
0 0.5080588848195196 0.24415095072271478 0.09197227701603616 0.10531389515193984
0 0.8199027242450752 0.3036296996179363 0.06645929980040188 0.09647794060618547
0 0.6845653122107027 0.2316159358677786 0.0825785100684312 0.10325801817908203
0 0.27529253044717283 0.4718691776475035 0.08994493618857669 0.11262568701961306
0 0.34737311864142506 0.4627078556252396 0.09215983984220255 0.1121722670460582
0 0.6657711845150145 0.42112226796457997 0.08919712292223514 0.1072083074057053
0 0.6798849963005043 0.6376323277330495 0.08826418486805165 0.11694866386024483
0 0.6012313976661176 0.8219944514783049 0.05316987787864602 0.09919846044751424
0 0.25761574527901493 0.37809297289054616 0.0843399937485024 0.10501950185915321
0 0.6991986480993468 0.3147710423301608 0.08313876050860602 0.10181702589887143
0 0.19394135172571186 0.38530524840657243 0.08111141968114655 0.1091288177665446
0 0.8882108338855728 0.20429343452007914 0.05498355777286512 0.0903388458330101
0 0.9454639295645363 0.29339519685282134 0.047804694478886134 0.0878295488865975
0 0.93773456798368 0.3859465083011329 0.05164815323888905 0.09367425036698607
0 0.40169618930797313 0.3534722073920748 0.08943688196254951 0.10344558100524848
0 0.3261733661131247 0.36626332724110133 0.08711514784230323 0.10312508960538774
0 0.6322149481191417 0.3208628169658372 0.08722197830892353 0.10389900097880328
0 0.857419002020869 0.501136126519631 0.07193131366678196 0.10862076354051753
0 0.8511633246277754 0.3986854319360117 0.06621954076008729 0.10024066700664219
0 0.9725447621133492 0.5828926847626525 0.05491047577330177 0.10504316192790275
0 0.41508268954305144 0.25619669534372447 0.09229276841589684 0.10763562927218612
0 0.47991171651324693 0.5658656371381796 0.10099335634963258 0.11566913629912678
0 0.7770773379509839 0.6218499548186571 0.08484804797452938 0.1141996078735178
0 0.37703370006314685 0.5690256690376113 0.09997968593590284 0.11932503223296331
0 0.4734562861023649 0.3419891512495645 0.09330643882962653 0.10397973333834953
0 0.6894541358826535 0.5298425478567442 0.0895983466816419 0.11561450204665435
0 0.6695875477586093 0.9229707415596662 0.04679102406515634 0.09148544482043419
0 0.7380654336425071 0.4135087686891468 0.08201825962825615 0.10469901045929264
0 0.5849378121728783 0.4354351124533634 0.09250642934913722 0.10918345201901691
0 0.3379859454942984 0.2747256862065195 0.0917325179757218 0.10907662155239667
0 0.4706891664380324 0.670452941054203 0.10187409818966814 0.1165498781391624
0 0.6070934425096166 0.23600086107585608 0.08933005149592932 0.1026716696318331
0 0.19809554973227755 0.3011340334921361 0.08092385685498027 0.10227044587242617
0 0.46328761037201016 0.8339382417093429 0.05538478153227189 0.09874504047395916
0 0.2792264737200199 0.5746403636309834 0.09589646813558553 0.11724305715303152
0 0.8689796321701058 0.2992211143411093 0.06325682384012021 0.09527670736628918
0 0.7989907712090834 0.40352133907931953 0.07217107270709644 0.10485803714006076
0 0.5870580755515065 0.547920556784309 0.10240825052276925 0.1204194350062393
0 0.5540498994041865 0.3316526940944783 0.09109153517600055 0.10443315331190428
0 0.4268462310628966 0.45568070489705526 0.09536231580248444 0.11337350028595461
0 0.6874299534080135 0.8179822138842359 0.05295621694540564 0.0976506377006835
0 0.7864328165998926 0.512512352195521 0.08287290336121789 0.11089030144661566
0 0.7648481862659615 0.31044075137455573 0.07606672768124723 0.10008164032587413
0 0.25912771776547383 0.29192051525572416 0.08401950234864186 0.10269776773890699
0 0.8626610090002325 0.6076700389035676 0.07766918468055051 0.11169031092710513
0 0.7924421411521934 0.8074296577575846 0.044229530904595804 0.09492767982103012
0 0.992203216421587 0.768417753449108 0.015593567156825805 0.08878858504785492
0 0.20422561266665018 0.4769472818694501 0.09045299041460364 0.12180579303397776
0 0.5591196921018253 0.8254415625555498 0.05218230557199022 0.09754380723406308
0 0.8250532493022602 0.8037166895329512 0.04201462725096983 0.09538109979458498
0 0.36492916542751097 0.6755881175669465 0.09621695953544612 0.11956479127327768
0 0.20079312981935193 0.5720600864783224 0.08957224857456803 0.12092505119394192
0 0.5777025969025977 0.657258159407445 0.1029685009629443 0.11897844272602875
0 0.9646982896328224 0.4784407474586479 0.054050619718681525 0.10007920228754974
0 0.9180238481875843 0.48882696278955756 0.06211022485269635 0.10346924107399802
0 0.8567836156122917 0.7993366404015227 0.042121457717589905 0.09615501116800029
0 0.6477468124305878 0.8218827449350358 0.05018106285160462 0.0995450499544488
0 0.27918402965916983 0.677171790574149 0.09477596725523543 0.12012504171345262
0 0.9515212945688309 0.7886250575941035 0.03483576395699084 0.09287180284817231
0 0.8826431823348604 0.798132969123302 0.038812151290688046 0.09417986655468868
0 0.4063362221008069 0.8212946786639573 0.05383695878544126 0.098531379540719
0 0.9223851133269123 0.594693794266699 0.062217055319316095 0.10424315244741333
0 0.20915688039945074 0.6726424669152502 0.08669026401414703 0.12204555207429202
0 0.7770283000896555 0.9128716054065696 0.04260097579821864 0.08862955836708686
0 0.44074954026796564 0.9506161723455506 0.04756493543857171 0.09159227528705405
0 0.9181745633440448 0.901274404682466 0.03761091805079175 0.0909773905944069
0 0.3707623970307725 0.820684670047959 0.05162205513181517 0.09898479951427341
0 0.5104286593917597 0.4441430145020727 0.09416108256258826 0.11017102432567283
