0 0.03738781431805549 0.08364136622836182 0.07477562863611098 0.03207646759640104
0 0.03925582407440309 0.10522812182859517 0.07851164814880618 0.051625373452115764
0 0.040561778816068816 0.12432919013402244 0.08112355763213763 0.0510843554688547
0 0.039258796491244086 0.1621165309501413 0.07851759298248817 0.05416216711705352
0 0.04097051472035562 0.18610482571949727 0.08194102944071124 0.0541621671170536
0 0.041815083450798984 0.23000571576917198 0.08363016690159797 0.05669896078199138
0 0.042846013047189324 0.2590164914982718 0.08569202609437843 0.05823786660609079
0 0.042443221976584566 0.31309759796324965 0.08488644395316913 0.058237866606090816
0 0.04498750421200837 0.34799348799711666 0.08997500842401673 0.06439348990248839
0 0.0442210237167997 0.40813703732551854 0.0884420474335994 0.06366611105328046
0 0.0472176596561561 0.447243881344238 0.0944353193123122 0.06158618724592024
0 0.050143642916163855 0.5084784989464517 0.09175720223354322 0.06385247191922738
0 0.0499812914984788 0.5481684350112741 0.0896772784261829 0.06050415127939812
0 0.05438455118296037 0.595781335125382 0.09637391970584153 0.06466399889411889
0 0.058568408245943115 0.6331208383912132 0.0912161842502821 0.06077466027102851
0 0.061847557901060723 0.6698261432408101 0.08479005196225431 0.05815371848040718
0 0.0671645573006972 0.704586778778862 0.08298063714652437 0.05634430366467724
0 0.07361469903698725 0.7367685465891343 0.08397852498736302 0.0535370010081091
0 0.07852593494917787 0.7692208233910367 0.08189860118000236 0.050188680368279726
0 0.08597396452630635 0.7980542705614796 0.08651531865230067 0.05100020734317123
0 0.09061469144686651 0.8289676415392828 0.08551743081146213 0.05380750999973938
0 0.13828556321892194 0.06226212358226299 0.08372608061031217 0.02664822314921128
0 0.13438719228854173 0.07167288708551639 0.09901292611104273 0.045740259147348694
0 0.1340144705566479 0.08760296330977141 0.09874241711941212 0.044201353323249246
0 0.13572167263211438 0.10634034219059468 0.09982445308593413 0.05035697661964689
0 0.12629284451428113 0.12941489724479577 0.1031727737257635 0.05243690042700709
0 0.1271374132447246 0.15227004967749805 0.09674664143773559 0.049815958636385826
0 0.12770244067624748 0.18707275927839156 0.10579371551638506 0.058863032715035346
0 0.13270685702141155 0.2155425170242305 0.09963809221998743 0.05778099674851342
0 0.13489493840271738 0.2595786615697204 0.10325692185144719 0.061399826379973155
0 0.13917197589867364 0.292935645779488 0.10506633666717702 0.06320924119570304
0 0.1387721572449101 0.3493251109806149 0.10072012818650933 0.06393662004491096
0 0.1468032788681412 0.38598834176737007 0.10280005199386955 0.06728494068474028
0 0.14748549618089968 0.44853343026489456 0.10687575148290684 0.06501865601143292
0 0.14990201249099422 0.48935650866637037 0.10379793983470798 0.06447763802817197
0 0.15262207954827112 0.5499569278523497 0.10895567529026737 0.06836697665126235
0 0.15517385035418108 0.5915494591658754 0.10044961919487871 0.06239771422081164
0 0.163974424889462 0.6280774354568153 0.1037979398347082 0.06447763802817208
0 0.1657146687204803 0.6650532492980427 0.11203348693846615 0.06890799463452324
0 0.1758257141510719 0.704523782741366 0.11203348693846593 0.06890799463452302
0 0.1722729680307159 0.7384638589972363 0.10352743084307758 0.06293873220407253
0 0.3233509932910058 0.045595866315043615 0.11529765945261183 0.06202499248891774
0 0.3228670265115587 0.09248138757994362 0.11338603189661856 0.07660252375502019
0 0.32020092318448784 0.1540285882366297 0.11835740648623083 0.08791588250697698
0 0.32639553307011926 0.22988281116778783 0.12613608373241125 0.09823135341809536
0 0.327558629688717 0.31772666532997906 0.12468132603399551 0.1069237703794308
0 0.33008330357275717 0.39977858562037644 0.13218949428854554 0.11570033546644976
0 0.3335968329903458 0.4919686482632353 0.12811379479950835 0.11796662013975712
0 0.34085541422791954 0.6009514204753723 0.12811379479950835 0.117966620139757
0 0.3567222643011451 0.6957293831533007 0.1344557789618529 0.11162463597741257
0 0.3561691265369865 0.7783223214269592 0.13056644033876258 0.10646690052185326
0 0.4340590321931892 0.030988433781596936 0.10814414831537578 0.06197686756319387
0 0.4321714140854579 0.0780272211422921 0.11519544671234838 0.0784119385707501
0 0.43231261341495536 0.13749449799161778 0.1165479916705009 0.08610646769124708
0 0.43348474234084305 0.2118518891615183 0.1235992900674735 0.10076814708303311
0 0.43441940403065193 0.3029088094677235 0.1347262879534834 0.11316354180151189
0 0.4363429212540094 0.40410387212639 0.12965270062360768 0.11823712913138751
0 0.4374458791951856 0.514168680305049 0.1291116826403469 0.11515931748318886
0 0.44891541441761174 0.6200315668061455 0.13481043607916687 0.12212646775447777
0 0.4579924427782054 0.7167962728584607 0.130109570481185 0.11235201482662038
0 0.4547251827904517 0.7974866158834157 0.1484922922446943 0.10663519677322064
0 0.5250318043737108 0.02260265504105169 0.09547824460526672 0.04520531008210338
0 0.5289962588151949 0.04672923876523072 0.09972224034567095 0.06674392270147922
0 0.5319117190457086 0.08587815684679195 0.10026325832893179 0.06982173434967806
0 0.5306582993542118 0.1328989326075072 0.11265865304741057 0.08094873223568794
0 0.5371835569088954 0.1880711073462969 0.11943944245275273 0.09407150580337453
0 0.5407151509410638 0.2532882440045744 0.12052147841927469 0.10022712909977222
0 0.5463266687805927 0.3213126833194203 0.12260140222663507 0.10357544973960148
0 0.5458667114494075 0.39992310253701513 0.11987824769575045 0.1135362635334059
0 0.5500655456533623 0.4824739667478318 0.11960773870411978 0.11199735770930641
0 0.5570716825138853 0.5629449071512882 0.1260338709921479 0.11461829949992774
0 0.5645767632948275 0.6417416872348298 0.12241504136068815 0.11099946986846809
0 0.5674230525406299 0.7165980223251495 0.13083694933039314 0.1080058063459528
0 0.5703625222194055 0.7874718383594055 0.12486768689994243 0.09949975025056412
0 0.616130798742758 0.026299687964512874 0.09375297791522008 0.05259937592902575
0 0.6259292611188771 0.05666009827709095 0.1002632583289319 0.06982173434967809
0 0.6277115790127372 0.09838788408643179 0.1008042763121928 0.07289954599787685
0 0.6330195461050837 0.14663498261677418 0.10061791544624588 0.08032356612674335
0 0.6381411523314833 0.2028471192592441 0.10115893342950688 0.08340137777494216
0 0.6443447945244047 0.26521487919811154 0.11409534613124661 0.09760618730915083
0 0.648459480602676 0.33826179947270135 0.11671628792186794 0.10403231959717896
0 0.6545188359924923 0.4133465694918098 0.12522234401725651 0.11000158202762966
0 0.6598508125331007 0.4933185659748469 0.11906672072085889 0.10891954606110765
0 0.6615639594422493 0.5707537687929463 0.11698679691349845 0.10557122542127839
0 0.6610619280482224 0.6446122160424275 0.11671628792186794 0.10403231959717896
0 0.6607883315829841 0.7152575971478948 0.1200646085616972 0.1061122434045394
0 0.6648188695355719 0.7788005734862578 0.1184415546119143 0.09687880845994279
0 0.7043804163923947 0.028478852095295604 0.09637391970584153 0.05695770419059121
0 0.7082516904009052 0.055674330217150264 0.09075931439270501 0.0666597745757957
0 0.7111671506314189 0.09482324829871147 0.09799697365562454 0.07389743383871528
0 0.7185129674682841 0.1411256775175088 0.09808112178130801 0.08286035979168122
0 0.7210557059669039 0.19620467182332496 0.09862213976456902 0.08593817143988006
0 0.7299313963205785 0.25572305504278237 0.10712819585995759 0.09190743387033071
0 0.734367697760612 0.3215743901172944 0.10739870485158809 0.09344633969443006
0 0.7441390632148616 0.3952134347452769 0.1084807408181101 0.09960196299082757
0 0.748930021772209 0.4721076195801152 0.10821023182647937 0.09806305716672814
0 0.7463901406336633 0.5479107361411417 0.11056066462547032 0.10295028363065695
0 0.7509105901993802 0.6232660151518805 0.12052147841927463 0.10022712909977205
0 0.7470181641026822 0.6913746025924099 0.11979409957006681 0.10457333758043996
0 0.7487824173819625 0.760075314386332 0.11101753448304774 0.09706516932588971
0 0.7949053510226288 0.016152628361528365 0.09982445308593424 0.03230525672305673
0 0.8012713446332353 0.03185878581063961 0.10587786364206853 0.06371757162127922
0 0.8050073641459304 0.060083764848847365 0.10768727845779824 0.06963537348373117
0 0.805115521719876 0.10131260673776898 0.10849880543268986 0.07425209095602936
0 0.8121908295651106 0.14607613013246684 0.10723040860022104 0.0755204877884983
0 0.8155962014087537 0.197037350886404 0.11374068901393253 0.08710435553208543
0 0.8195846652984996 0.25582835525665354 0.11020600750815635 0.09244845185359166
0 0.824925674146398 0.32231388874739997 0.11074702549141724 0.09552626350179039
0 0.8337502581299407 0.39056676299103454 0.10178409953845169 0.09544211537610686
0 0.8349223870558284 0.46492415416093513 0.10540292916991112 0.09906094500756674
0 0.8358240069900856 0.5377426395067362 0.11128804347467836 0.09860407514998915
0 0.8425655796926602 0.6753724980233691 0.114365855122877 0.09914509313325015
0 0.8400768049242464 0.7424411235602184 0.1124722921814637 0.08837275236455433
0 0.8392624205892805 0.6069422952210777 0.1136384762736693 0.10349130161391795
