0 0.22265625 0.4578125 0.07499999999999996 0.11406250000000007
0 0.3023437500000002 0.44296875 0.08046874999999998 0.10000000000000003
0 0.22265625000000006 0.95390625 0.02968749999999995 0.08359375000000002
0 0.4984375 0.95 0.039843749999999956 0.08046874999999964
0 0.53515625 0.95234375 0.039843749999999956 0.07734374999999982
0 0.97734375 0.6499999999999999 0.026562499999999933 0.09999999999999998
0 0.98125 0.54921875 0.01953125 0.09765625
0 0.97890625 0.4546875 0.024218749999999956 0.09375
0 0.98203125 0.8546875 0.015625 0.08906249999999982
0 0.92890625 0.94765625 0.021874999999999978 0.08515625000000004
0 0.875 0.95234375 0.02734375 0.0859375
0 0.46796875000000004 0.014062499999999999 0.06718749999999996 0.013281250000000001
0 0.4031249999999999 0.01015625 0.06406250000000002 0.0203125
0 0.34375000000000006 0.01015625 0.06093749999999998 0.0203125
0 0.28671875 0.01015625 0.057812500000000044 0.0203125
0 0.18125000000000002 0.56640625 0.059374999999999956 0.11171874999999998
0 0.2195312499999999 0.27265625 0.05781249999999993 0.11015624999999996
0 0.7859375 0.4453125 0.06796875000000002 0.1015625
0 0.93671875 0.353125 0.04296875 0.08984375
0 0.390625 0.4468750000000001 0.08671874999999996 0.10703125000000002
0 0.69921875 0.45078124999999997 0.08124999999999993 0.10390624999999998
0 0.5328125000000001 0.8421875 0.04140624999999998 0.09609375000000009
0 0.94921875 0.4515625 0.04140625000000009 0.09062500000000001
0 0.85703125 0.44765625 0.05859375 0.09765625
0 0.84296875 0.265625 0.05781249999999993 0.0859375
0 0.84375 0.34921875 0.05624999999999991 0.08984375
0 0.8125 0.18125 0.06562500000000004 0.0859375
0 0.9078125 0.44765625 0.047656249999999956 0.09375
0 0.72265625 0.34375 0.07343750000000004 0.09375
0 0.6578125 0.25703125 0.07499999999999996 0.09140625
0 0.34453125 0.34375 0.07656249999999998 0.09765625
0 0.7257812499999999 0.2609375 0.06953125000000004 0.09062499999999996
0 0.4921875 0.44921875 0.08749999999999997 0.10781250000000009
0 0.3968749999999998 0.9507812499999999 0.04062500000000002 0.08828124999999998
0 0.49921875000000004 0.340625 0.08593750000000006 0.09921875000000002
0 0.421875 0.34296875000000004 0.07968750000000008 0.09843750000000001
0 0.56875 0.84609375 0.038281250000000044 0.09765625
0 0.9632812500000001 0.27265624999999993 0.04140624999999998 0.08124999999999999
0 0.9710937500000001 0.35703125 0.03671875000000002 0.08515624999999999
0 0.62421875 0.1703125 0.078125 0.08671875000000001
0 0.55625 0.559375 0.0859375 0.10624999999999996
0 0.59765625 0.45078125 0.08671874999999996 0.10859375000000004
0 0.89375 0.3515625 0.05312499999999998 0.08906249999999999
0 0.63046875 0.84921875 0.038281250000000044 0.09296875000000004
0 0.3375000000000002 0.9507812499999999 0.03749999999999998 0.08828124999999998
0 0.95703125 0.94453125 0.02109374999999991 0.08671875000000007
0 0.69453125 0.1703125 0.07187500000000002 0.08906249999999999
0 0.9390624999999999 0.19140625 0.04453125000000002 0.07890625000000001
0 0.653125 0.34140625 0.078125 0.09531249999999997
0 0.2828125 0.259375 0.07812500000000003 0.09140624999999994
0 0.5828125 0.253125 0.07968750000000002 0.09218749999999998
0 0.88984375 0.26953125 0.05390624999999993 0.08437500000000003
0 0.7578125 0.85078125 0.03359375000000009 0.09375
0 0.3156250000000001 0.6796875 0.08046874999999998 0.109375
0 0.5750000000000001 0.340625 0.08125000000000004 0.09609374999999998
0 0.784375 0.5562499999999999 0.06640625 0.10390624999999998
0 0.5531250000000001 0.1734375 0.07890625000000007 0.0859375
0 0.75625 0.17578125 0.06640625 0.08671875000000001
0 0.46406250000000004 0.8390625000000002 0.042187500000000044 0.09531250000000013
0 0.4828125 0.66875 0.07890624999999996 0.10859375000000004
0 0.43359375 0.25625 0.078125 0.09609375000000006
0 0.721875 0.6664062500000001 0.0703125 0.10312500000000002
0 0.2796875 0.34843750000000007 0.07343750000000004 0.09843750000000001
0 0.78828125 0.3484375 0.06562499999999993 0.09218749999999998
0 0.6429687499999999 0.665625 0.07187500000000002 0.10468750000000004
0 0.35625 0.2578125 0.07656249999999998 0.09843749999999998
0 0.34609375 0.8351562500000002 0.04296875 0.09531250000000013
0 0.9296875 0.27109375 0.051562499999999956 0.08203125000000003
0 0.40546875000000004 0.1734375 0.07812499999999994 0.0859375
0 0.69375 0.95234375 0.035937499999999956 0.08671875000000007
0 0.9484375 0.55078125 0.04375000000000007 0.09609374999999998
0 0.4296875 0.83828125 0.04296875 0.09687500000000004
0 0.71484375 0.5578125 0.07265625000000009 0.10546875
0 0.9328125 0.8421875000000001 0.021874999999999978 0.09140625000000002
0 0.8046875 0.85078125 0.032031249999999956 0.09218749999999998
0 0.7867187499999999 0.26015625 0.06406250000000002 0.08359374999999994
0 0.8570312499999999 0.5523437499999999 0.06093749999999998 0.09999999999999998
0 0.6328125 0.9546874999999999 0.03984375000000007 0.08750000000000002
0 0.50859375 0.25468750000000007 0.08124999999999999 0.09453125000000001
0 0.48124999999999996 0.17031249999999998 0.07890624999999996 0.084375
0 0.95234375 0.8421875 0.021093750000000022 0.08906250000000004
0 0.903125 0.55078125 0.04843750000000002 0.09609374999999998
0 0.21406250000000004 0.36640625 0.06562500000000007 0.10546875
0 0.8625 0.66171875 0.04453125000000002 0.1015625
0 0.38671875 0.56484375 0.08281249999999996 0.10859375000000004
0 0.87109375 0.85078125 0.024218749999999956 0.09062500000000007
0 0.778125 0.9515625000000001 0.03359374999999998 0.08750000000000002
0 0.39609375 0.6765625 0.08124999999999999 0.109375
0 0.38359374999999996 0.82890625 0.042187500000000044 0.09531250000000002
0 0.2515625000000002 0.9515625000000001 0.037500000000000006 0.08750000000000002
0 0.63515625 0.5601562499999999 0.0703125 0.10390624999999998
0 0.33984375 0.17734375 0.07109374999999996 0.08671875000000001
0 0.23906249999999996 0.56953125 0.07109374999999993 0.10468750000000004
0 0.47109375 0.5640624999999999 0.08671874999999996 0.10390624999999998
0 0.31328125 0.8421875 0.03749999999999998 0.09453124999999996
0 0.5984375 0.95234375 0.04140624999999998 0.0859375
0 0.72734375 0.953125 0.03515625 0.0859375
0 0.72578125 0.85078125 0.03515625 0.09453125000000007
0 0.8359375 0.8515625 0.02890624999999991 0.08984375
0 0.79296875 0.66328125 0.06640625 0.10390624999999998
0 0.43359375 0.95546875 0.0390625 0.08515625000000004
0 0.5640624999999999 0.66484375 0.07968750000000002 0.10546875
0 0.903125 0.18984374999999998 0.05390624999999993 0.08046875
0 0.9734375 0.94453125 0.01953125 0.08515624999999982
0 0.66796875 0.85078125 0.03671874999999991 0.09375
0 0.86328125 0.18984375 0.051562499999999956 0.07968749999999997
0 0.18515625000000002 0.6773437500000001 0.06875000000000012 0.10703125000000002
0 0.9671875 0.84375 0.020312499999999956 0.08984375
0 0.94375 0.65625 0.04296875 0.09687500000000004
0 0.9140625 0.8421875 0.0234375 0.09062499999999996
0 0.8078125 0.95625 0.030468749999999933 0.08750000000000002
0 0.27734375000000006 0.84453125 0.03749999999999998 0.09296875000000004
0 0.30156249999999996 0.9515625 0.03515625 0.08984375
0 0.90859375 0.94765625 0.0234375 0.0859375
0 0.2796875 0.18125000000000002 0.07421874999999997 0.0875
0 0.24062499999999998 0.678125 0.07499999999999996 0.10624999999999996
0 0.84765625 0.9515625 0.028124999999999956 0.08984375
0 0.90078125 0.659375 0.046875 0.09843749999999996
0 0.9421875 0.9453125 0.017968749999999978 0.0859375
0 0.3117187500000001 0.56875 0.07656249999999998 0.10624999999999996
0 0.9734375 0.1953125 0.03515625 0.078125
