0 0.06637396670091741 0.9106359770260216 0.027825630637224374 0.08971839392765446
0 0.07267843928170117 0.9795259929570515 0.020084640444058832 0.0409480140858971
0 0.82221781681186 0.6304271820521363 0.07839199376531081 0.10967844553849526
0 0.13732399808436246 0.9748031297157319 0.03325355920691443 0.05039374056853618
0 0.15409152029421647 0.9006449688320646 0.03586564864168951 0.09299743014054807
0 0.6180306848320803 0.5445316076365441 0.09785953757611487 0.1189438855102174
0 0.7162229831201203 0.5301050324179557 0.09213258119512502 0.12205875245643194
0 0.7978324678877905 0.5216516674803755 0.07293767823998021 0.12122763641163448
0 0.7087062820498999 0.4176825626664823 0.08788757039281325 0.11237261960660988
0 0.7761412930318354 0.4219906170914778 0.07478754278547706 0.11763637890962098
0 0.7689661239727934 0.33156569595224394 0.07159059120592304 0.11647984809788325
0 0.463987797748019 0.2517576509394752 0.0865668703143967 0.09540869364160093
0 0.38809207588351824 0.2618703242002327 0.08715173245917573 0.0939531350185637
0 0.31344816294191497 0.27576481118532337 0.08579145194729809 0.0953134155304412
0 0.2455924590818794 0.28725095843577875 0.07852685230993156 0.09212965742870743
0 0.18297412756921416 0.2965193221739184 0.07338475807372091 0.09378896575188467
0 0.0029618390712631837 0.330038176291507 0.005923678142526367 0.08478004939158362
0 0.017429474870991668 0.32871747621309033 0.034858949741983336 0.08385657900204418
0 0.00011192896162601218 0.23428060469374293 0.00022385792325202436 0.07633253198683881
0 0.019664124833620067 0.23075531458083084 0.039328249667240134 0.0842376914466832
0 0.058615506967127085 0.2197059774527135 0.05711416584247109 0.08568005659190031
0 0.11417298854256558 0.20422107329996486 0.06584751758069529 0.08217088372322631
0 0.2422122972249906 0.18927560332569893 0.08115213522252696 0.08863367803785357
0 0.30907563953996753 0.188931147548103 0.08851201297105327 0.09259285450668603
0 0.6725299105312399 0.15529212677586351 0.07890796475457051 0.0952313308971016
0 0.735680330277403 0.1695721483841605 0.07026989112750637 0.09951592213287436
0 0.7002353745138136 0.06687831568238775 0.07244517043994336 0.07992671325526995
0 0.6246518739384326 0.06671999394854419 0.07614489953093684 0.07274419825124295
0 0.5411104399919262 0.07226224164004971 0.07847115463223264 0.07303003258472235
0 0.4500053785967535 0.08030810717735021 0.07866171085455215 0.0745808693189195
0 0.3608322663804172 0.09126508996072547 0.08011726947758957 0.07399600717414045
0 0.2719449884975602 0.10454832784539644 0.0745940627967398 0.07255364202892339
0 0.48004572286411323 0.9571711879569034 0.049156232471345374 0.08565762408619337
0 0.5388822406524453 0.9509680748844316 0.04665261462555037 0.08133976767842865
0 0.5789181614080918 0.9436873580028271 0.04858456380438658 0.0846319973691424
0 0.09293459493742401 0.9780015431784949 0.029580217071561443 0.04399691364301028
0 0.1743608694277595 0.8926445312610602 0.03431481190749236 0.0928068739182284
0 0.21912403907435218 0.9711374898639309 0.04023232451080161 0.05772502027213822
0 0.19412009510487815 0.9721280149227434 0.03858620966544468 0.055743970154513156
0 0.26303705166549174 0.9664835177781306 0.040613436955440785 0.06703296444373874
0 0.19449842989886224 0.11485155732847352 0.07871740853225107 0.09368049416290447
0 0.08807256055973861 0.4978774215409628 0.05689722266451082 0.09634535750896062
0 0.5099264661591238 0.8498382723946762 0.05194568465061977 0.09955550256633539
0 0.6047005936268449 0.15418102393042213 0.08463492113556037 0.09211646395088709
0 0.6379526544216099 0.4248020340478255 0.09166938411714642 0.11207359179531029
0 0.049308988149794675 0.40661111464552885 0.05428513322973583 0.0937332680741857
0 0.5158528231195675 0.5649577800917812 0.10173662941160772 0.11942027606601635
0 0.3194462617664142 0.46551217446869425 0.088771460348892 0.1071352472592394
0 0.14042724302278758 0.39226662406028 0.06610696495853398 0.09671327647577965
0 0.6352526328206598 0.3259559824594874 0.08790076387063361 0.10626455078098102
0 0.2599501431449486 0.3720705882608232 0.08345200336818212 0.10113565002259067
0 0.3885626189064818 0.1760158286302509 0.08666214842555647 0.09618411200869956
0 0.6122816906161359 0.8372615617215847 0.05078915383888194 0.09635855098678103
0 0.13168804375172802 0.30833088419131405 0.0680521076151906 0.09389743734086475
0 0.019711014683125222 0.41468044337205234 0.039422029366250444 0.08831853298231601
0 0.558390936366741 0.33461309709720755 0.09022701897192942 0.10655038511446041
0 0.048430945726551405 0.5019611868430133 0.05127873787250131 0.09412757399664518
0 0.24035501367662757 0.7058581353686276 0.07973908079936814 0.1144262338522466
0 0.0856393322816123 0.3179246626963941 0.06563057440273512 0.0928361846402867
0 0.1853941623695201 0.48277070606643563 0.07403851137401907 0.10532496314720341
0 0.04560341152596564 0.3252053795779986 0.06379390333505863 0.0903193733166715
0 0.601509416522245 0.6599076988339707 0.09766898135379531 0.11739304877602019
0 0.4821141020576011 0.34162409688957074 0.09497480728568064 0.10789747214851775
0 0.4129991702718016 0.8617480362896492 0.048462898737586246 0.09607271665330164
0 0.4089535600489439 0.5725829527509816 0.10009051456625068 0.11845430147659808
0 0.13459766258565323 0.4921607348713757 0.06580793714723436 0.10049509020011288
0 0.3315685466607803 0.6922890631504772 0.0933023054846831 0.1191476352103572
0 0.5585609531662553 0.43849277133277625 0.09651245054205737 0.11419609719646606
0 0.3286765434832426 0.36126458126630673 0.08907048816019164 0.10335343353490634
0 0.6896461645814944 0.8198842888234606 0.05175512842830021 0.09800466583213807
0 0.2861163924011144 0.87969990162115 0.04322552639021576 0.09695660660938044
0 0.6773010159184515 0.9308116195184359 0.04857137032656644 0.09074006619477137
0 0.1281935627730238 0.12614714835660934 0.07591476287515642 0.08951756799393229
0 0.40612310208194047 0.3509613517832296 0.09071660300554862 0.10431940812432439
0 0.4005661625004652 0.4594803427435695 0.09361452677380305 0.10925775266039528
0 0.24771346607088568 0.47747471227494853 0.08160213882268522 0.10472690752460428
0 0.6153717420767408 0.24102788104546277 0.08644520524759625 0.10684941292576006
0 0.035432043763210214 0.6011619639203498 0.051551378728160346 0.10256189792356973
0 0.3059313888138132 0.5797317348543831 0.08991479768280941 0.11644026766442239
0 0.517573676653279 0.6686468981050304 0.08972424146048985 0.11488943093022519
0 0.6840027912459936 0.645835849104381 0.09156091252816634 0.11740624225384044
0 0.47416194316142946 0.853445647140928 0.04884401118222548 0.09917439012169627
0 0.2178327227758751 0.5866210695799459 0.08081352697776639 0.11073969823907326
0 0.4389705872428434 0.675943732230873 0.09670300676437704 0.11574693393066326
0 0.34570778913373984 0.964151040540962 0.046340393336430474 0.07169791891807598
0 0.704251674014613 0.3237748556142149 0.08595562121397704 0.10908038991589597
0 0.5320150168197186 0.15838937806569064 0.0855056176138187 0.09298716042914545
0 0.09186172022905659 0.4005954001646421 0.06203931690072152 0.09468604918578355
0 0.08214770201144442 0.59699611398496 0.05707458540901017 0.10400426306878674
0 0.6810785535799799 0.2376770299106323 0.0820917228563044 0.1024959305344682
0 0.11205475920421426 0.891641900004599 0.032083834917356446 0.0932964579518476
0 0.5773878640967001 0.841549076723775 0.051265544394680895 0.10023564282227371
0 0.19529139086446703 0.38395104143373804 0.07473184510777814 0.09853675406563589
0 0.24036670874229835 0.8853213101795774 0.040613436955440785 0.09434451717460546
0 0.20944525216951498 0.8899078529930671 0.03809662563182545 0.09250784610692875
0 0.639197044341641 0.9410034536461152 0.04605455900295097 0.08890339512709522
0 0.14068519198847687 0.5929519291163705 0.06967183550490703 0.10707954958154053
0 0.46330180995924486 0.1628967600122589 0.08647159220323686 0.09463327527450245
0 0.6510658024488851 0.8261990311156471 0.05020429169410301 0.09781410960981851
0 0.09344471839384841 0.8939285746724338 0.03179800058387698 0.0909702028505519
0 0.3186839638192546 0.8756982209524389 0.04477636312441302 0.0971471628317001
0 0.7209281941761116 0.9207282569797367 0.04836762062642652 0.09529729828620348
0 0.48043425431161857 0.44966669729411163 0.09942356778813216 0.11302637290690798
0 0.3760649229845493 0.8686476407266148 0.04623192174745033 0.09656230068692107
0 0.02944261202818424 0.14347164734345216 0.05888522405636848 0.09370688111854514
0 0.43855424348542915 0.96117213768401 0.04692525548120946 0.07765572463198
0 0.006656451571025845 0.1577311295289439 0.01331290314205169 0.08908075787159425
0 0.16407817936748761 0.7128691351609908 0.07286878708446104 0.10823608039327826
0 0.29259822772639743 0.9663464664086966 0.04227274527861802 0.06730706718260682
0 0.0774467670182577 0.898255670108085 0.030342441960839683 0.09155506499533084
0 0.05040390069311676 0.7166040225068782 0.047960121226146735 0.10441176246906647
0 0.7296820853371411 0.8126035719418563 0.05039484791642268 0.09936494634401571
0 0.13076007812573992 0.8901306437038627 0.03353939354039383 0.09271159580706856
0 0.15990640884138094 0.9737616672318844 0.034804395941111566 0.052476665536231204
0 0.7486909273064148 0.24983454611777337 0.0830445039679023 0.110250114205454
0 0.3820571742762132 0.9617181503369324 0.046245115225270694 0.07656369932613516
0 0.7616399060670113 0.637083456355501 0.08777909880383339 0.11770527006514009
0 0.10069762296554419 0.7159341519623419 0.0607479275443632 0.10903788571601736
0 0.7630118816445595 0.8148052382099338 0.04836762062642652 0.09529729828620337
0 0.1078581001346165 0.9772426166586716 0.031416888139237945 0.04551476668265675
0 0.7539985431056915 0.9080064180506218 0.046327199858610224 0.09733771905401956
0 0.07111163141902871 0.12922535863578072 0.060636532188965364 0.0708386360280473
0 0.1734990903645169 0.19378298527226712 0.07186030829516438 0.08138227187830738
0 0.5392854639899205 0.24958971757202306 0.08761492953715427 0.10393829567968532
