0 0.7713031071082102 0.42862798241787214 0.0866773206678566 0.12137535834207885
0 0.6904905660861218 0.42232181211682507 0.0906233601089137 0.10797237894602468
0 0.8239322438506786 0.9219221976229615 0.038388185526358254 0.08627147751678488
0 0.5492928680221607 0.9472948184010181 0.04815560009438402 0.08424155927557475
0 0.5130299692750556 0.9535207271766265 0.04782407797317162 0.08113419414042489
0 0.04126303742400686 0.6997935305024023 0.03702131152757321 0.10225362235511082
0 0.02668724259596922 0.5999954075453249 0.029781098382576032 0.09917717373102031
0 0.018989222280656748 0.505748970616123 0.034027743433785895 0.09579025049390122
0 0.05831668866069384 0.903823230036557 0.024985206130304305 0.09021751695784164
0 0.12100467906431567 0.9735666446779996 0.030785533749089086 0.052866710644000725
0 0.17510401082747468 0.972698538984928 0.036306303265905004 0.05460292203014405
0 0.48029880278676085 0.01340661974172161 0.06821731942088127 0.020334027430454815
0 0.5443622266896115 0.008070183869645864 0.06585587905845913 0.016140367739291728
0 0.6034021642574645 0.004837843187824958 0.06274851392330894 0.009675686375649917
0 0.6601115779739553 0.0017298233014586828 0.05964114878815874 0.0034596466029173656
0 0.8239960888610809 0.5322162527582761 0.07089185340119675 0.11738722388465417
0 0.7547677865615255 0.2441850760390122 0.06917240977301531 0.1156677802564729
0 0.20987445301254248 0.4759553842258067 0.07835966062891916 0.10819997302875028
0 0.05016418266578104 0.4002840550873751 0.05225753159317137 0.09389517680223786
0 0.6031219036696451 0.43557151846001313 0.09758401515194182 0.11562699474253746
0 0.2966839992250814 0.4721935343486755 0.09181460404421671 0.11193946589526554
0 0.5036743383536811 0.8437374645716738 0.05136689326802113 0.09994414601193213
0 0.04817766894337097 0.499492145329455 0.0507867295558993 0.09450625702541926
0 0.13943053777878542 0.4858280363347514 0.06862316257195318 0.1033212002461753
0 0.13410251732633888 0.30333216766679827 0.06660311333361914 0.09158570045905912
0 0.14219389278498298 0.38653706556236844 0.06546383341755951 0.09530414581739055
0 0.15544823012131823 0.2162009683359228 0.0743715261714946 0.09241450576209015
0 0.08893585433259521 0.49121527080445293 0.05733298194741211 0.09827666640299415
0 0.2620241280599304 0.3682526943788751 0.08296874431240109 0.10101172390299656
0 0.31730221575065226 0.2751442278633006 0.08427378528906682 0.09884696111224006
0 0.6380153094131009 0.3281385177121746 0.08649051209906666 0.10522745244314663
0 0.25013142671265165 0.286239040418608 0.07875301577225097 0.09748995611633085
0 0.5023811783681739 0.4486765112507788 0.09844373696603242 0.11648671655662812
0 0.6503651154448444 0.9372971907454026 0.04976124668120263 0.09209285264375344
0 0.4838692131019551 0.3414414975770383 0.09597836856512337 0.10777570137435888
0 0.5610251417878311 0.335566848928394 0.08968075776452 0.10633581584814655
0 0.46835404195096964 0.851434175384554 0.048425289193477106 0.10116630645829472
0 0.02005548299595819 0.32308734088756363 0.04011096599191638 0.08518416161996872
0 0.019585163950585405 0.40781500483964916 0.03917032790117081 0.08857108485708776
0 0.3415066520898725 0.18535098255985008 0.08688386724239838 0.09451743553072717
0 0.45036634787033253 0.5650073357496763 0.09672429333785126 0.11476727292844668
0 0.3976733661174619 0.46141906540927236 0.0977497762125481 0.11718067731011245
0 0.09272469221348961 0.39417194335312944 0.06227358775210623 0.09419578241239063
0 0.4073151026529661 0.8610891024136491 0.047928006011658475 0.09650525875556948
0 0.7094050530126975 0.930998270442367 0.046653881546052434 0.0917613305225411
0 0.09270687072675174 0.9731371111465623 0.030174453525907793 0.053725777706875255
0 0.2715909365489937 0.1928102302871291 0.0809177785630073 0.09618491513966504
0 0.03067738904167666 0.2397265509342631 0.05265088673650298 0.08318515988981845
0 0.33091436072611236 0.35854580333053654 0.08779555307573239 0.10306268965239013
0 0.6904346735595819 0.2376920971691751 0.08738115042421701 0.09917848323345246
0 0.39146457634274084 0.2633034905352652 0.0890177135220952 0.10012108557784624
0 0.08790644295060182 0.3121892059039221 0.06255314585407519 0.08961761523996853
0 0.28085573445620304 0.8761523114206297 0.04334983883923632 0.09678481685753826
0 0.7023970649435729 0.6591136901196031 0.09161792647255085 0.11729447435147522
0 0.4085156085745635 0.349480909016439 0.09098579874118568 0.1041710530573901
0 0.2231971708831578 0.5861010854630315 0.07705461965225341 0.11036473581950668
0 0.4125307310357513 0.18091621943741815 0.08757782799588287 0.09382347477724273
0 0.2108006388418996 0.20479568116758678 0.07523124798558523 0.09327422757618065
0 0.5717048492057724 0.8333366127698509 0.05206085402150562 0.09925018525844775
0 0.5349927027887955 0.6659743456314409 0.08998136337467277 0.11635187200708152
0 0.5401727836673738 0.2505806743825233 0.08787843360603553 0.10383953093617776
0 0.2970306283588983 0.689005264052827 0.08085594554088804 0.11000229718723464
0 0.7029904191492855 0.3259204813997426 0.08346602749421972 0.1056727716057218
0 0.19726674340359546 0.3798757066270607 0.07503457041391937 0.09862923603239032
0 0.375408717491137 0.6798574892084264 0.08257538916906931 0.11172174081541597
0 0.6172458318229467 0.24392918445009146 0.0865733926293697 0.10600429372693415
0 0.6885934804061757 0.8169374462751451 0.05283769530529303 0.09933306578875079
0 0.04845329853804339 0.31796979551695526 0.059973980411803296 0.08703844979769654
0 0.5593537336715968 0.16525179921013222 0.08680098671209524 0.09374059424693972
0 0.3553311886661845 0.962662265690488 0.04493443791787105 0.07467546861902397
0 0.05948033757565219 0.5980681078401697 0.053697417119383695 0.10019278760284134
0 0.6058029851621212 0.8289130281527268 0.053003456365899204 0.10088674835632583
0 0.2925018062008553 0.5802784008336307 0.08343511098315998 0.11258146262950652
0 0.10593160105445942 0.886172296086861 0.031448577991513904 0.09321108505162934
0 0.23424525742895047 0.8811251432388156 0.04163039521105505 0.09506537322935704
0 0.18945492604692019 0.2919268804984622 0.07256920201301015 0.08991822085012113
0 0.15053652883940088 0.5899247683622821 0.07120232801422509 0.1059003656884473
0 0.4161734503925222 0.9602973759505227 0.04890152486711191 0.07940524809895477
0 0.4654302593631636 0.2569835227240458 0.0908200376805795 0.10261737048981504
0 0.48366860702299286 0.17018384551438273 0.08741206693527653 0.0922697922096677
0 0.08651056895977088 0.8882443093444385 0.030423095116817067 0.09079768066996363
0 0.10453713203532963 0.5932610370825899 0.05835846482210899 0.10069007078465997
0 0.7701513391844103 0.33682586638139556 0.07644353942907212 0.11183553785677863
0 0.15670191409532214 0.6992627118046597 0.05505442211529299 0.10571355711965713
0 0.619521070164351 0.5524601496604165 0.09386556979361027 0.11676627465859707
0 0.16821374830700936 0.888169988314579 0.03369622131257344 0.09268288535875113
0 0.2713494494868268 0.966617343761742 0.04268679459681152 0.06676531247651596
0 0.6220508905922437 0.6645430196056722 0.09239476775633848 0.11737735488177825
0 0.6506420545419491 0.8147009814593934 0.05206085402150562 0.09925018525844753
0 0.7949404747596303 0.9226582533928136 0.04657100101574929 0.09098448923875369
0 0.37198825873809394 0.574155110594077 0.08093882607119118 0.11077913847102205
0 0.6250228041612658 0.16217404108360944 0.07989229568831036 0.09377151075799928
0 0.7668413559820151 0.5414567771358558 0.08179854788528151 0.11163886028511283
0 0.5355393309849932 0.5606344056493637 0.09725249303072958 0.11251962960738715
0 0.7219667390979805 0.8204480355565026 0.04731692578847713 0.09797606079284127
0 0.4501058252882646 0.9576557227349153 0.05028944637408078 0.08468855453016944
0 0.32200989399362323 0.9650475481874211 0.04407471610378039 0.06990490362515778
0 0.31270622709149226 0.8727542096782024 0.04498640193711456 0.09772741920193218
0 0.2032544866077518 0.8852172057347272 0.038274388484995564 0.09240332725678202
0 0.22600654941301956 0.6934400271752589 0.07705461965225346 0.11036473581950657
0 0.6143508582886485 0.9458536233723738 0.04787604199241502 0.08881972644799718
0 0.4537868066233756 0.6707097143640256 0.09042668253724784 0.11332738740223447
0 0.0662463270352974 0.23436036397274537 0.06213874320255969 0.08573340882103081
0 0.07639320376721334 0.9744372176217903 0.02845500989772648 0.051125564756419495
0 0.37019248209177036 0.8666210504357731 0.04645720397438652 0.09711633897875083
0 0.10586523250846203 0.2301334569272873 0.059725338820893925 0.08470792594633386
0 0.8318809177451834 0.6429421177076229 0.0797166656248286 0.11372074254556608
0 0.07191634562841379 0.8913727219877725 0.029729134363332632 0.09149164142344812
0 0.07533025686929604 0.7024443979696693 0.05300345636589926 0.10088674835632572
0 0.12457579186536044 0.8841831633595867 0.0329193800287859 0.09260000482844788
0 0.24232676388471885 0.9706054782191667 0.0395794294616614 0.05878904356166681
0 0.7579500797431167 0.8189660550139225 0.04715116472787084 0.09642237822526623
0 0.7452226325972278 0.927962607332212 0.04448911875529593 0.09306637149920682
0 0.14120255244279178 0.9722535471979609 0.032422096846967285 0.05549290560407827
0 0.6852539856644221 0.1596764466692085 0.0830825413537637 0.09487987416299921
0 0.7768080671265709 0.6496034766429304 0.08584851536482563 0.11360694550420325
0 0.20221057522973557 0.9698679373254198 0.037497547201208015 0.06026412534916048
0 0.11838804959882326 0.7009933339381491 0.057053423845443096 0.10285483357541636
0 0.10754973564901815 0.9730152576018266 0.026984207860454523 0.05396948479634678
0 0.6945122360594704 0.5483878251702565 0.08740219793240067 0.11377270656480953
0 0.009266865303457494 0.2472575006865372 0.01853373060691499 0.08141375224239372
