0 0.8632750397456279 0.98046875 0.025437201907790086 0.0390625
0 0.8879173290937996 0.978125 0.02225755166931631 0.043749999999999956
0 0.9093799682034975 0.978125 0.01748807631160576 0.043749999999999956
0 0.9276629570747218 0.97265625 0.01828298887122415 0.053906250000000044
0 0.9451510333863273 0.9671875 0.014308426073131764 0.06562500000000004
0 0.9753577106518283 0.9578125 0.0111287758346581 0.07421875
0 0.9610492845786964 0.96328125 0.01748807631160576 0.07343750000000004
0 0.9896661367249602 0.95078125 0.01669316375198726 0.08203125
0 0.5556438791732909 0.83671875 0.07869634340222575 0.09453125000000007
0 0.4777424483306836 0.83671875 0.07710651828298881 0.09453125000000007
0 0.38394276629570745 0.83359375 0.07710651828298887 0.09140624999999991
0 0.23052464228934816 0.85234375 0.062003179650238466 0.09140625000000002
0 0.08426073131955486 0.8359375 0.03895071542130367 0.08906250000000004
0 0.008744038155802861 0.71171875 0.016693163751987285 0.08359375000000002
0 0.029411764705882356 0.721875 0.027821939586645465 0.08750000000000002
0 0.2456279809220986 0.00859375 0.05882352941176472 0.0171875
0 0.12400635930047696 0.84453125 0.048489666136724965 0.0859375
0 0.058823529411764705 0.7289062499999999 0.03577106518282988 0.08437499999999998
0 0.13672496025437203 0.74296875 0.04531001589825119 0.08828124999999998
0 0.7034976152623211 0.83125 0.07551669316375198 0.09687499999999993
0 0.7845786963434023 0.828125 0.06995230524642293 0.09609375000000009
0 0.29809220985691576 0.7484375 0.07074721780604132 0.09296875000000004
0 0.9165341812400636 0.81640625 0.048489666136724896 0.09296875000000004
0 0.3744038155802862 0.74296875 0.06597774244833066 0.09531250000000002
0 0.6104928457869634 0.73046875 0.08028616852146264 0.09999999999999998
0 0.93879173290938 0.71640625 0.043720190779014234 0.09296875000000004
0 0.18680445151033387 0.7445312499999999 0.04372019077901432 0.08828124999999998
0 0.17488076311605724 0.84921875 0.05643879173290939 0.08984375
0 0.3052464228934817 0.84140625 0.07074721780604137 0.09453124999999996
0 0.9809220985691574 0.80703125 0.031796502384737635 0.08906250000000004
0 0.8855325914149443 0.71953125 0.05166931637519867 0.09531250000000002
0 0.09379968203497616 0.73828125 0.03736089030206677 0.0859375
0 0.5230524642289348 0.73359375 0.08187599364069958 0.09687500000000004
0 0.856120826709062 0.8234375 0.054848966613672445 0.09296874999999993
0 0.6899841017488075 0.73203125 0.07551669316375198 0.1015625
0 0.6279809220985691 0.8390625 0.07392686804451509 0.09453124999999996
0 0.44594594594594594 0.73828125 0.07551669316375198 0.09531250000000002
0 0.7702702702702703 0.728125 0.06756756756756754 0.1015625
0 0.23926868044515104 0.74921875 0.05246422893481717 0.08984375
0 0.9825119236883944 0.715625 0.031796502384737635 0.08984375
0 0.8378378378378378 0.721875 0.048489666136724896 0.09375
