0 0.8578125000000001 0.98046875 0.025000000000000022 0.0390625
0 0.88203125 0.978125 0.021874999999999978 0.043749999999999956
0 0.903125 0.978125 0.017187500000000022 0.043749999999999956
0 0.92109375 0.97265625 0.017968749999999978 0.053906250000000044
0 0.93828125 0.9671875 0.014062499999999756 0.06562500000000004
0 0.96796875 0.9578125 0.010937499999999933 0.07421875
0 0.95390625 0.96328125 0.017187500000000022 0.07343750000000004
0 0.98203125 0.95078125 0.016406249999999956 0.08203125
0 0.55546875 0.83671875 0.07734375000000004 0.09453125000000007
0 0.47890625 0.83671875 0.07578124999999991 0.09453125000000007
0 0.38671875 0.83359375 0.07578125000000002 0.09140624999999991
0 0.23593750000000002 0.85234375 0.060937500000000006 0.09140625000000002
0 0.09218750000000002 0.8359375 0.03828125000000002 0.08906250000000004
0 0.01796875 0.71171875 0.016406250000000004 0.08359375000000002
0 0.03828125 0.721875 0.02734375 0.08750000000000002
0 0.25078125 0.00859375 0.057812500000000044 0.0171875
0 0.13125 0.84453125 0.04765625000000001 0.0859375
0 0.0671875 0.7289062499999999 0.03515625 0.08437499999999998
0 0.14375 0.74296875 0.044531249999999994 0.08828124999999998
0 0.70078125 0.83125 0.07421875 0.09687499999999993
0 0.78046875 0.828125 0.06874999999999998 0.09609375000000009
0 0.30234375 0.7484375 0.06953124999999999 0.09296875000000004
0 0.91015625 0.81640625 0.047656249999999956 0.09296875000000004
0 0.37734375 0.74296875 0.06484375000000003 0.09531250000000002
0 0.609375 0.73046875 0.07890624999999996 0.09999999999999998
0 0.93203125 0.71640625 0.04296875 0.09296875000000004
0 0.19296875 0.7445312499999999 0.04296875 0.08828124999999998
0 0.18125 0.84921875 0.05546875000000001 0.08984375
0 0.30937499999999996 0.84140625 0.06953124999999999 0.09453124999999996
0 0.9734375 0.80703125 0.03125 0.08906250000000004
0 0.8796875 0.71953125 0.05078125 0.09531250000000002
0 0.1015625 0.73828125 0.036718749999999994 0.0859375
0 0.5234375 0.73359375 0.08046875000000003 0.09687500000000004
0 0.85078125 0.8234375 0.05390624999999993 0.09296874999999993
0 0.6875 0.73203125 0.07421875 0.1015625
0 0.6265624999999999 0.8390625 0.07265624999999998 0.09453124999999996
0 0.44765625 0.73828125 0.07421875 0.09531250000000002
0 0.76640625 0.728125 0.06640625 0.1015625
0 0.24453125 0.74921875 0.05156250000000001 0.08984375
0 0.975 0.715625 0.03125 0.08984375
0 0.8328125 0.721875 0.04765625000000007 0.09375
