0 0.11431738958670645 0.9649470214028131 0.026903421785968273 0.040072254897834725
0 0.08995111075959206 0.9615941161363966 0.02394449960524514 0.04462518997715781
0 0.06864269424606351 0.9607133943599606 0.019209295935571857 0.044429474026839166
0 0.050721940488996586 0.9544991687742789 0.020427237122922597 0.054609486840886845
0 0.03359038734354197 0.9483175625136502 0.016975934729175246 0.06615492116446076
0 0.005543740509337702 0.9377112034025574 0.011087481018675405 0.0746106998933973
0 0.017971275332736625 0.9437623323629734 0.02046253761850003 0.07409108576390011
0 5.2896385162592985e-05 0.9300989369822963 0.00010579277032518597 0.08264472246799626
0 0.4258063544295297 0.8339460538926247 0.08212144590840154 0.09767812950090671
0 0.5031480143675222 0.8371427477478366 0.08054304468517692 0.0976128908508005
0 0.5964056067149084 0.8378695531844214 0.08041112450802679 0.09449061593110974
0 0.747929803693155 0.8628987324378292 0.06541631288739558 0.09387084875509932
0 0.8938352971598331 0.8525087449192386 0.04243055501778015 0.09058318213878924
0 0.9740531823047138 0.7314971527415878 0.020102077582626054 0.08420585992784146
0 0.9531052258270588 0.7407964437791997 0.03131578636663446 0.08856537412819931
0 0.7685534399031064 0.01926473694534564 0.05912640623362719 0.01958634211223398
0 0.8540124860920613 0.8594640346957287 0.0517690421799758 0.08785233911973656
0 0.9236079827988205 0.7466146473215358 0.03907587230560594 0.08576929245904041
0 0.8456726820636515 0.7574681906049319 0.04871117986638984 0.09006356800929183
0 0.27924590097967955 0.8224148783232744 0.07906358359481558 0.09988935839046209
0 0.19887935877238855 0.8159654322481594 0.07350619926924284 0.09888045438516735
0 0.6852340975963684 0.7563104487285947 0.07416347970370463 0.09579079879052954
0 0.06836675790908231 0.7988420933404913 0.05206586257856416 0.09487745768904055
0 0.6097016991916132 0.7477150124140308 0.06952721616689428 0.0979367890299786
0 0.37583679825140054 0.7255379731944734 0.08393070744163877 0.1032073492604717
0 0.050490586452751285 0.6980159548089018 0.04733065890889088 0.09468174173872157
0 0.7958870834435099 0.7569743105864267 0.04713277864316534 0.0899983293591855
0 0.8033057666831571 0.8620598102718611 0.05982594851753509 0.09208137601988187
0 0.6742066668216373 0.8489045536639128 0.0742294397922797 0.09735193625037475
0 0.011250571828291367 0.7868331032521115 0.022501143656582734 0.09028960821331045
0 0.10323510725361634 0.7033237245071555 0.05532160515787521 0.09734964117902134
0 0.8884873953564341 0.7545462217782679 0.04072023361740518 0.08739566856899217
0 0.4625169453515887 0.7322483738700141 0.08537718848771281 0.10015031299088761
0 0.12804918399301884 0.8083462806138371 0.058379467471461166 0.09513841228946607
0 0.29685077700160845 0.7238371781490007 0.07926146386054089 0.10457277076999816
0 0.35389015863995965 0.8333194015025533 0.07738624223872836 0.09748241355058773
0 0.5388715244122435 0.7400958607797086 0.07899762350624029 0.09832822093061677
0 0.21730641545021734 0.7166397826690161 0.0713694577444195 0.1042465775194662
0 0.7436019628113812 0.759504847512453 0.05587994545947428 0.09191827939461583
0 0.012398948818574396 0.6954413232010541 0.02479789763714879 0.09107017694323316
0 0.15048820381748373 0.7076225902001144 0.05209884262285146 0.09565802641896326
