0 0.07915842519192798 0.9237284641086487 0.030432883451781134 0.08986907195831861
0 0.08820950197086525 0.9859637114127267 0.02253174342460129 0.02807257717454681
0 0.8260625290058292 0.620493976892562 0.08121923096928452 0.11126389768687495
0 0.15265369972870188 0.9801635836077016 0.03583783028673887 0.03967283278459666
0 0.16652870014688206 0.9110546916860145 0.03851120707362993 0.09337538107966459
0 0.6193396174975813 0.5408945269706839 0.10082139026201031 0.12106888304995156
0 0.7170438247884766 0.5234663488305926 0.09523925983238324 0.12397763669268713
0 0.7983560079798298 0.5125166343380436 0.07617385894594997 0.12254714887962215
0 0.7060862988625001 0.4113269484149422 0.09072283478191356 0.11423605221307126
0 0.7736216414800265 0.4135669342621796 0.07789531306489283 0.1190434435694187
0 0.7636794391054588 0.32340429218684097 0.07468778168285195 0.11779534697330768
0 0.45639915611361287 0.252977513188536 0.08887718270719225 0.09736806677955473
0 0.3808488907576981 0.26541070113304066 0.08941133730234202 0.0959427865887747
0 0.30666571233138795 0.2815855750547359 0.08810504744505537 0.0972490764460612
0 0.23919377059732222 0.2951452654507156 0.08079885908534346 0.09386175765820887
0 0.17688879503122695 0.3063277529879668 0.07575088325086635 0.09534523111016441
0 0.0010958313565951894 0.34563713343515856 0.0021916627131903788 0.08487928938501699
0 0.015484124771540375 0.34379148136043736 0.03096824954308075 0.08470731341263299
0 0.01621414434737689 0.24578589251909427 0.03242828869475378 0.08518327474660722
0 0.05023517774050615 0.23336051600801716 0.059356255340181574 0.08678834234319888
0 0.10529215820806484 0.21618073377948302 0.06790793648486199 0.08358341477230052
0 0.2328134667941335 0.1973194640151842 0.08329244846642292 0.09047704268149881
0 0.2996348674106986 0.1949266382896006 0.0907176271596285 0.09463649673148813
0 0.6618878994975026 0.15016804621802843 0.08127482041931755 0.09695029870675598
0 0.725446179281994 0.1625065875453625 0.07284212960813063 0.1009273615397912
0 0.6868715713249034 0.0609469115660681 0.07438119251011932 0.08156578672519516
0 0.6113187021578461 0.06310436043580703 0.07782410074800472 0.07455837610478833
0 0.5279862871082455 0.07120351454679591 0.08014050653441507 0.07491534710526902
0 0.4371705001042633 0.08203684251699392 0.08037848720140223 0.0764596176295426
0 0.34837494495852916 0.09572073086875219 0.08180376739218237 0.0759254630343929
0 0.25993636081327565 0.1117210250069208 0.07627983022373103 0.07432039543780128
0 0.49411727299898733 0.9571621921322169 0.051576709457637815 0.08567561573556615
0 0.5526805625878921 0.9495651137805826 0.04884253559842866 0.08215292695923537
0 0.5924746252185259 0.9410612106525075 0.050862767456676616 0.08547944867476942
0 0.1084040091199161 0.9840598660768298 0.03203534723723021 0.03188026784634046
0 0.1865434198901213 0.9024370058467308 0.036966936549356344 0.09313740041267737
0 0.23420386358704204 0.9751931333732035 0.04278704764597016 0.049613733253593084
0 0.20925755453167674 0.9765773724292444 0.041123786788203 0.046845255141511166
0 0.27785860252836003 0.9698715707132952 0.04326300897994445 0.060256858573409566
0 0.18284182493308726 0.12439219361841258 0.08103683975233048 0.09540602818248245
0 0.08820090555837595 0.5104988818539595 0.059477849484817616 0.09736025534612713
0 0.5206400077283767 0.8493699209197503 0.05466785431732751 0.10038799932235642
0 0.5940563829518136 0.15113559175283187 0.08685695084894429 0.0940415450640204
0 0.6355840093410625 0.4206107982385816 0.09446452075910416 0.11405886861840214
0 0.04665935069737426 0.4204630415455419 0.056804472697926545 0.09468687855923608
0 0.5178355309683199 0.5644415939466941 0.10468206657269424 0.12166383471741926
0 0.318474397269817 0.4710600958287042 0.09143417297173229 0.10906908604510057
0 0.13729535029554468 0.4033336411447559 0.06862448229696583 0.09801600408591299
0 0.629856850466517 0.32189387120741986 0.09054304737610186 0.1081779604494702
0 0.25614338359229677 0.37948519261829783 0.08596842906445656 0.10295019720918153
0 0.3786888380768167 0.17958209289121776 0.08899617304068574 0.09814020204169155
0 0.6225618623304368 0.8336631968986017 0.05341975772121643 0.09718046794031554
0 0.12598866480251494 0.31970505216699224 0.07046492674940213 0.09528443403784637
0 0.01911853756537868 0.4295592925299422 0.03823707513075736 0.0891021443184668
0 0.5532964691814783 0.3329017789611445 0.09285945316251232 0.10853493144995086
0 0.04870301685590467 0.5157952535999938 0.05383492198287276 0.09498305248739869
0 0.24678389880854604 0.713716393656902 0.0827053082323827 0.11601569959318947
0 0.08025550074177357 0.3307051484872893 0.06802953062949814 0.09415532777522884
0 0.1850139872536409 0.4924175587852251 0.07676360299113277 0.10680826970872315
0 0.04046143811113967 0.3392090516153644 0.06612828910474389 0.09160094132183144
0 0.6063609502973166 0.6567226277246341 0.10058340959502321 0.11952461252567781
0 0.47727024249158956 0.3422464258571019 0.09761125506882684 0.11002100871304898
0 0.42412309996127434 0.864243712606444 0.051103351934806085 0.09682349693983472
0 0.41122006772112085 0.5753383228003526 0.10301880571492705 0.12065371878829534
0 0.13452902128658512 0.5033594618443467 0.06844729870229681 0.10175769006310348
0 0.33753888874021004 0.6973591285182525 0.09630756902268278 0.12112707631112707
0 0.5566490290084378 0.43672747889910135 0.09933531299891207 0.11631708114363709
0 0.32450645092199293 0.36657864715096156 0.0916113565664014 0.10532740006791008
0 0.69935762047132 0.8139238205943851 0.05442987365034058 0.0988437287980829
0 0.29784988797131673 0.8860745330857965 0.04593638576683551 0.09753483512965366
0 0.6904168131764084 0.9251773030366899 0.05104255486248821 0.09153754043837081
0 0.11691415372329508 0.13771390334740516 0.07812548229845234 0.0911883808713177
0 0.40160098680218126 0.3539074785394697 0.0932746174241686 0.10633751599703395
0 0.3993714161995139 0.46254577745605907 0.09630496521154025 0.11132729857033552
0 0.24714177922506705 0.4852147378921515 0.08424697494551375 0.10645390251938491
0 0.6073833003030912 0.23761474111215555 0.08911776718532183 0.10871211504461992
0 0.038749489820726624 0.6153477167767529 0.05437168038916507 0.1033575500374101
0 0.3084652807846059 0.5856400999865434 0.0928620569736549 0.1183347091907424
0 0.5227323613195529 0.6680293132176639 0.0926240763066678 0.11679043866646865
0 0.6883844716784884 0.6401299857301403 0.09452531783142204 0.11934482511986644
0 0.4850027953365895 0.8540713409983167 0.05157931326878035 0.099912037988382
0 0.22061904449567768 0.5952253313606304 0.08365462708918864 0.11239300394949248
0 0.4443897288432537 0.677730931114102 0.09957329366589918 0.11786135166791079
0 0.36029989198233064 0.9662226096041631 0.04884513940957125 0.06755478079167399
0 0.6987566762025055 0.317599803957082 0.08870260292366572 0.11090953049753671
0 0.5215338615721283 0.15756888119491108 0.08774807644457472 0.09493267065965072
0 0.08900779978140574 0.4131464379412599 0.06452582531929467 0.09587678189417159
0 0.0853155862159228 0.6097525672914135 0.05989561755761624 0.10496261763400183
0 0.6729566043235453 0.23225236467151833 0.08466213920716992 0.10425648706646806
0 0.12423584051288358 0.9033437543092162 0.03476952109643945 0.0935525646743337
0 0.5878157755342799 0.8390177619058112 0.05401470938868436 0.10104114425099942
0 0.1918789732402717 0.3933410569424401 0.07723696051396445 0.10009703301647888
0 0.2522939075052445 0.8930949627619161 0.04326300897994445 0.09486145834276294
0 0.22152748735326525 0.8986267113637948 0.04070862252654689 0.09296021681800837
0 0.6526429824040223 0.9365317665463251 0.04848816840909054 0.08963629891361646
0 0.14370169221015847 0.6039168333279447 0.07248776241879246 0.1084107334941724
0 0.4529910068366204 0.16417935423165936 0.08875819237369864 0.09659593151741787
0 0.6609888380314661 0.8214176077933362 0.05288560312606694 0.0986057481310958
0 0.10570459422159992 0.9061995223130614 0.03441255009595873 0.09123615888792325
0 0.33027956898106314 0.8810769390790675 0.04748065629110915 0.09777281579664066
0 0.7337145811172456 0.9137620424547369 0.0509843616013127 0.09605136167769834
0 0.4789013481996063 0.4502897731062234 0.10218587338047219 0.11524877195333766
0 0.3874175783791877 0.8722716544005448 0.048905936481889234 0.09723866120149105
0 0.024697216986311887 0.15817242927486816 0.049394433972623775 0.09504645337085921
0 0.45289793017757335 0.9618154105954024 0.049379294004720964 0.07636917880919525
0 0.002128110789675064 0.17362554976217454 0.004256221579350128 0.0900540669864153
0 0.17075767211865717 0.7230610405528592 0.07569529380083329 0.10965883009028332
0 0.3073187328230527 0.9692588159666055 0.04474648243190005 0.061482368066789084
0 0.08984672471720742 0.9110147251028364 0.03298726990517868 0.09177031348307285
0 0.0572511847734023 0.7302768805016453 0.05086797507896157 0.10507900415635296
0 0.7391516831019539 0.8054199174663099 0.05312358379305393 0.10015001865536932
0 0.14288607713766077 0.9012601215675079 0.036194801287219525 0.09301841007918399
0 0.17516461266416314 0.9787647962363668 0.03738210081101251 0.042470407527266496
0 0.7409097150138704 0.24233269347361744 0.08585204254210543 0.11197783968783631
0 0.3964712589692676 0.9632333029515305 0.04872614907607775 0.07353339409693904
0 0.7657169882256638 0.6290030876429221 0.09078363185423155 0.11952200871453544
0 0.10750077388461354 0.728066445993016 0.06369810060712489 0.11007139054079695
0 0.7725332867796486 0.8065994055566754 0.05098436160131259 0.09605136167769823
0 0.12331255976750272 0.9830629965574285 0.033936588761984576 0.03387400688514308
0 0.7663796389828368 0.9000329798975154 0.04902492681538284 0.09801079646362809
0 0.059953327919839566 0.14253952138175016 0.06238139550526828 0.07217856943491736
0 0.1642706120586257 0.20392993705193244 0.0738470379149696 0.0829910669159753
0 0.5315950542801894 0.24850365853238657 0.09018607637562126 0.10586155466305974
