0 0.8856826104132935 0.9649470214028131 0.026903421785968273 0.040072254897834725
0 0.9100488892404079 0.9615941161363966 0.02394449960524514 0.04462518997715781
0 0.9313573057539365 0.9607133943599606 0.019209295935571857 0.044429474026839055
0 0.9492780595110034 0.9544991687742789 0.020427237122922604 0.054609486840886845
0 0.9664096126564581 0.9483175625136502 0.016975934729175246 0.06615492116446076
0 0.9944562594906623 0.9377112034025574 0.011087481018675516 0.0746106998933973
0 0.9820287246672634 0.9437623323629734 0.020462537618500032 0.07409108576390011
0 0.9999471036148374 0.9300989369822963 0.00010579277032518597 0.08264472246799626
0 0.5741936455704704 0.8339460538926247 0.08212144590840154 0.09767812950090671
0 0.4968519856324778 0.8371427477478366 0.08054304468517698 0.0976128908508005
0 0.40359439328509167 0.8378695531844214 0.08041112450802679 0.09449061593110974
0 0.25207019630684496 0.8628987324378292 0.0654163128873956 0.09387084875509932
0 0.10616470284016691 0.8525087449192386 0.04243055501778009 0.09058318213878924
0 0.02594681769528623 0.7314971527415878 0.020102077582626166 0.08420585992784146
0 0.046894774172941134 0.7407964437791997 0.03131578636663446 0.08856537412819931
0 0.23144656009689352 0.01926473694534564 0.05912640623362719 0.01958634211223398
0 0.1459875139079387 0.8594640346957287 0.051769042179975744 0.08785233911973656
0 0.0763920172011795 0.7466146473215358 0.039075872305605934 0.08576929245904041
0 0.1543273179363484 0.7574681906049319 0.04871117986638984 0.09006356800929183
0 0.7207540990203205 0.8224148783232744 0.07906358359481558 0.09988935839046209
0 0.8011206412276115 0.8159654322481594 0.07350619926924284 0.09888045438516735
0 0.3147659024036316 0.7563104487285948 0.07416347970370463 0.09579079879052965
0 0.9316332420909177 0.7988420933404913 0.05206586257856416 0.09487745768904055
0 0.3902983008083868 0.7477150124140308 0.06952721616689433 0.0979367890299786
0 0.6241632017485994 0.7255379731944734 0.08393070744163877 0.1032073492604717
0 0.9495094135472487 0.6980159548089018 0.04733065890889088 0.09468174173872157
0 0.20411291655649014 0.7569743105864268 0.047132778643165396 0.08999832935918561
0 0.19669423331684283 0.8620598102718611 0.059825948517535116 0.09208137601988187
0 0.32579333317836273 0.8489045536639128 0.0742294397922797 0.09735193625037486
0 0.9887494281717086 0.7868331032521116 0.022501143656582845 0.09028960821331056
0 0.8967648927463836 0.7033237245071555 0.05532160515787521 0.09734964117902134
0 0.11151260464356588 0.7545462217782679 0.04072023361740529 0.08739566856899217
0 0.5374830546484113 0.7322483738700141 0.08537718848771281 0.10015031299088761
0 0.8719508160069811 0.8083462806138371 0.058379467471461166 0.09513841228946607
0 0.7031492229983916 0.7238371781490007 0.07926146386054089 0.10457277076999816
0 0.6461098413600403 0.8333194015025533 0.07738624223872836 0.09748241355058773
0 0.46112847558775644 0.7400958607797086 0.07899762350624029 0.09832822093061677
0 0.7826935845497827 0.7166397826690161 0.0713694577444195 0.1042465775194662
0 0.25639803718861875 0.759504847512453 0.05587994545947439 0.09191827939461583
0 0.9876010511814256 0.6954413232010541 0.02479789763714879 0.09107017694323316
0 0.8495117961825163 0.7076225902001144 0.05209884262285147 0.09565802641896326
