0 0.9574528634964268 0.9637192433040582 0.018786122260790683 0.07256151339188366
0 0.9377298217701109 0.9642398731042771 0.02520496902456737 0.07152025379144589
0 0.9212162034256836 0.964917234962723 0.02676490012744659 0.07016553007455406
0 0.8922679168462866 0.963654030719738 0.03015344586159452 0.07269193856052403
0 0.8729479004125547 0.9622919175234549 0.03153425461221426 0.07541616495309023
0 0.8352408704150622 0.9635122994761521 0.03465411681797281 0.07297540104769573
0 0.8111962800846274 0.9616706423280195 0.03309418571509348 0.07665871534396107
0 0.7675629897920717 0.9603496149801056 0.03768441784760168 0.07930077003978842
0 0.7387042643888044 0.9598887665825928 0.03915478777435144 0.08022246683481438
0 0.6847075189872087 0.9598813771032015 0.04071471887723066 0.08023724579359703
0 0.6497434109366189 0.9580266774382048 0.04530495100973886 0.0839466451235904
0 0.5893278187712465 0.9579073364886513 0.04254333350849915 0.08418532702269732
0 0.5506430053157181 0.9536486552595986 0.04227464998010999 0.08638574778259656
0 0.4890257267519852 0.9501109888024735 0.04668575976035866 0.08197463800234772
0 0.4491579224524332 0.9493871099140442 0.04044603534884128 0.0816163932978291
0 0.40080005826317455 0.9466107134540218 0.044103264611378534 0.09115510226736434
0 0.3625817462426316 0.9444164646388431 0.04098340240561993 0.09097597991510487
0 0.32592336532496774 0.9423117769997937 0.03924434895048112 0.0877665565332163
0 0.2917392228258175 0.9380015344706203 0.04071471887723066 0.0862961866064671
0 0.2593389143698712 0.9298810253603784 0.03603492556859278 0.0860275030780775
0 0.2267594835616652 0.924880378455895 0.032825502186704325 0.0842884496229388
0 0.19912852959048633 0.9154686217711632 0.03291506336283412 0.08584838072581802
0 0.1679299075329002 0.9136773982485681 0.033094185715093594 0.08896824293157679
0 0.9587475839547539 0.8784797792196777 0.02565277490521589 0.09476016146244548
0 0.9429952356074294 0.8666198691501602 0.023465915569428564 0.08375108256616026
0 0.926481617263002 0.8680193734551169 0.024092843802336672 0.09467060028631558
0 0.9100575600947045 0.8678589466571941 0.022532912699457563 0.09458103911018578
0 0.8913383868601528 0.8667842125436371 0.028772637110974664 0.0949392838147044
0 0.868917203774999 0.8756699082465361 0.03051169056611336 0.09814870719659319
0 0.8454734566437445 0.8751064561560294 0.02859351475871519 0.09181942160894607
0 0.8111101917923349 0.8739160758326148 0.03831134608051001 0.09859651307724204
0 0.7824305887413272 0.8691393318684555 0.03648273144924141 0.09382715859247392
0 0.7387525178607065 0.8666316189368226 0.039692154831129756 0.09556621204761306
0 0.7053483409129959 0.8623661569957142 0.04134164711013888 0.09721570432662219
0 0.6490116988570814 0.8622618168608016 0.04419282578750816 0.09271503337024367
0 0.611931597092497 0.8538726242221704 0.04419282578750816 0.09271503337024378
0 0.5494000112131301 0.8526300738312993 0.04299113938914789 0.09886519660563098
0 0.5088418025382679 0.8503014832519258 0.04281201703688853 0.09574533439987232
0 0.44800448952597494 0.8468085973828656 0.04455107049202728 0.09895475778176088
0 0.40666631529967323 0.8444352262154271 0.04116252475787929 0.09409584212086342
0 0.3704109596745935 0.8353108486134212 0.041252085934009086 0.09565577322374286
0 0.33297261320549 0.8331613803863072 0.0447301928442867 0.10207461998751965
0 0.29364217596271636 0.823077914880602 0.0447301928442867 0.10207461998751954
0 0.2597901931343571 0.82661210845389 0.041252085934009 0.09565577322374275
0 0.9576424045001979 0.6796520397449675 0.046558807475555075 0.10684397447228722
0 0.9068103018924256 0.6790811981750697 0.05252984835868324 0.10252242586816818
0 0.8448347786241739 0.6817832561294618 0.06353892725496824 0.10470928520395595
0 0.7693124618987219 0.6750996424328499 0.07316719740063327 0.10992644556937226
0 0.6809972322337816 0.6731592981872777 0.08234766166564966 0.10734395042039213
0 0.5989665075684233 0.6707972330947847 0.09041600070843536 0.11247154960967876
0 0.5068857919104792 0.6662930892545692 0.09326717938580492 0.10797087865330046
0 0.398560141436497 0.6585086564106721 0.09326717938580487 0.10797087865330035
0 0.30325130684232776 0.6420811263585373 0.08591532975205707 0.11532272828704826
0 0.22108624041277503 0.6420589579203634 0.0827059063701685 0.11358367483190945
0 0.9695057874535524 0.5684304300055512 0.039960838359519024 0.10024600535625083
0 0.9216592052873445 0.5703786074422317 0.054179340637692364 0.10417191814717741
0 0.862247481613736 0.5693151794036202 0.06188943497595911 0.10305979292494682
0 0.7879716318747093 0.5681808857432156 0.07610793725413245 0.10698570571587318
0 0.6964917594159454 0.5668413846968234 0.08747526085493629 0.11541228946317794
0 0.5956970809279706 0.5641845510422132 0.09491667166481377 0.10962037093230947
0 0.48545325464658995 0.5625502814337037 0.09179680945905533 0.10944124858005
0 0.379736184355316 0.5502203970453634 0.09665572511995263 0.11282979431419782
0 0.2832443589171232 0.5407677763681207 0.08720657732654713 0.11073249615453995
0 0.20246010123819008 0.5439550313118351 0.0744210538664497 0.1317654810096825
0 0.9802048751172203 0.4774879246035657 0.030063884685464726 0.09034905168219659
0 0.9530404225810271 0.4735807073669761 0.045573634538127905 0.08968473234061469
0 0.9140869255971094 0.4705617124122927 0.04878305792001636 0.09142378579575361
0 0.8671098701584705 0.4709947393341588 0.058590450417940976 0.09976080836692858
0 0.8119114383585146 0.4646954553757941 0.0712490215932351 0.10359715998172525
0 0.7471742975890233 0.4609786665664095 0.0774887460047522 0.10395540468624431
0 0.6786716708265284 0.45469807816238145 0.07913823828376121 0.10560489696525333
0 0.6004064321541737 0.4548998126645319 0.09125944240227679 0.10008166196277413
0 0.5177300837015704 0.45015307032965496 0.0896995112993973 0.09999210078664433
0 0.4375727542555454 0.44242080755321433 0.08849782490103703 0.10614226402203175
0 0.3589753559123998 0.43477810595290345 0.08831870254877766 0.10302240181627326
0 0.2840538823861282 0.43125913505011493 0.08270590637016864 0.1135836748319094
0 0.21303223661705473 0.427964067087651 0.07619749843026202 0.10854563681875251
0 0.9768198022669097 0.3865193341678522 0.03915478777435122 0.08620662543033714
0 0.9437290894356534 0.376794113366666 0.048693496743886566 0.08986385469287428
0 0.9023909152093517 0.3744207421992276 0.05337329005252467 0.09013253822126344
0 0.8541673927842877 0.36930444908488647 0.06108338439079153 0.08902041299903302
0 0.7981442148448273 0.3637403500898964 0.06411368542042029 0.0876396042484131
0 0.7359260930819145 0.3570380408389478 0.07557057019735391 0.09762611909859731
0 0.6626093312465869 0.3528286655608496 0.08181029460887124 0.09798436380311637
0 0.5870870145211351 0.3461450518642377 0.08537796269527842 0.10596314166977239
0 0.5076200894504201 0.3400175007787411 0.08657964909363891 0.09981297843438475
0 0.43026915809369976 0.33792411921463744 0.08337022571175046 0.09807392497924605
0 0.3559037471785433 0.3383497566571122 0.08181029460887113 0.09798436380311631
0 0.2854829446086501 0.3382193314884717 0.08354934806400993 0.10119378718500466
0 0.22235051553010288 0.3338121383037772 0.07427932262286396 0.10221635123110545
0 0.9764202498581631 0.29806976273871716 0.045484073361998334 0.08812480123773547
0 0.9453559695647715 0.29393864256180313 0.04815612968710836 0.08050426807559846
0 0.9064024725808537 0.29091964760711975 0.054843659979273984 0.08866216829451395
0 0.8598732230228637 0.2835530190145893 0.0655840553471696 0.08616923432166362
0 0.8052756344220879 0.2804183778500481 0.06870391755292837 0.08634835667392321
0 0.7455317510776887 0.27151051370897505 0.06897260108131764 0.09102814998256104
0 0.6792794597933829 0.26692419817202107 0.07374195556608543 0.09285676461382963
0 0.6063209426625744 0.2564750984824056 0.07998167997760264 0.09321500931834864
0 0.5291491336581136 0.25126185471254325 0.07833218769859351 0.09156551703933949
0 0.4531342304639481 0.2531578620817675 0.0830119810072314 0.09183420056772879
0 0.378302318113806 0.24807896007609997 0.0774887460047522 0.10395540468624431
0 0.3099975092579075 0.2519827044288524 0.0819894169611306 0.10110422600887486
0 0.24127097955508803 0.2496019437820226 0.07548100902122412 0.09606618799571798
0 0.9902663372403702 0.20757506321738048 0.01946732551925978 0.09493928381470479
0 0.9717887100214273 0.20155185226679626 0.044371948139767636 0.09583489557600228
0 0.9415043952794753 0.19746551267794718 0.0475813715216562 0.09757394903114108
0 0.9000766598770439 0.1966520726133881 0.0538210959331733 0.09793219373566003
0 0.855842526385308 0.19019975133649192 0.05373153475704362 0.09637226263278079
0 0.8044543611664206 0.1856843014213309 0.0663901059323374 0.10020861424757735
0 0.7460017253965113 0.18154579176502558 0.07071165453645656 0.09423757336444932
0 0.6797942147002705 0.1761795106766319 0.07383151674221511 0.09441669571670888
0 0.6114707102900351 0.16677906006684529 0.07650357306732491 0.08679616255457195
0 0.5371948605510084 0.1656447664064408 0.07980255762534322 0.09009514711258998
0 0.46452372250292595 0.16382006837072635 0.07851131005085327 0.09468537924509823
0 0.3264250393100421 0.1566738698346831 0.07713050130023325 0.09771568027472703
0 0.2598145033212175 0.1583272787092463 0.06630054475620786 0.09864868314469805
0 0.39510678842479663 0.15983459603295244 0.08163117225661165 0.09486450159735765
