0 0.005284124954588049 0.9261135039180461 0.010568249909176097 0.08322860366887852
0 0.021577642810566178 0.9306572718956667 0.023115902957976386 0.08655660373558405
0 0.03789833947805457 0.933537039839935 0.024677564886198933 0.08660777278814902
0 0.06673791609760546 0.9360453292406128 0.02795439590033938 0.09139509667794699
0 0.08636102830551692 0.9335616185412323 0.029413719723431486 0.0883229418740673
0 0.12368740742516113 0.9394746615874638 0.032537043579876454 0.08842527997919747
0 0.1479699208914575 0.9379252890098901 0.030975381651654033 0.08837411092663228
0 0.19172203940796972 0.9385771915176035 0.03560919838375634 0.08696595615610514
0 0.22061278508008586 0.939523818990059 0.037119691259413695 0.08545546328044795
0 0.2743877834986314 0.9444124751600023 0.0386813531876361 0.08550663233301337
0 0.3096019304624852 0.9432212859503847 0.04331516991973844 0.08409847756248623
0 0.36952123848879037 0.9514379421870336 0.040396522273554114 0.09024278717024592
0 0.40874187837833065 0.9472513517523838 0.04024301511585865 0.085557801385578
0 0.4704275245431189 0.9492725293287079 0.0447744937428306 0.08102632275860666
0 0.5101987346602272 0.9521390020973421 0.03852784602994064 0.08082164654834556
0 0.5586102544351245 0.9537252427268621 0.04195818420177666 0.09029395622281089
0 0.5968709716765754 0.9549415377279341 0.03883486034533157 0.09011692454413178
0 0.6335700269898039 0.9561813572499901 0.037170860311978915 0.08701712520867066
0 0.6680033429895464 0.95496458351409 0.0386813531876361 0.08550663233301337
0 0.7010029196924793 0.9497924859050684 0.03399636740296863 0.08535312517531768
0 0.733900158290282 0.9477437121524919 0.030821874493958457 0.08368912514196492
0 0.7622659182611126 0.9408564454575523 0.03087304354652365 0.0852507870701874
0 0.7934991568255625 0.9418798265088557 0.030975381651654144 0.08837411092663228
0 0.010371312659467419 0.8356650347125546 0.020742625318934838 0.09436491337669639
0 0.02581238482282608 0.8252706762669313 0.021451902924623567 0.08338211082657399
0 0.042133081490314445 0.8281504442111993 0.0218100862925798 0.09431374432413131
0 0.05850494721036803 0.8294685502272447 0.020248424364357254 0.09426257527156612
0 0.07724489034903784 0.8300825788580268 0.026495072077247273 0.09446725148182678
0 0.09877555850247915 0.8409497481273851 0.028159072110600092 0.09764174439083695
0 0.12217490289953392 0.8424981148799741 0.026392733972116958 0.09134392762538202
0 0.15650588079414607 0.8444046650005188 0.035967381751712435 0.09789758965366302
0 0.1854989645713925 0.8422279686165293 0.034252212665794535 0.09316143481642991
0 0.22922549856162217 0.843660702088354 0.03742670557480468 0.09482543484978312
0 0.26287798359725345 0.8424183438261713 0.03903953655559228 0.09643826583057069
0 0.31899547490813274 0.8473837535749623 0.0420093532543418 0.09185561815103349
0 0.3566800373957332 0.8423651631236362 0.0420093532543418 0.0918556181510336
0 0.41906976094578496 0.8467544181185767 0.04065236753637991 0.09805109681135826
0 0.45967297107956967 0.8480848134852708 0.040550029431249635 0.09492777295491317
0 0.5205777862802468 0.8500804065353124 0.0422140294646024 0.09810226586392345
0 0.5619618273781428 0.8514363864282891 0.03893719845046195 0.09331494197412571
0 0.5988911434279144 0.8456113804865693 0.038988367503027144 0.09487660390234831
0 0.6363710297052543 0.8468394377481332 0.04231636756973278 0.10122558972036855
0 0.6764492541377536 0.8403359389474325 0.04231636756973278 0.10122558972036866
0 0.709845893910559 0.8469018903263621 0.03898836750302703 0.09487660390234798
0 0.02804851631008959 0.6377433222488197 0.04403153665565074 0.1059617445576011
0 0.07872577539847272 0.6417488093495213 0.05012467721084518 0.10148143498319429
0 0.14020674535300043 0.6500166346387353 0.06110747976096775 0.1034012802793729
0 0.21602410245063888 0.6501558407958121 0.07063095848799822 0.1083932803794313
0 0.30415566329007915 0.6561702161221888 0.07989859195220278 0.10557697083837736
0 0.38606616094291213 0.6611990842741936 0.08786040875101075 0.11051780188587057
0 0.4781786301817563 0.6649988893396497 0.09083022544976033 0.10593515420633348
0 0.5867653032457847 0.6669934765647061 0.09083022544976027 0.10593515420633348
0 0.6831656951994238 0.6592087397999062 0.08327776107147367 0.1134876185846202
0 0.7649994392734089 0.6665801008442449 0.08010326816246338 0.11182361855126732
0 0.026241286819720155 0.5259054026969336 0.03758021273250023 0.09951042063445042
0 0.0737184684728106 0.5321510445848386 0.05173750819163292 0.10309426596398197
0 0.1329848681664174 0.5364379614746486 0.05949464878018018 0.10178844929858533
0 0.20706147165185534 0.5419918153279388 0.07365194423931287 0.10537229462811681
0 0.29829077182145797 0.5488893597235571 0.08483942299969616 0.11353878763718528
0 0.39891562808667813 0.5553130874704554 0.09244305643054779 0.10754798518712128
0 0.5088592868686683 0.563605491460967 0.08931973257410297 0.10744564708199089
0 0.6152569741980582 0.5608383393225082 0.09410705646390072 0.11072247809613134
0 0.7122079363792655 0.5601066657609921 0.0846859158420008 0.1088538018525177
0 0.7923776804198979 0.5705501816092107 0.07134732522391041 0.13025654737454617
0 0.023768859646003532 0.43436908821194 0.027903226847774187 0.0898334347497245
0 0.05117469696874488 0.43292205373949666 0.04346867707743396 0.08878346334715365
0 0.09024182970058967 0.4334204490895145 0.04664316998644408 0.09044746338050652
0 0.13698934944213403 0.4380788445229144 0.056268986818604816 0.09856278733700996
0 0.19253068599916273 0.43677202203253285 0.06886462034951499 0.1020954636139762
0 0.257339656020396 0.43889553771398715 0.07511126806240503 0.10230013982423691
0 0.32612953444103326 0.4388044831345206 0.07672409904319266 0.10391297080502448
0 0.4040591236944623 0.4460479215474463 0.08901271825871193 0.09807567551265589
0 0.48682720589025424 0.44875988133340006 0.08745105633048944 0.09802450646009081
0 0.5673551332988427 0.4482717636840611 0.0860940706125276 0.10421998512041553
0 0.6463213987792087 0.4477324769821569 0.08599173250739722 0.1010966612639706
0 0.7212555868076056 0.450969422469396 0.08010326816246349 0.11182361855126732
0 0.7922856200154464 0.45407844532522224 0.07370311329187818 0.1069339565563392
0 0.035325805300006785 0.344074126164144 0.03711969125941361 0.08545546328044806
0 0.0691573820196161 0.3373659511531826 0.046592000933878885 0.08888580145228397
0 0.11054142311751208 0.33872193104615944 0.05127698671854641 0.08903930860997944
0 0.15902969647125698 0.3379656787833459 0.059034127307093676 0.0877334919445828
0 0.21532627946611432 0.33746527178335806 0.062106282110973465 0.08627416812149064
0 0.2778950947001443 0.33638871002951964 0.07334492992392191 0.09600232305878181
0 0.35129320532660124 0.33879365550008234 0.07959157763681185 0.09620699926904241
0 0.4271105624242397 0.3389328616571591 0.08297074675608268 0.1041176470152852
0 0.5068064898161518 0.33998082140976 0.08432773247404457 0.09792216835496037
0 0.5840320016843172 0.34485618240406934 0.0811532395650344 0.09625816832160755
0 0.65805743611719 0.35197169818558216 0.0795915776368118 0.09620699926904247
0 0.7282043002557892 0.35817846037157075 0.08125557767016467 0.09938149217805253
0 0.7914771928750826 0.3594699760363487 0.0719367751533948 0.10063613979088404
0 0.0436826735187173 0.25601931890355145 0.04341750802486877 0.08722180141893118
0 0.07499266566201482 0.25470020706252106 0.046284986618487955 0.07951582988294909
0 0.1140597983938596 0.2551986024125389 0.05278747959420371 0.0875288157343222
0 0.16106316339822982 0.2520486882048263 0.06361677498663082 0.08476367524583334
0 0.21572133088601692 0.25383960504460706 0.06674009884307577 0.08486601335096375
0 0.2760244068065608 0.2503437968195872 0.06689360600077127 0.08955099913563114
0 0.3424206232822993 0.2517376505894955 0.07162976083800393 0.09126616822154915
0 0.416023410119017 0.24789594834716827 0.077876408550894 0.09147084443180986
0 0.49335126009231267 0.24964798548503261 0.07626357757010616 0.08985801345102212
0 0.5688871874008428 0.25837633224733303 0.08094856335477374 0.09001152060871762
0 0.643872544481805 0.2600516158063498 0.07511126806240498 0.10230013982423691
0 0.7115489930966572 0.27008577923404686 0.07969391574194207 0.09933032312548734
0 0.7802109488858817 0.2738988794751366 0.07329376087135653 0.0944406611305593
0 0.033401936703888274 0.16422715915573194 0.02649507207724716 0.09446725148182675
0 0.056980372784921074 0.1603097091595419 0.042111691359472125 0.0949789420074785
0 0.08750953396410738 0.1589650127922289 0.0452861842684822 0.09664294204083125
0 0.1288424060094382 0.16188265461342824 0.05153283198137225 0.09684761825109196
0 0.17347769359519205 0.15943681779097918 0.05148166292880696 0.09528595632286953
0 0.22506370627909936 0.15956373459740722 0.06407729645971721 0.09881863259983574
0 0.2836516131137253 0.16070174310448954 0.06855760603412409 0.09272549204464124
0 0.3500734141157462 0.1613147659102866 0.07168092989056901 0.09282783014977158
0 0.4189656306415138 0.1581003874743751 0.07454840848418814 0.08512185861378951
0 0.4930422341269518 0.16365424132766543 0.07777407044576351 0.08834752057536478
0 0.5655827602104497 0.1683760951642793 0.07636591567523654 0.09298133730746709
0 0.7037642563318576 0.1736853872804076 0.07490659185214443 0.09605349211134692
0 0.7699557965973352 0.18132588876320582 0.06402612740715208 0.09725697067161321
0 0.6350767160163505 0.17065311800342914 0.07948923953168152 0.09308367541259742
