0 0.77734375 0.4578125 0.07499999999999996 0.11406250000000007
0 0.6976562499999999 0.44296875 0.08046874999999998 0.10000000000000003
0 0.77734375 0.95390625 0.029687499999999978 0.08359375000000002
0 0.5015625 0.95 0.03984375000000001 0.08046874999999976
0 0.46484375 0.95234375 0.039843749999999956 0.07734374999999993
0 0.02265625 0.6499999999999999 0.026562499999999996 0.09999999999999998
0 0.01875 0.54921875 0.01953125 0.09765625
0 0.02109375 0.4546875 0.024218749999999997 0.09375
0 0.01796875 0.8546875 0.015625 0.08906249999999993
0 0.07109375 0.94765625 0.021875 0.08515625000000004
0 0.125 0.95234375 0.02734375 0.0859375
0 0.53203125 0.014062499999999999 0.06718749999999996 0.01328125
0 0.596875 0.01015625 0.06406250000000002 0.0203125
0 0.65625 0.01015625 0.06093749999999998 0.0203125
0 0.71328125 0.01015625 0.057812500000000044 0.0203125
0 0.81875 0.56640625 0.059374999999999956 0.11171874999999998
0 0.78046875 0.27265625 0.05781249999999993 0.11015624999999996
0 0.21406249999999996 0.4453125 0.06796874999999997 0.1015625
0 0.06328125 0.353125 0.04296875 0.08984375
0 0.609375 0.446875 0.08671874999999996 0.10703124999999997
0 0.30078125 0.45078125 0.08124999999999999 0.10390625000000003
0 0.4671875 0.8421875 0.04140625000000003 0.09609375000000009
0 0.05078125 0.4515625 0.041406250000000006 0.09062500000000001
0 0.14296875 0.44765625 0.05859375 0.09765625
0 0.15703125 0.265625 0.05781250000000002 0.0859375
0 0.15625 0.34921875 0.056249999999999994 0.08984375
0 0.1875 0.18125 0.06562499999999999 0.0859375
0 0.0921875 0.44765625 0.04765625 0.09375
0 0.27734375 0.34375 0.07343750000000002 0.09375
0 0.3421875 0.25703125 0.07500000000000001 0.09140625
0 0.65546875 0.34375 0.07656249999999998 0.09765625
0 0.27421875 0.2609375 0.06953125000000004 0.09062499999999996
0 0.5078125 0.44921875 0.08749999999999997 0.10781250000000003
0 0.6031250000000001 0.9507812499999999 0.04062500000000002 0.08828124999999998
0 0.50078125 0.340625 0.08593749999999994 0.09921875000000002
0 0.578125 0.34296875000000004 0.07968750000000002 0.09843750000000001
0 0.43125 0.84609375 0.03828124999999999 0.09765625
0 0.03671875 0.27265625 0.04140624999999999 0.08125000000000002
0 0.02890625 0.35703125 0.03671875000000001 0.08515624999999999
0 0.37578125 0.1703125 0.078125 0.08671875000000001
0 0.44375 0.559375 0.0859375 0.10624999999999996
0 0.40234375 0.45078125 0.08671874999999996 0.10859375000000004
0 0.10625 0.3515625 0.053125000000000006 0.08906249999999999
0 0.36953125 0.84921875 0.03828124999999999 0.09296875000000004
0 0.6624999999999999 0.9507812499999999 0.03749999999999998 0.08828124999999998
0 0.04296875 0.94453125 0.021093749999999994 0.08671875000000007
0 0.30546875 0.1703125 0.07187500000000002 0.08906249999999999
0 0.06093749999999999 0.19140625 0.044531249999999994 0.07890625000000001
0 0.346875 0.34140625 0.078125 0.09531249999999997
0 0.7171875 0.259375 0.078125 0.09140624999999997
0 0.4171875 0.253125 0.07968750000000002 0.09218749999999998
0 0.11015624999999998 0.26953125 0.05390624999999999 0.08437500000000003
0 0.2421875 0.85078125 0.03359374999999998 0.09375
0 0.684375 0.6796875 0.08046874999999998 0.109375
0 0.425 0.340625 0.08125000000000004 0.09609374999999998
0 0.215625 0.5562499999999999 0.06640625 0.10390624999999998
0 0.446875 0.1734375 0.07890625000000012 0.0859375
0 0.24375000000000002 0.17578125 0.06640625000000003 0.08671875000000001
0 0.5359375 0.8390625000000002 0.042187500000000044 0.09531250000000013
0 0.5171875 0.66875 0.07890625000000001 0.10859375000000004
0 0.56640625 0.25625 0.078125 0.09609375000000003
0 0.278125 0.6664062500000001 0.0703125 0.10312500000000002
0 0.7203125 0.34843750000000007 0.07343750000000004 0.09843750000000001
0 0.21171875 0.3484375 0.06562500000000002 0.09218749999999998
0 0.35703125 0.665625 0.07187499999999997 0.10468750000000004
0 0.64375 0.2578125 0.07656249999999998 0.09843749999999998
0 0.65390625 0.8351562500000002 0.04296875 0.09531250000000013
0 0.0703125 0.27109375 0.051562500000000004 0.08203125000000003
0 0.59453125 0.1734375 0.078125 0.0859375
0 0.30625 0.95234375 0.03593750000000001 0.08671875000000007
0 0.0515625 0.55078125 0.04374999999999999 0.09609374999999998
0 0.5703125 0.83828125 0.04296875 0.09687500000000004
0 0.28515625 0.5578125 0.07265625000000003 0.10546875
0 0.0671875 0.8421875000000001 0.021875 0.09140625000000002
0 0.1953125 0.85078125 0.03203125000000001 0.09218749999999998
0 0.21328125 0.26015625 0.06406249999999997 0.08359374999999997
0 0.14296875 0.5523437499999999 0.06093749999999999 0.09999999999999998
0 0.3671875 0.9546874999999999 0.03984375000000001 0.08750000000000002
0 0.49140625 0.2546875 0.08124999999999993 0.09453124999999998
0 0.51875 0.17031249999999998 0.07890624999999996 0.084375
0 0.04765625 0.8421875 0.02109375 0.08906250000000004
0 0.096875 0.55078125 0.048437499999999994 0.09609374999999998
0 0.7859375 0.36640625 0.06562500000000004 0.10546875
0 0.1375 0.66171875 0.044531249999999994 0.1015625
0 0.61328125 0.56484375 0.08281249999999996 0.10859375000000004
0 0.12890625 0.85078125 0.02421875000000001 0.09062500000000007
0 0.221875 0.9515625000000001 0.033593750000000006 0.08750000000000002
0 0.60390625 0.6765625 0.08125000000000004 0.109375
0 0.61640625 0.82890625 0.042187500000000044 0.09531250000000002
0 0.7484374999999999 0.9515625000000001 0.03749999999999998 0.08750000000000002
0 0.36484375 0.5601562499999999 0.0703125 0.10390624999999998
0 0.66015625 0.17734375 0.07109374999999996 0.08671875000000001
0 0.7609375 0.56953125 0.07109374999999996 0.10468750000000004
0 0.52890625 0.5640624999999999 0.08671875000000001 0.10390624999999998
0 0.68671875 0.8421875 0.03749999999999998 0.09453124999999996
0 0.4015625 0.95234375 0.04140624999999998 0.0859375
0 0.27265625 0.953125 0.03515625 0.0859375
0 0.27421875 0.85078125 0.03515625 0.09453125000000007
0 0.1640625 0.8515625 0.028906249999999994 0.08984375
0 0.20703125 0.66328125 0.06640625 0.10390624999999998
0 0.56640625 0.95546875 0.0390625 0.08515625000000004
0 0.4359375 0.66484375 0.07968749999999997 0.10546875
0 0.09687499999999999 0.18984374999999998 0.05390625 0.08046875
0 0.026562500000000003 0.94453125 0.019531250000000003 0.08515624999999993
0 0.33203125 0.85078125 0.03671875000000002 0.09375
0 0.13671875 0.18984375 0.05156249999999998 0.07968749999999997
0 0.81484375 0.6773437500000001 0.06875000000000009 0.10703125000000002
0 0.0328125 0.84375 0.020312499999999997 0.08984375
0 0.056249999999999994 0.65625 0.04296874999999999 0.09687500000000004
0 0.0859375 0.8421875 0.0234375 0.09062499999999996
0 0.1921875 0.95625 0.03046874999999999 0.08750000000000002
0 0.72265625 0.84453125 0.03749999999999998 0.09296875000000004
0 0.6984375 0.9515625 0.03515625 0.08984375
0 0.09140625 0.94765625 0.0234375 0.0859375
0 0.7203125 0.18125000000000002 0.07421875 0.0875
0 0.759375 0.678125 0.07499999999999996 0.10624999999999996
0 0.15234375 0.9515625 0.02812500000000001 0.08984375
0 0.09921875 0.659375 0.046875 0.09843749999999996
0 0.0578125 0.9453125 0.017968750000000006 0.0859375
0 0.68828125 0.56875 0.07656249999999998 0.10624999999999996
0 0.026562500000000003 0.1953125 0.03515625 0.078125
