0 0.01640625 0.9421875 0.014062499999999999 0.08281250000000007
0 0.0359375 0.94609375 0.020312500000000004 0.0859375
0 0.05234375000000001 0.9484375 0.021875000000000006 0.0859375
0 0.08125 0.95 0.024999999999999994 0.09062500000000007
0 0.10078125 0.9468749999999999 0.02656249999999999 0.08750000000000002
0 0.13828125 0.9515625000000001 0.029687499999999978 0.08750000000000002
0 0.1625 0.94921875 0.02812500000000001 0.08749999999999991
0 0.20624999999999996 0.9484375 0.03281249999999997 0.0859375
0 0.23515625 0.9484375 0.034375000000000044 0.08437499999999998
0 0.2890625 0.9515625000000001 0.03593750000000001 0.08437499999999998
0 0.32421875 0.94921875 0.04062500000000002 0.08281249999999996
0 0.384375 0.95546875 0.03749999999999998 0.08906250000000004
0 0.4234375 0.95 0.03750000000000003 0.08437499999999976
0 0.48515624999999996 0.95 0.04218749999999999 0.07968750000000002
0 0.525 0.9515625000000001 0.035937499999999956 0.07968750000000002
0 0.5734375 0.9515625 0.0390625 0.08906250000000004
0 0.61171875 0.9515625 0.035937499999999956 0.08906250000000004
0 0.6484375 0.9515625 0.034375000000000044 0.0859375
0 0.6828125 0.94921875 0.035937499999999956 0.08437500000000009
0 0.715625 0.9429687499999999 0.03125 0.08437499999999998
0 0.7484375 0.93984375 0.028124999999999956 0.08281249999999996
0 0.7765625 0.9320312500000001 0.028124999999999956 0.08437499999999998
0 0.8078125 0.9320312500000001 0.028124999999999956 0.08750000000000002
0 0.0203125 0.8515625 0.020312499999999997 0.09375
0 0.03671875 0.840625 0.018750000000000003 0.08281250000000007
0 0.053125 0.84296875 0.018750000000000003 0.09375
0 0.06953125 0.84375 0.0171875 0.09375
0 0.08828125 0.84375 0.0234375 0.09375
0 0.11015625 0.85390625 0.024999999999999994 0.09687500000000004
0 0.13359375 0.8546875 0.023437500000000014 0.09062500000000007
0 0.16796875 0.85546875 0.032812499999999994 0.09687500000000004
0 0.196875 0.85234375 0.03125 0.09218749999999976
0 0.240625 0.85234375 0.03437499999999999 0.09375
0 0.27421875000000007 0.8500000000000001 0.03593750000000001 0.09531250000000002
0 0.33046875 0.853125 0.0390625 0.09062499999999996
0 0.36796875 0.846875 0.0390625 0.09062500000000007
0 0.43046875 0.84921875 0.03749999999999998 0.09687500000000004
0 0.47109375 0.84921875 0.03750000000000003 0.09375
0 0.53203125 0.84921875 0.0390625 0.09687500000000004
0 0.5734375 0.8492187499999999 0.035937499999999956 0.09218749999999998
0 0.61015625 0.8421875 0.035937499999999956 0.09375
0 0.64765625 0.8421875 0.0390625 0.10000000000000009
0 0.6875 0.834375 0.0390625 0.10000000000000009
0 0.72109375 0.83984375 0.035937499999999956 0.09375
0 0.0328125 0.653125 0.040624999999999994 0.10468750000000004
0 0.08359375 0.65546875 0.04687499999999999 0.09999999999999998
0 0.1453125 0.66171875 0.05781250000000002 0.1015625
0 0.22109375 0.659375 0.06718750000000001 0.10624999999999996
0 0.309375 0.6625000000000001 0.07656249999999998 0.10312500000000002
0 0.39140625 0.66484375 0.08437499999999998 0.10781249999999998
0 0.48359375 0.6656250000000001 0.08750000000000002 0.10312500000000002
0 0.5921875000000001 0.6640625 0.08750000000000002 0.10312500000000002
0 0.68828125 0.653125 0.07968750000000002 0.11093750000000002
0 0.7703124999999998 0.6578125 0.07656249999999987 0.109375
0 0.02734375 0.54140625 0.034375 0.09843749999999996
0 0.075 0.54609375 0.048437499999999994 0.10156250000000006
0 0.134375 0.5484375 0.05625000000000001 0.10000000000000009
0 0.20859375 0.5515625 0.0703125 0.10312500000000002
0 0.29999999999999993 0.55546875 0.08124999999999999 0.11093750000000002
0 0.4007812499999999 0.55859375 0.08906249999999993 0.10468750000000004
0 0.5109375 0.56328125 0.08593750000000006 0.10468750000000004
0 0.6171875 0.5570312499999999 0.09062499999999996 0.10781249999999998
0 0.7140625 0.553125 0.08125000000000004 0.10624999999999996
0 0.79453125 0.5609375 0.06718749999999996 0.128125
0 0.021875 0.44999999999999996 0.025000000000000005 0.08906249999999999
0 0.049218750000000006 0.44765625 0.040625 0.08749999999999991
0 0.08828125 0.446875 0.04375 0.08906249999999999
0 0.13515625 0.44999999999999996 0.05312499999999999 0.09687499999999999
0 0.190625 0.446875 0.06562500000000002 0.10000000000000003
0 0.25546875 0.446875 0.07187499999999997 0.10000000000000003
0 0.32421875 0.44453125 0.07343749999999999 0.1015625
0 0.40234375 0.44921875 0.0859375 0.09531250000000002
0 0.48515625 0.44921875 0.08437499999999998 0.09531250000000002
0 0.565625 0.44609375 0.08281249999999996 0.1015625
0 0.64453125 0.4429687500000001 0.08281249999999996 0.09843750000000007
0 0.71953125 0.44375 0.07656249999999998 0.109375
0 0.790625 0.44453125 0.0703125 0.10468750000000004
0 0.030468749999999996 0.359375 0.034375 0.08437499999999998
0 0.0640625 0.3515625 0.043750000000000004 0.08749999999999997
0 0.10546875 0.3515625 0.04843750000000001 0.08749999999999997
0 0.15390624999999997 0.34921875 0.056249999999999994 0.0859375
0 0.21015625 0.346875 0.05937499999999998 0.08437499999999998
0 0.27265625 0.34375 0.0703125 0.09375
0 0.34609375 0.34375 0.07656250000000003 0.09375
0 0.421875 0.34140625 0.07968750000000002 0.1015625
0 0.5015625 0.33984375 0.08125000000000004 0.09531249999999997
0 0.57890625 0.3421875 0.078125 0.09375
0 0.653125 0.346875 0.07656249999999998 0.09375
0 0.7234375 0.35078124999999993 0.078125 0.09687499999999999
0 0.7867187499999999 0.35 0.06874999999999998 0.09843750000000001
0 0.0359375 0.27109375 0.04062500000000001 0.08593750000000003
0 0.0671875 0.26875 0.04374999999999999 0.078125
0 0.10624999999999998 0.26796875 0.04999999999999999 0.08593749999999997
0 0.153125 0.26328125 0.060937500000000006 0.08281250000000001
0 0.2078125 0.26328125 0.0640625 0.08281250000000001
0 0.26796875 0.2578125 0.06406249999999997 0.08749999999999997
0 0.334375 0.25703125 0.06875000000000003 0.08906250000000002
0 0.4078125000000001 0.25078125 0.07500000000000007 0.08906250000000004
0 0.48515624999999996 0.24999999999999997 0.07343749999999999 0.08749999999999997
0 0.5609375 0.25625 0.078125 0.08749999999999997
0 0.6359375 0.25546875 0.07187500000000002 0.10000000000000003
0 0.70390625 0.26328125 0.07656249999999998 0.09687499999999999
0 0.77265625 0.26484375 0.0703125 0.09218749999999998
0 0.022656250000000003 0.1796875 0.023437500000000003 0.09375
0 0.04609375 0.175 0.0390625 0.09375
0 0.0765625 0.17265625 0.0421875 0.0953125
0 0.11796875 0.17421875 0.048437499999999994 0.09531249999999997
0 0.16249999999999998 0.1703125 0.048437499999999994 0.09375
0 0.2140625 0.16875 0.060937500000000006 0.09687500000000002
0 0.27265625 0.16796875 0.06562500000000002 0.09062500000000001
0 0.3390625 0.16640625 0.06874999999999998 0.09062500000000001
0 0.4078125 0.1609375 0.07187499999999997 0.08281249999999998
0 0.48203125 0.1640625 0.07500000000000001 0.0859375
0 0.5546875 0.16640625 0.07343750000000004 0.09062500000000001
0 0.6929687500000001 0.1671875 0.07187500000000002 0.09374999999999999
0 0.7593749999999999 0.17265625 0.06093749999999998 0.0953125
0 0.62421875 0.16640625 0.07656249999999998 0.09062500000000001
