0 0.015497553017944535 0.9345955249569707 0.01468189233278956 0.09122203098106718
0 0.03588907014681892 0.9388984509466436 0.021207177814029362 0.09466437177280562
0 0.05301794453507342 0.9414802065404475 0.02283849918433932 0.0946643717728054
0 0.08319738988580751 0.9432013769363168 0.026101141924959215 0.09982788296041323
0 0.1035889070146819 0.9397590361445782 0.027732463295269155 0.09638554216867479
0 0.14274061990212072 0.944922547332186 0.030995106035889036 0.09638554216867479
0 0.16802610114192496 0.9423407917383821 0.029363784665579123 0.09638554216867468
0 0.21370309951060357 0.9414802065404475 0.03425774877650897 0.0946643717728054
0 0.2438825448613377 0.9414802065404475 0.03588907014681897 0.09294320137693612
0 0.30016313213703105 0.9449225473321858 0.03752039151712888 0.09294320137693635
0 0.3368678629690049 0.9423407917383821 0.04241435562805873 0.09122203098106707
0 0.399673735725938 0.9492254733218589 0.03915171288743874 0.09810671256454384
0 0.44045676998368677 0.9432013769363166 0.03915171288743885 0.09294320137693612
0 0.5048939641109298 0.9432013769363168 0.0440456769983687 0.08777969018932874
0 0.5464926590538336 0.9449225473321858 0.03752039151712894 0.08777969018932874
0 0.5970636215334422 0.944922547332186 0.04078303425774876 0.09810671256454384
0 0.6370309951060359 0.944922547332186 0.03752039151712894 0.09810671256454384
0 0.6753670473083198 0.9449225473321858 0.03588907014681886 0.09466437177280562
0 0.7112561174551387 0.9423407917383821 0.037520391517128715 0.09294320137693612
0 0.7455138662316476 0.9354561101549053 0.03262642740619903 0.09294320137693635
0 0.7797716150081566 0.9320137693631669 0.029363784665579207 0.09122203098106718
0 0.8091353996737358 0.923407917383821 0.029363784665579096 0.09294320137693635
0 0.8417618270799347 0.923407917383821 0.029363784665579096 0.09638554216867479
0 0.01957585644371941 0.8347676419965576 0.021207177814029365 0.10327022375215145
0 0.0367047308319739 0.8227194492254732 0.01957585644371941 0.09122203098106707
0 0.053833605220228384 0.8253012048192772 0.019575856443719418 0.10327022375215156
0 0.07096247960848287 0.8261617900172117 0.017944535073409457 0.10327022375215145
0 0.09053833605220228 0.8261617900172117 0.024469820554649274 0.10327022375215145
0 0.1133768352365416 0.8373493975903614 0.026101141924959215 0.10671256454388978
0 0.13784665579119088 0.8382099827882961 0.024469820554649274 0.09982788296041312
0 0.1737357259380098 0.8390705679862307 0.03425774877650897 0.10671256454388989
0 0.20391517128874387 0.8356282271944921 0.032626427406199004 0.10154905335628206
0 0.2495921696574225 0.8356282271944921 0.03588907014681891 0.10327022375215134
0 0.2846655791190865 0.8330464716006885 0.03752039151712888 0.10499139414802083
0 0.3433931484502447 0.8364888123924268 0.04078303425774876 0.099827882960413
0 0.3825448613376835 0.8296041308089501 0.04078303425774876 0.099827882960413
0 0.44779771615008157 0.8321858864027539 0.039151712887438794 0.10671256454389
0 0.4902120717781403 0.8321858864027538 0.039151712887438794 0.10327022375215156
0 0.5538336052202284 0.8321858864027539 0.04078303425774876 0.10671256454389
0 0.5970636215334422 0.8321858864027538 0.037520391517128826 0.10154905335628228
0 0.6353996737357259 0.8244406196213425 0.037520391517128826 0.10327022375215145
0 0.6745513866231647 0.8244406196213425 0.04078303425774876 0.11015490533562822
0 0.7161500815660685 0.8158347676419965 0.040783034257748874 0.11015490533562833
0 0.7512234910277324 0.8218588640275387 0.03752039151712894 0.10327022375215145
0 0.03262642740619902 0.6161790017211703 0.042414355628058724 0.11531841652323593
0 0.08564437194127243 0.6187607573149743 0.04893964110929853 0.11015490533562822
0 0.15008156606851553 0.6256454388984509 0.0603588907014682 0.11187607573149738
0 0.22920065252854813 0.6230636833046472 0.07014681892332791 0.11703958691910488
0 0.32137030995106036 0.6265060240963856 0.07993474714518756 0.11359724612736666
0 0.4070146818923328 0.6290877796901893 0.08809135399673734 0.11876075731497415
0 0.5032626427406199 0.629948364888124 0.09135399673735722 0.11359724612736666
0 0.6166394779771616 0.6282271944922548 0.09135399673735722 0.11359724612736677
0 0.7169657422512234 0.6161790017211703 0.0831973898858075 0.12220309810671248
0 0.8026101141924957 0.621342512908778 0.07993474714518756 0.12048192771084332
0 0.026916802610114192 0.49311531841652323 0.03588907014681893 0.10843373493975905
0 0.0766721044045677 0.49827882960413084 0.05057096247960849 0.11187607573149744
0 0.13866231647634583 0.5008605851979346 0.05872756933115823 0.11015490533562838
0 0.21615008156606852 0.5043029259896729 0.0734094616639478 0.11359724612736666
0 0.3115823817292006 0.5086058519793458 0.08482871125611746 0.1222030981067126
0 0.4168026101141924 0.5120481927710843 0.09298531810766714 0.11531841652323582
0 0.5318107667210441 0.5172117039586919 0.08972267536704737 0.11531841652323599
0 0.6427406199021206 0.510327022375215 0.09461663947797716 0.11876075731497415
0 0.7438825448613378 0.5060240963855422 0.08482871125611757 0.11703958691910488
0 0.8278955954323002 0.5146299483648882 0.07014681892332786 0.14113597246127363
0 0.021207177814029362 0.3924268502581756 0.02610114192495922 0.0981067125645439
0 0.049755301794453505 0.3898450946643717 0.04241435562805873 0.09638554216867457
0 0.0905383360522023 0.38898450946643714 0.045676998368678626 0.0981067125645439
0 0.13947797716150082 0.39242685025817553 0.055464926590538324 0.10671256454388978
0 0.19738988580750408 0.38898450946643726 0.06851549755301795 0.11015490533562833
0 0.26508972267536707 0.38898450946643726 0.07504078303425776 0.11015490533562833
0 0.33686786296900484 0.3864027538726334 0.07667210440456768 0.11187607573149738
0 0.4184339314845025 0.39156626506024095 0.08972267536704731 0.10499139414802067
0 0.5048939641109298 0.39156626506024095 0.08809135399673734 0.10499139414802067
0 0.5889070146818923 0.3881239242685026 0.08646003262642732 0.11187607573149744
0 0.6712887438825448 0.3846815834767643 0.08646003262642743 0.10843373493975911
0 0.7495921696574224 0.38554216867469876 0.07993474714518756 0.12048192771084332
0 0.8238172920065253 0.38640275387263334 0.0734094616639478 0.11531841652323588
0 0.030179445350734094 0.29259896729776247 0.03588907014681893 0.09294320137693635
0 0.06525285481239804 0.2839931153184165 0.04567699836867863 0.09638554216867468
0 0.10848287112561175 0.2839931153184165 0.050570962479608475 0.09638554216867468
0 0.1590538336052202 0.28141135972461273 0.05872756933115825 0.09466437177280551
0 0.21778140293637843 0.27882960413080893 0.06199021207177813 0.09294320137693635
0 0.2830342577487765 0.2753872633390706 0.0734094616639478 0.10327022375215145
0 0.3597063621533442 0.2753872633390706 0.07993474714518761 0.10327022375215145
0 0.43882544861337686 0.2728055077452668 0.0831973898858075 0.11187607573149741
0 0.5220228384991843 0.2710843373493976 0.0848287112561174 0.10499139414802061
0 0.6027732463295269 0.2736660929432014 0.08156606851549753 0.10327022375215145
0 0.6802610114192496 0.27882960413080893 0.07993474714518756 0.1032702237521515
0 0.7536704730831973 0.28313253012048184 0.08156606851549764 0.10671256454388986
0 0.8197389885807504 0.2822719449225473 0.07177814029363783 0.10843373493975902
0 0.03588907014681892 0.19535283993115315 0.04241435562805873 0.09466437177280548
0 0.06851549755301795 0.19277108433734938 0.04567699836867862 0.08605851979345952
0 0.10929853181076671 0.19191049913941477 0.05220228384991843 0.09466437177280548
0 0.15823817292006526 0.18674698795180722 0.0636215334420881 0.0912220309810671
0 0.21533442088091354 0.18674698795180722 0.06688417618270798 0.0912220309810671
0 0.2781402936378466 0.18072289156626503 0.06688417618270795 0.09638554216867465
0 0.3474714518760196 0.17986230636833045 0.07177814029363783 0.09810671256454384
0 0.42414355628058736 0.17297762478485373 0.0783034257748777 0.09810671256454395
0 0.5048939641109298 0.1721170395869191 0.07667210440456768 0.09638554216867465
0 0.5840130505709624 0.1790017211703958 0.08156606851549764 0.09638554216867465
0 0.6623164763458402 0.17814113597246134 0.07504078303425776 0.11015490533562827
0 0.7332789559543229 0.18674698795180728 0.07993474714518767 0.10671256454388983
0 0.8050570962479608 0.18846815834767638 0.0734094616639478 0.10154905335628225
0 0.02202283849918434 0.09466437177280551 0.024469820554649267 0.10327022375215146
0 0.0464926590538336 0.08950086058519793 0.040783034257748776 0.10327022375215145
0 0.07830342577487764 0.08691910499139414 0.044045676998368685 0.10499139414802064
0 0.12153344208809136 0.08864027538726335 0.050570962479608475 0.10499139414802061
0 0.16802610114192496 0.08433734939759037 0.05057096247960849 0.10327022375215147
0 0.22185970636215335 0.0826161790017212 0.0636215334420881 0.10671256454388986
0 0.2830342577487765 0.08175559380378658 0.06851549755301797 0.09982788296041308
0 0.3523654159869494 0.08003442340791739 0.07177814029363783 0.09982788296041308
0 0.4241435562805873 0.0740103270223752 0.07504078303425771 0.09122203098106711
0 0.50163132137031 0.0774526678141136 0.07830342577487764 0.09466437177280551
0 0.5774877650897227 0.08003442340791739 0.07667210440456773 0.09982788296041308
0 0.7218597063621535 0.08089500860585198 0.07504078303425776 0.10327022375215147
0 0.7911908646003263 0.08691910499139414 0.0636215334420881 0.10499139414802064
0 0.6500815660685155 0.08003442340791739 0.07993474714518756 0.09982788296041308
