0 0.2099003290818941 0.937221471915 0.02913333884901459 0.08704758648554378
0 0.23743903759521767 0.9405789789858336 0.03307284614921868 0.08801713236848985
0 0.26735658752390584 0.944603291234771 0.03429292874111056 0.08106982106292282
0 0.2978652574544876 0.9446880961835041 0.03611849274268708 0.08660783683607165
0 0.33060139844801256 0.942318374540662 0.039277667100471425 0.08753954013091259
0 0.3635267523820639 0.9438503176099189 0.03920198192426083 0.08597887424607287
0 0.4368780489695221 0.9402931143280218 0.040095842630996525 0.08835771566143769
0 0.4750008353837748 0.9360978286836033 0.040800490397205624 0.0868348923647031
0 0.5140931676809739 0.9357663651631782 0.04258821181067696 0.09159257519543285
0 0.5524808522119635 0.9370334101156981 0.043179331812570276 0.08772875307143924
0 0.5930581652177915 0.9350655955342232 0.03942903745289261 0.09066087190059169
0 0.6680079702781947 0.932213040018535 0.03771700121563193 0.08746385495470199
0 0.704168183746241 0.9359346115626301 0.038459491569946436 0.08672136460038782
0 0.7715795574991835 0.9389228125249333 0.03545168756458328 0.08891099307522565
0 0.803573208138394 0.9373712664126165 0.03626986309510816 0.08972916860575064
0 0.8341575632451861 0.9390167372461891 0.03217898544248288 0.08563829095312536
0 0.8575675515177792 0.9378814596030303 0.03229251320679882 0.08797928978038472
0 0.9068420546545404 0.9378383753796565 0.02831516331848949 0.08622941095501857
0 0.9257448968053499 0.924406983598308 0.02675449743364977 0.08615372577880787
0 0.947405006252577 0.919445726419261 0.02452702637070625 0.08838119684175183
0 0.9660573116944409 0.9169768384198945 0.022261712719657822 0.08982833496227527
0 0.9823307757209401 0.913841145242424 0.01980718612808252 0.08737380837070019
0 0.993588911693332 0.9107054520649538 0.012822176613336067 0.08596451283828166
0 0.9923244344692489 0.8052848196620744 0.01535113106150221 0.09209364861332392
0 0.9054835996200039 0.8291828834427822 0.026201220019861693 0.09079788084522167
0 0.8820357687593056 0.8295378281435212 0.030921060262485867 0.09180526931627297
0 0.9452805796834121 0.8272529114494126 0.023155573426393405 0.09220717637763998
0 0.9642591070104323 0.8153821855529035 0.022299555307763064 0.09060866790469502
0 0.9804190432726156 0.8099054935481738 0.019845028716187763 0.08815414131311972
0 0.7321740012266047 0.8360232721173171 0.03630770568321351 0.0905095015481705
0 0.47063457634387534 0.8299347059264095 0.044186720283621805 0.09244859331406274
0 0.20028443356589642 0.8195804105501415 0.02932255178954099 0.09094925119764263
0 0.22927028019974394 0.820521233617505 0.0338531790916381 0.08805497495659509
0 0.29295484077332234 0.8111754778535131 0.044815682873620366 0.08936510413248899
0 0.9055786754824844 0.42792601927880886 0.04968689346866517 0.09349382437321963
0 0.8730864660646217 0.2417813907412232 0.054997853713182776 0.09063739072027771
0 0.770862850607632 0.24673876978301618 0.06833919891052931 0.09284138060290714
0 0.9274931997759112 0.33143875230801734 0.04871734758571944 0.08955431707301559
0 0.695975945170453 0.8315213676308022 0.04036074074773355 0.09382004625837603
0 0.9480362711250248 0.23892883522553515 0.04849029205708755 0.08487231941849693
0 0.8262664895194356 0.24405194602754055 0.06291471090169631 0.09335681542858987
0 0.5306951558750785 0.24587111725262387 0.08421075587566185 0.09906056296195126
0 0.836042875160377 0.33274500334665713 0.058975203601492 0.09238726954564364
0 0.7076180396835255 0.2490236864771249 0.07480891797851918 0.09782611896226806
0 0.2786685820145681 0.4520709539879985 0.0814678499870356 0.10671252203372783
0 0.35127738824771176 0.4493319262366264 0.08377100622618949 0.1060457168556238
0 0.6721077553465524 0.43611962135261145 0.08120295187029847 0.10125019143678937
0 0.6669834934033225 0.653028698164993 0.07935390668840803 0.1112809919239306
0 0.5723049143870769 0.8296971671272405 0.04515626616656798 0.09638810061426728
0 0.26936978861120414 0.35709739054141854 0.07644526903956925 0.09946247002331815
0 0.7148263709685759 0.3331482739060387 0.07551356574472834 0.09630329566553375
0 0.2053068021565726 0.3586398168812128 0.0727706598561022 0.10395525473731032
0 0.9128834461280299 0.23985141874785343 0.047823486878983745 0.08717547565765094
0 0.9620170621829074 0.33367534314348335 0.04072480522099531 0.08527422647986388
0 0.946118145900207 0.42517787175491406 0.04411103510741121 0.0908879274292233
0 0.4150649933150691 0.3453388289112108 0.0817940718721919 0.09738636931279593
0 0.3387058927222476 0.3513884013727885 0.07945307304493254 0.09727284154848004
0 0.6475663675680547 0.3332814047134146 0.07949091563303778 0.09805317449089979
0 0.8559127485548936 0.5327986159031688 0.06344450713517036 0.10428147662246656
0 0.8587586989372983 0.4301965745651263 0.05838408359959879 0.09625109166963725
0 0.9643895108217787 0.6245268365452163 0.04854249605298411 0.10200180156362648
0 0.4370173601966011 0.24963189488283893 0.08432428363997757 0.10140156178921067
0 0.47415508817889185 0.5638268111534772 0.09246819635712278 0.10880298415204148
0 0.7651919163838974 0.6459195332364673 0.07611904715441298 0.10878862274425016
0 0.37140167648842803 0.5578595290013935 0.09109674341280982 0.11262896368792974
0 0.48756027178389705 0.3402588023325792 0.08569573658429075 0.09757558225332236
0 0.6860650652241211 0.5465106307070604 0.08083888739703693 0.10979601121530141
0 0.6314458497487815 0.936332640486743 0.03935335227668202 0.08910020601575197
0 0.7447922467559068 0.4349412594860789 0.07410427021231003 0.09934894225900237
0 0.590324166744898 0.44321442487334595 0.08439996881618828 0.10296222767405006
0 0.35858215889325745 0.2612573257056709 0.0836196358737683 0.10292438508594484
0 0.4557024789480917 0.6671857042536254 0.09328637188764771 0.10962115968256647
0 0.6300623376791262 0.2465274391601905 0.08175622928408655 0.09660603637037612
0 0.21690214666580715 0.2751676732226116 0.07321040950557445 0.09697010084363772
0 0.4338454002858303 0.8293723087400988 0.04745942240572204 0.09572129543616326
0 0.2734816328049042 0.5547865230903568 0.08711939352450035 0.1108790848625637
0 0.8853173782971383 0.3327019191232832 0.055816029243707765 0.0914555662508027
0 0.806362864030858 0.4303910291409214 0.06403562713706368 0.10041765449847312
0 0.5824699968228184 0.5554453596371628 0.09347558482817453 0.11352282439466527
0 0.5687527403836581 0.33710350611204887 0.08339258034513675 0.09824238743142627
0 0.43106056131505466 0.4493736469619856 0.08693018058397395 0.10697742015046485
0 0.6585199639343042 0.8333378118598561 0.0450805809903575 0.09482743472942734
0 0.7841978030284855 0.537840799893695 0.0744070109171524 0.10559160579836036
0 0.7806013936604683 0.334651494159713 0.06845272667484525 0.09518237943016639
0 0.2785106065288635 0.2713977758198739 0.07633174127525355 0.09712147119605885
0 0.8516953452281759 0.6393780071295208 0.06902036549642443 0.10688737356646294
0 0.7640541241014995 0.832130727177741 0.036421233447529455 0.09285050037542986
0 0.9750323978518878 0.8117310575497503 0.02526951672502087 0.0876387064874371
0 0.20743122872573744 0.45083263185106137 0.08114162810187941 0.11603867475465979
0 0.5300534077320935 0.8293996680576667 0.04430024804793775 0.09478959214132221
0 0.796865950271235 0.8313216714197385 0.03411807720837556 0.09351730555353366
0 0.34990342066415947 0.6629304583388025 0.08723292128881632 0.11322008368982295
0 0.19558534750755702 0.5452672792916446 0.0803234525713542 0.11522049922413474
0 0.5634641101782303 0.663524092979935 0.09418023259438368 0.11200000109793096
0 0.9647809346126083 0.5196973241442305 0.04597444169709308 0.0972062761447921
0 0.9173698380655289 0.5259073867307521 0.05389129888560662 0.09992570085310426
0 0.8288596009104454 0.8297701253074217 0.03415591979648047 0.09429763849595352
0 0.6186472986946855 0.8337071179683865 0.04207277698499423 0.09701706320426573
0 0.26435517629503613 0.656910972190822 0.08571009799208196 0.11392473145603221
0 0.9241737476499731 0.8274943283858356 0.027019395550387015 0.09161605637574644
0 0.8547241157746137 0.8308623187272064 0.030958902850590886 0.09258560225869272
0 0.3782381870257091 0.8117326334045551 0.045898756520882544 0.09564561025995244
0 0.9123342592082859 0.6317442876027897 0.05392914147371197 0.10070603379552401
0 0.19500471077620107 0.6461951269805317 0.07727780597788578 0.1166297947565531
0 0.7393588513313412 0.9357923609827314 0.03533815980026733 0.08656999424796619
0 0.4010584187944233 0.9435945392657048 0.04013368521910171 0.0891380486038571
0 0.8809775397903721 0.9367461819598715 0.030027199555750173 0.08942642790090838
0 0.34285830650008237 0.8079732192723549 0.043595600281728486 0.09631241543805635
0 0.5153365190963897 0.4452866474466143 0.08599847728913301 0.10381824579268045
