0 0.9208415748080719 0.9237284641086487 0.03043288345178108 0.08986907195831861
0 0.9117904980291347 0.9859637114127267 0.02253174342460129 0.028072577174546587
0 0.17393747099417078 0.620493976892562 0.08121923096928452 0.11126389768687495
0 0.8473463002712982 0.9801635836077016 0.035837830286738814 0.039672832784596435
0 0.833471299853118 0.9110546916860145 0.03851120707362998 0.09337538107966459
0 0.38066038250241874 0.5408945269706839 0.10082139026201031 0.12106888304995156
0 0.2829561752115234 0.5234663488305926 0.09523925983238324 0.12397763669268708
0 0.20164399202017025 0.5125166343380436 0.07617385894594994 0.12254714887962215
0 0.2939137011374999 0.4113269484149422 0.09072283478191354 0.11423605221307126
0 0.2263783585199735 0.41356693426217955 0.07789531306489283 0.11904344356941865
0 0.23632056089454123 0.32340429218684097 0.07468778168285195 0.11779534697330768
0 0.5436008438863872 0.252977513188536 0.08887718270719219 0.0973680667795547
0 0.6191511092423019 0.26541070113304066 0.08941133730234208 0.09594278658877473
0 0.693334287668612 0.2815855750547359 0.08810504744505532 0.0972490764460612
0 0.7608062294026778 0.2951452654507156 0.08079885908534346 0.09386175765820884
0 0.823111204968773 0.3063277529879668 0.07575088325086632 0.09534523111016441
0 0.9989041686434048 0.34563713343515856 0.0021916627131904898 0.08487928938501699
0 0.9845158752284596 0.34379148136043736 0.03096824954308075 0.08470731341263299
0 0.9837858556526231 0.24578589251909425 0.03242828869475378 0.0851832747466072
0 0.9497648222594939 0.23336051600801716 0.05935625534018163 0.08678834234319888
0 0.8947078417919352 0.21618073377948302 0.06790793648486226 0.08358341477230052
0 0.7671865332058665 0.1973194640151842 0.0832924484664227 0.09047704268149881
0 0.7003651325893014 0.1949266382896006 0.0907176271596285 0.09463649673148813
0 0.33811210050249735 0.15016804621802843 0.08127482041931755 0.09695029870675598
0 0.274553820718006 0.1625065875453625 0.07284212960813066 0.1009273615397912
0 0.31312842867509655 0.0609469115660681 0.07438119251011932 0.08156578672519516
0 0.3886812978421539 0.06310436043580703 0.07782410074800472 0.07455837610478833
0 0.47201371289175453 0.07120351454679591 0.08014050653441501 0.07491534710526901
0 0.5628294998957367 0.08203684251699392 0.08037848720140217 0.07645961762954259
0 0.6516250550414708 0.09572073086875219 0.08180376739218242 0.0759254630343929
0 0.7400636391867244 0.1117210250069208 0.07627983022373108 0.07432039543780128
0 0.5058827270010127 0.9571621921322169 0.051576709457637815 0.08567561573556592
0 0.44731943741210795 0.9495651137805826 0.04884253559842866 0.08215292695923537
0 0.4075253747814741 0.9410612106525075 0.05086276745667656 0.08547944867476942
0 0.8915959908800839 0.9840598660768298 0.032035347237230116 0.03188026784634024
0 0.8134565801098788 0.9024370058467308 0.036966936549356344 0.09313740041267737
0 0.765796136412958 0.9751931333732035 0.04278704764597019 0.049613733253593084
0 0.7907424454683233 0.9765773724292444 0.041123786788203054 0.046845255141510944
0 0.72214139747164 0.9698715707132952 0.043263008979944395 0.060256858573409566
0 0.8171581750669127 0.12439219361841258 0.08103683975233045 0.09540602818248245
0 0.9117990944416241 0.5104988818539595 0.0594778494848176 0.09736025534612713
0 0.4793599922716233 0.8493699209197503 0.05466785431732757 0.10038799932235642
0 0.4059436170481864 0.15113559175283187 0.08685695084894424 0.0940415450640204
0 0.3644159906589375 0.4206107982385816 0.09446452075910416 0.11405886861840214
0 0.9533406493026257 0.4204630415455419 0.056804472697926656 0.09468687855923608
0 0.4821644690316801 0.5644415939466941 0.10468206657269419 0.12166383471741926
0 0.6815256027301829 0.4710600958287042 0.09143417297173229 0.10906908604510057
0 0.8627046497044553 0.4033336411447559 0.06862448229696583 0.09801600408591299
0 0.37014314953348304 0.32189387120741986 0.0905430473761018 0.1081779604494702
0 0.7438566164077032 0.37948519261829783 0.08596842906445656 0.10295019720918153
0 0.6213111619231833 0.17958209289121776 0.08899617304068574 0.09814020204169155
0 0.37743813766956313 0.8336631968986017 0.05341975772121638 0.09718046794031554
0 0.8740113351974851 0.31970505216699224 0.07046492674940219 0.09528443403784637
0 0.9808814624346213 0.4295592925299422 0.03823707513075747 0.0891021443184668
0 0.4467035308185216 0.3329017789611445 0.09285945316251232 0.10853493144995086
0 0.9512969831440954 0.5157952535999938 0.05383492198287276 0.09498305248739869
0 0.753216101191454 0.713716393656902 0.08270530823238265 0.11601569959318947
0 0.9197444992582264 0.3307051484872893 0.06802953062949824 0.09415532777522884
0 0.8149860127463591 0.4924175587852251 0.07676360299113283 0.10680826970872315
0 0.9595385618888603 0.3392090516153644 0.06612828910474378 0.09160094132183144
0 0.39363904970268326 0.6567226277246341 0.10058340959502315 0.11952461252567781
0 0.5227297575084104 0.3422464258571019 0.09761125506882684 0.11002100871304898
0 0.5758769000387256 0.864243712606444 0.051103351934806085 0.09682349693983472
0 0.5887799322788791 0.5753383228003526 0.10301880571492705 0.12065371878829534
0 0.8654709787134148 0.5033594618443467 0.06844729870229682 0.10175769006310353
0 0.66246111125979 0.6973591285182525 0.09630756902268278 0.12112707631112707
0 0.4433509709915622 0.43672747889910135 0.09933531299891213 0.11631708114363709
0 0.6754935490780071 0.36657864715096156 0.0916113565664014 0.10532740006791008
0 0.30064237952868 0.8139238205943851 0.05442987365034058 0.0988437287980829
0 0.7021501120286833 0.8860745330857965 0.045936385766835564 0.09753483512965366
0 0.30958318682359165 0.9251773030366899 0.05104255486248821 0.09153754043837081
0 0.8830858462767048 0.13771390334740516 0.07812548229845262 0.0911883808713177
0 0.5983990131978187 0.3539074785394697 0.09327461742416865 0.10633751599703395
0 0.6006285838004861 0.46254577745605907 0.0963049652115403 0.11132729857033552
0 0.7528582207749329 0.4852147378921515 0.0842469749455137 0.10645390251938491
0 0.3926166996969088 0.23761474111215555 0.08911776718532183 0.10871211504461992
0 0.9612505101792734 0.6153477167767529 0.05437168038916507 0.1033575500374101
0 0.6915347192153941 0.5856400999865434 0.0928620569736549 0.1183347091907424
0 0.4772676386804471 0.6680293132176639 0.09262407630666786 0.11679043866646865
0 0.3116155283215116 0.6401299857301403 0.09452531783142204 0.11934482511986644
0 0.5149972046634105 0.8540713409983167 0.05157931326878029 0.099912037988382
0 0.7793809555043223 0.5952253313606304 0.0836546270891887 0.11239300394949248
0 0.5556102711567463 0.677730931114102 0.09957329366589907 0.11786135166791079
0 0.6397001080176693 0.9662226096041631 0.04884513940957125 0.06755478079167399
0 0.3012433237974945 0.317599803957082 0.08870260292366572 0.11090953049753671
0 0.47846613842787167 0.15756888119491108 0.08774807644457455 0.09493267065965072
0 0.9109922002185943 0.4131464379412599 0.06452582531929463 0.09587678189417159
0 0.9146844137840773 0.6097525672914135 0.05989561755761652 0.10496261763400183
0 0.32704339567645474 0.23225236467151833 0.08466213920716992 0.10425648706646806
0 0.8757641594871164 0.9033437543092162 0.03476952109643949 0.09355256467433382
0 0.41218422446572006 0.8390177619058111 0.05401470938868436 0.1010411442509993
0 0.8081210267597283 0.3933410569424401 0.07723696051396445 0.10009703301647888
0 0.7477060924947555 0.8930949627619161 0.043263008979944395 0.09486145834276294
0 0.7784725126467348 0.8986267113637948 0.040708622526546945 0.09296021681800837
0 0.3473570175959777 0.9365317665463251 0.04848816840909054 0.08963629891361646
0 0.8562983077898416 0.6039168333279447 0.07248776241879262 0.1084107334941724
0 0.5470089931633796 0.16417935423165936 0.08875819237369864 0.09659593151741787
0 0.33901116196853387 0.8214176077933362 0.05288560312606694 0.0986057481310958
0 0.8942954057784 0.9061995223130614 0.03441255009595867 0.09123615888792347
0 0.6697204310189369 0.8810769390790675 0.0474806562911092 0.09777281579664066
0 0.2662854188827543 0.9137620424547369 0.05098436160131267 0.09605136167769834
0 0.5210986518003936 0.45028977310622337 0.1021858733804723 0.1152487719533376
0 0.6125824216208122 0.8722716544005448 0.048905936481889234 0.09723866120149105
0 0.9753027830136881 0.15817242927486816 0.049394433972623775 0.09504645337085921
0 0.5471020698224267 0.9618154105954024 0.049379294004720964 0.07636917880919503
0 0.997871889210325 0.17362554976217454 0.004256221579350017 0.0900540669864153
0 0.8292423278813429 0.7230610405528592 0.07569529380083329 0.10965883009028332
0 0.6926812671769473 0.9692588159666055 0.04474648243190005 0.061482368066789084
0 0.9101532752827926 0.9110147251028364 0.03298726990517853 0.09177031348307285
0 0.9427488152265977 0.7302768805016453 0.05086797507896157 0.10507900415635296
0 0.2608483168980461 0.8054199174663098 0.05312358379305393 0.10015001865536921
0 0.8571139228623392 0.9012601215675079 0.036194801287219636 0.09301841007918399
0 0.824835387335837 0.9787647962363668 0.03738210081101245 0.042470407527266496
0 0.2590902849861296 0.24233269347361744 0.08585204254210543 0.11197783968783631
0 0.6035287410307324 0.9632333029515305 0.04872614907607775 0.07353339409693904
0 0.23428301177433625 0.6290030876429221 0.09078363185423155 0.11952200871453544
0 0.8924992261153865 0.728066445993016 0.06369810060712489 0.11007139054079695
0 0.2274667132203514 0.8065994055566754 0.05098436160131259 0.09605136167769823
0 0.8766874402324973 0.9830629965574285 0.033936588761984576 0.03387400688514308
0 0.23362036101716321 0.9000329798975154 0.04902492681538284 0.09801079646362809
0 0.9400466720801604 0.14253952138175016 0.062381395505268 0.07217856943491736
0 0.8357293879413743 0.20392993705193244 0.0738470379149695 0.0829910669159753
0 0.4684049457198106 0.24850365853238657 0.09018607637562132 0.10586155466305974
