0 0.7804843939750882 0.5052768889262544 0.0931929554573383 0.12509419517770015
0 0.7044503536185986 0.4771831302353951 0.09620719378208697 0.11215781364226796
0 0.6966681326182917 0.9752674975419114 0.04338408848154651 0.04946500491617711
0 0.42551142908676554 0.9437948785301087 0.05286635782019683 0.08604364712937285
0 0.38892455813098004 0.9399012119689225 0.05233838137070518 0.08296357150225242
0 0.012856761494431102 0.5671952274419412 0.025713522988862203 0.10305021988853724
0 0.0176137963509983 0.46720281790543805 0.0352275927019966 0.09955221615684079
0 0.03563406866140026 0.3744265125221593 0.039709879594933384 0.09649408629717743
0 0.009800468803635165 0.8687560658922963 0.01960093760727033 0.08762789598547704
0 0.05396633368161735 0.8824837730867077 0.04147001409832496 0.08932187367886757
0 0.6136711130739343 0.026459998590039585 0.0684655258934318 0.024441815079332463
0 0.678242652898551 0.033565415383090186 0.06657339727766742 0.030844008790862187
0 0.7367640898138419 0.04359696792343115 0.06349332165054677 0.03031603234137059
0 0.7929754700087923 0.053232538126653406 0.06041324602342624 0.02978805589187894
0 0.8029482144146016 0.6193052049244585 0.0773965949846166 0.12014425620990155
0 0.8148470742345878 0.32331038446885185 0.07559256894631061 0.11834023017159545
0 0.22741266798457074 0.3977888313969058 0.08415087949835048 0.11158594565786178
0 0.09437432423600609 0.2814517367088776 0.05753036279579231 0.0958118504602265
0 0.6167782465905779 0.4661178900711573 0.10355529204768432 0.12014393670227241
0 0.31196080785055635 0.4178303102177595 0.09763718325073173 0.1161399022885416
0 0.40984578469590044 0.831724528450041 0.0570462778812153 0.10170801348972192
0 0.06542276356853738 0.37636221316520924 0.056122319094604856 0.09631788114226086
0 0.15694496513045894 0.38808742389131157 0.07425068205512425 0.10615192177548599
0 0.20155993363538902 0.21104891263425035 0.07150075146275053 0.094469644061411
0 0.18666654470470773 0.2933089415473529 0.07062068421105475 0.09805575037056588
0 0.24584603513608863 0.13303464108453822 0.07920094053055199 0.09578958518514014
0 0.1068937361897496 0.37950780658707256 0.06281044679833775 0.10045390966836465
0 0.30694343404224045 0.3083778966176925 0.08822107072208246 0.10480971537667061
0 0.38550634977838516 0.23386130929204782 0.08936512619852405 0.10276364688107603
0 0.6796325849238303 0.3722630470061798 0.09196111691106756 0.10918778636006299
0 0.31785473432664807 0.2262279160495056 0.08384299973869014 0.10106966918768545
0 0.5162798063720404 0.45126871218301967 0.10445730506683737 0.12104594972142552
0 0.5254818928558115 0.9573931084452966 0.05495631785070598 0.08521378310940686
0 0.5276968178308533 0.34304813712922355 0.10146533201717506 0.11231175352209816
0 0.6035327072649689 0.35842561097448183 0.09517318665056096 0.11048578171633483
0 0.37376494442214925 0.8295028938147879 0.05423019047884048 0.10272007485379042
0 0.08178907497989066 0.1976519894898439 0.05453838974613005 0.08707765426089914
0 0.05983352177581516 0.27949409029837036 0.05057824686731366 0.09013578412056236
0 0.43326850924332405 0.1540649574714869 0.09165323715140711 0.09867150988988682
0 0.4345270861714886 0.5490178608244416 0.10265327902853127 0.11924192368311931
0 0.41206326573197516 0.4349895448262375 0.10381928027243004 0.1216839745158328
0 0.1369893523336598 0.28717137507582724 0.06740861447156127 0.09675775501429412
0 0.3124054743370262 0.8221554345644488 0.053438225804603 0.09809996141310962
0 0.5840033297711023 0.96254087882784 0.051876242223585445 0.07491824234431999
0 0.36396680763311107 0.14218548735792522 0.08588906823428472 0.09992561371124392
0 0.11938704877685749 0.12166184066826904 0.05722248303613181 0.08529557399005022
0 0.375871099082792 0.31781531589854084 0.09310517238750904 0.1071417178644683
0 0.7547194426957355 0.2995285399513839 0.09244520182564464 0.10329162333056754
0 0.4600881353911435 0.24268264954594623 0.09411723375157777 0.10432563046209359
0 0.15469882866671578 0.20697936042577664 0.06738666870410398 0.09226963568598623
0 0.1866284043071169 0.8021804320612252 0.04895010647629508 0.09807801564565222
0 0.6513658161543452 0.7082549590794394 0.09779112313056193 0.12139804052362957
0 0.45300498387317933 0.3302447082290515 0.09631724212700266 0.10843971322074009
0 0.2102095418411782 0.507395504384432 0.0830068240219089 0.11363201415345625
0 0.5028122533108256 0.1691564973245421 0.0922912619458145 0.0980334850954795
0 0.3022113552108694 0.1371480848279265 0.08010295354970498 0.09669159820429307
0 0.47813542494204464 0.8402599347117365 0.057684302675622634 0.1010699886953147
0 0.48842968767661515 0.669227954336715 0.09611909120462869 0.12036403339210378
0 0.6066337701366593 0.27097360063629217 0.09323716649988201 0.10791173677124849
0 0.25319988453900977 0.626527699230265 0.08672492444343671 0.11352196580854068
0 0.7427521895123447 0.38783867177381204 0.08901303539631988 0.10942982881735147
0 0.2414698811984709 0.30191050461904917 0.0802568934295351 0.10194973643938121
0 0.33110378823617725 0.6390890856731485 0.08852895048174286 0.11532599184684678
0 0.6826016536831478 0.2855810555747703 0.09209311102344042 0.1099578052668431
0 0.595068250427711 0.8563409511461448 0.05845432158240271 0.10120198280768766
0 0.11516387619618262 0.20178769850831865 0.06468062964664478 0.08956359662852703
0 0.6483458266922727 0.19410338456302162 0.0915212430390342 0.0979014909831066
0 0.2326107200546108 0.9131064071572224 0.05007221618527943 0.09154382782174986
0 0.049429530203958266 0.4742866084386604 0.059356334601555705 0.10210399582684049
0 0.512148250952744 0.845297656749364 0.05871830980714854 0.10274202062124782
0 0.27847723631986526 0.5206830181991812 0.08943096350089597 0.11622800486599988
0 0.01704901234660189 0.7641435429151123 0.03409802469320378 0.09378804723971812
0 0.1404272699003083 0.7942607853188507 0.04714608043798897 0.09627398960734612
0 0.2579252537101697 0.21516235637763864 0.07726492037987293 0.09321554024005374
0 0.13925775407248933 0.49126995739985085 0.0769567211125834 0.1088579608329453
0 0.29227621244634333 0.9257120046426496 0.054054304831553046 0.09297381729039444
0 0.5329759433105113 0.25676212803493276 0.09605325390225672 0.10689967540717982
0 0.5741819691840905 0.17821988003572897 0.09202727372106856 0.09649344728191919
0 0.007132275700875379 0.7608436901057896 0.014264551401750758 0.09134599640700503
0 0.09409062679720664 0.48194226695628906 0.06397644804223657 0.10289596050107802
0 0.8043979130972998 0.41663661206907954 0.08250079333987459 0.11504005785464372
0 0.11538844599282128 0.5981486455624607 0.061050312294946285 0.10762612228667445
0 0.6006972301561696 0.5830507155568235 0.09996918573852942 0.12102400395396828
0 0.07497566282399606 0.7830412857671536 0.03918190314544173 0.09341401067005695
0 0.14958067223472812 0.8980810241141682 0.047894153577311915 0.09191786439141114
0 0.572581845205482 0.6915794898779093 0.09856114203734201 0.12153003463600254
0 0.5591632958012475 0.8438450824980038 0.057684302675622634 0.10106998869531458
0 0.6685734154045452 0.970378069188435 0.051744248111212476 0.05924386162312989
0 0.35662318247432123 0.5364564743815581 0.08685691855580968 0.11429198471532076
0 0.7123674442999404 0.2090409845362465 0.08472306699038579 0.0974835628785306
0 0.7454388388633794 0.612617716235984 0.08775893157496273 0.11519399773447392
0 0.517667182336287 0.5680253325137694 0.10302731559819273 0.11706386107515188
0 0.6262210975011209 0.868814874026828 0.05293219512256864 0.0995080051142968
0 0.32655302668178837 0.9292096888667172 0.05533035442036749 0.09169776770158
0 0.19936791295069167 0.9082006792319675 0.04917020316612633 0.0906418148025967
0 0.21819917948510287 0.8075921906685144 0.05062213840222829 0.09911202277717834
0 0.10949451951672962 0.7897510397307146 0.043670022473749626 0.09343595643751401
0 0.18365614047150824 0.6114361593772097 0.08300682402190895 0.11363201415345625
0 0.48849903956290713 0.9574373194878403 0.05288830358765406 0.08512536102431945
0 0.40900769193334463 0.6516504721160319 0.09636113366191718 0.11741595187735598
0 0.15507190671348994 0.1261935320238625 0.06672669814223937 0.08841954115208545
0 0.27518057858683354 0.8173597549841096 0.0520301821034157 0.09860599209514376
0 0.19434287095927727 0.13292523175488077 0.06428464730952599 0.08725353990818657
0 0.780354955923748 0.7279879191253745 0.08584485719174118 0.11710807211769558
0 0.03623043847429663 0.5790311255282173 0.05871830980714843 0.10274202062124771
0 0.03407655818719013 0.7673114016120621 0.0384118842386616 0.09328201655768398
0 0.11952798910284523 0.8976853612846787 0.04481407795019121 0.09138988794191971
0 0.6612459848758888 0.8771966599163221 0.05266820689782281 0.09796796730073665
0 0.619292205370616 0.9656757389966966 0.04983017372799081 0.06864852200660676
0 0.021647485364308605 0.872187912813992 0.03761991956442412 0.08866190311700317
0 0.7709989295601469 0.2230546257228611 0.08793513672987918 0.09878155823480228
0 0.7255516194299849 0.7193863560536782 0.09187301433360917 0.1173940061098987
0 0.0810489895312953 0.8863335481129794 0.04290000356696953 0.09330396232514127
0 0.07805350189771293 0.5893708773358479 0.062832392565795 0.1049420289966726
0 0.002523774159181341 0.8642021092616163 0.005047548318362682 0.08773794433039284
0 0.6739590746451988 0.5995722448785233 0.09341305214716944 0.11765799433464452
0 0.08484624631666657 0.1197041942577618 0.047850262042397215 0.08294162573479524
