0 0.10510159849631551 0.012021265162202699 0.08764665563812057 0.017950417627506488
0 0.10059835239304438 0.033155117623263175 0.0940600402446814 0.03675424454706533
0 0.10155001284078208 0.05267880632486904 0.09093515923517381 0.03672697411580761
0 0.09249579737953861 0.08947796948035236 0.09096242966643153 0.03985185512531496
0 0.09192592296940938 0.11370261491184794 0.09096242966643153 0.03985185512531492
0 0.08762038749275669 0.15749185469183594 0.08786481908818256 0.04294946570356434
0 0.08474775797238349 0.18642427446103568 0.08787845430381125 0.044511906208318075
0 0.07505549202286643 0.2396358805242465 0.08787845430381114 0.04451190620831799
0 0.0737998438697624 0.27480442709683195 0.08793299516632669 0.05076166822733244
0 0.060249199913062434 0.33351866296575255 0.09260668146495843 0.04924013336946553
0 0.061378118163975315 0.37335407822915545 0.0894681652398226 0.04765042243345419
0 0.05487890930210987 0.4343506163848765 0.08480811415681921 0.05073439779607475
0 0.04818880742144033 0.4734729874740472 0.08321840322080776 0.04759588157093869
0 0.044723149035888365 0.5211615109081048 0.08944629807177673 0.050775303442961495
0 0.042682164654198995 0.558680535845635 0.08478084372556138 0.04760951678656755
0 0.0398777112119702 0.5954251581386029 0.07851744649091807 0.045992535419298486
0 0.039403283311242876 0.6305868871033738 0.07694137077053553 0.04441645969891583
0 0.04047084309182564 0.6633913200953856 0.07847654084403166 0.04130521390503761
0 0.03997596236765544 0.6962093883030258 0.0768868299080201 0.03816669767990144
0 0.042578692221734105 0.7258753050699014 0.0815741514222813 0.038207603326788075
0 0.04207017628193477 0.7571309327727884 0.08003898134878518 0.04131884912066652
0 0.2152332012580025 0.008716321703237079 0.08291842847697306 0.01322219046635903
0 0.20983965317732367 0.017357467734083004 0.09556793988691936 0.030518117743679685
0 0.20685112432410507 0.03300914321287701 0.09555430467129045 0.028955677238926114
0 0.20545230640689793 0.05177206448554933 0.09560884553380578 0.03520543925794062
0 0.1923556375274818 0.07298091063256859 0.09874736175894216 0.03679515019395191
0 0.1894284671445931 0.09566356838275386 0.09248396452429886 0.0351781688266829
0 0.1842599001217906 0.1300849827420346 0.10036434312621134 0.04305854742859533
0 0.1845121516109247 0.15899013207997661 0.09411458110719664 0.04300400656607989
0 0.17942539588189516 0.20278618946777913 0.09726673254796181 0.04615615800684486
0 0.17815611251316227 0.2363922955356108 0.09884280826834424 0.04773223372722735
0 0.16848429938708848 0.29194756235595204 0.09416912196971217 0.04925376858509434
0 0.17037398506693496 0.3294324992544101 0.09575883290572362 0.05239228481023045
0 0.16075671280337672 0.39123752809376583 0.10041888398872689 0.04930830944760978
0 0.15642390689546642 0.43190188686424663 0.09729400297921942 0.04928103901635217
0 0.14913666017340965 0.4921240223754055 0.10200859492473802 0.052446825672746056
0 0.1448106718733138 0.5335696013982631 0.09415548675408336 0.04769132808034071
0 0.14748157780553706 0.5710477206889067 0.09729400297921953 0.04928103901635206
0 0.14311468385855464 0.6078059781975034 0.10513347593424527 0.052474096104003665
0 0.14659408047441236 0.6484021608898398 0.10513347593424527 0.052474096104003554
0 0.13750577697409694 0.6812952227834391 0.0972803677635905 0.04771859851159843
0 0.40051875322759556 0.022724953698752465 0.10975262137036185 0.044702799227122114
0 0.39232756931250223 0.06889194227494311 0.10520165201238968 0.060286298627771795
0 0.379571780823808 0.12916180104080294 0.10842197953129895 0.0712506525923049
0 0.3732021065104165 0.20500152399168353 0.11475355284408661 0.0806798364833421
0 0.3598968964350361 0.2918396889461694 0.11171048312835263 0.09002720908060607
0 0.34888762386208516 0.3731888593105742 0.11802842122551155 0.09789395246688964
0 0.3371857599383449 0.46470071056369205 0.11336837014250833 0.10097792782951032
0 0.32641510363889903 0.5733925897612853 0.11336837014250833 0.10097792782951032
0 0.32647244914769763 0.6694894984114476 0.12111239658813211 0.09323390138388654
0 0.31233829556523945 0.7508659392071102 0.11794660993173822 0.08851930943836794
0 0.5122673373565516 0.02565613704317249 0.10196768927785155 0.04775950415848507
0 0.5025205305445192 0.0726179810873688 0.10677772773277217 0.0618623743481543
0 0.4928759878497031 0.1312981289172173 0.10684590381091663 0.06967457687192241
0 0.4817985391986078 0.20483509675785405 0.1116559422658372 0.08377744706159163
0 0.4677393793021083 0.2948049603296616 0.12112603180376119 0.09479634188864017
0 0.4529876280548195 0.394937504790182 0.11493081064726196 0.10099156304513912
0 0.4359672097363592 0.5036839248502909 0.11490354021600424 0.09786668203563209
0 0.4298634221277309 0.6099912376438671 0.11964540259278073 0.10415734970153312
0 0.42289660297295273 0.706930725016736 0.11643871028950015 0.09475543624175353
0 0.4063983358099206 0.7859839578787114 0.13666862555752401 0.08555805101640712
0 0.6037178301393396 0.0303270186955214 0.09093515923517415 0.03672697411580761
0 0.603175226160468 0.05767654513652423 0.09263395189621648 0.05236501437897273
0 0.5996100052893056 0.09677164579443695 0.09266122232747409 0.05548989538847998
0 0.5906376011218355 0.14294545197844202 0.10368011715452274 0.06495998492640381
0 0.5879967702671531 0.19843936032845333 0.10847652039381439 0.07750041461131932
0 0.5807504291919829 0.26334881735387294 0.10853106125632983 0.08375017663033388
0 0.5750937990528242 0.3313695201731711 0.11012077219234129 0.08688869285546996
0 0.5617067776836706 0.4088330420991352 0.1055288971874826 0.09778487074185876
0 0.5522667632232876 0.490949797500288 0.10551526197185357 0.09622243023710508
0 0.5459379945567829 0.5714768419654295 0.11177865920649682 0.09783941160437426
0 0.5403768109270263 0.6504346283180029 0.10862650776573202 0.09468726016360918
0 0.530868620388499 0.7247391811953876 0.11796024514736714 0.09008174994312157
0 0.5221075620632762 0.7951308152030738 0.11320474755496202 0.0822286417724668
0 0.6929473791056571 0.04908031771409624 0.08787845430381103 0.044511906208317964
0 0.697153455111376 0.08341992077960372 0.0926612223274742 0.05548989538848001
0 0.6920462465589035 0.12487231741027577 0.09268849275873181 0.05861477639798718
0 0.689344057233891 0.1733352434888958 0.09119422833212254 0.06641334370612645
0 0.6851476034822694 0.22962400730691282 0.09122149876338037 0.0695382247156337
0 0.6810056905931633 0.2921625331439443 0.10226766402168663 0.08213319526306473
0 0.6730463053437608 0.3648910103009465 0.10388464538895559 0.08839659249770815
0 0.666669813422555 0.43994951299945034 0.11173775355961046 0.09315209009011338
0 0.6587717866434823 0.5197089724278439 0.10548799154059585 0.09309754922759778
0 0.6477216084236446 0.5963708212779878 0.10389828060458461 0.08995903300246177
0 0.6350749016599813 0.6691402040818767 0.1038846453889557 0.08839659249770815
0 0.6231821447174369 0.7387778882684438 0.10702316161409176 0.08998630343371938
0 0.6167033886790148 0.8021180871812954 0.10694135032031848 0.08061166040519785
0 0.7798059968835861 0.06472918854660711 0.0894954356710802 0.050775303442961384
0 0.7785162606914098 0.09599163385730844 0.08327294408332342 0.05384564358995318
0 0.7749510398202475 0.13508673451522116 0.08957724696485336 0.060149946471483126
0 0.7745788760367367 0.1819667672656443 0.08809661775387301 0.06951095428437604
0 0.7680251263123559 0.23671354340235096 0.08812388818513084 0.07263583529388329
0 0.7669876416093135 0.2968811380509943 0.0959769963557856 0.07739133288628841
0 0.7605293383943348 0.36256499772097633 0.0959906315714143 0.07895377339104204
0 0.7580521301271987 0.43680819212803124 0.09604517243392985 0.0852035354100566
0 0.7501268329168683 0.5134427705469173 0.09603153721830093 0.08364109490530292
0 0.7351501006117033 0.5877950466790032 0.0976348833699412 0.08834205163519271
0 0.727211168185744 0.6628671845931358 0.10853106125632994 0.0837501766303338
0 0.7121662598024346 0.7294072582014535 0.10700952639846295 0.08842386292896587
0 0.7026035284013918 0.7974620490598238 0.09914278301217938 0.08210592483180723
0 0.871976351448421 0.06236227031975031 0.09560884553380622 0.035205439257940674
0 0.8745245404399844 0.08577842506761135 0.09888371391523054 0.0524195552414882
0 0.8732279866399937 0.11625965012593584 0.1004597896356133 0.05399563096187071
0 0.8665515199749529 0.1569444617198599 0.10050069528249994 0.05868295247613159
0 0.8661657209758133 0.20226205396552938 0.09895188999337501 0.06023175776525627
0 0.8611403237171139 0.25308909362472315 0.10373465801703818 0.07120974694541826
0 0.855401882284182 0.3117351534154995 0.09910187736529263 0.07741860331754619
0 0.8497316169293943 0.37819341573004384 0.09912914779655058 0.08054348432705338
0 0.8472066854075572 0.446968068370461 0.08976813998365762 0.0820241135380338
0 0.8361292367564619 0.5205050362110978 0.09292029142442271 0.08517626497879882
0 0.8250381528897375 0.592479563546981 0.09915641822780807 0.08366836533656064
0 0.8090443887049736 0.7293430950848405 0.10228129923731555 0.08369563576781835
0 0.7955551032186036 0.7950883132251524 0.10218585272791336 0.07275855223454308
0 0.8170446796012628 0.6613019394420991 0.10075976437944845 0.08836932206645043
