0 0.9651163915526854 0.5433547336978228 0.04589495383553044 0.09640936150060486
0 0.9299631544222238 0.5442614778042486 0.04764310855573095 0.10038609302955903
0 0.9696774725181807 0.3452513677225354 0.03229158648495278 0.08874886564003609
0 0.8791371034281948 0.039869426472546515 0.05138097295802502 0.06475243381054502
0 0.9024430527189644 0.9319663032804797 0.029207677805220378 0.08937925164155924
0 0.8789950643059091 0.9323106827132656 0.0347076181849193 0.09042203840375129
0 0.7983940772435967 0.9314901539852967 0.03771654490816623 0.08823095257324098
0 0.21564622475077183 0.9305479859398067 0.03742357771082705 0.09833801048341684
0 0.24370829132290628 0.9448427999911888 0.03961466354133769 0.09532908376017013
0 0.23385939746705903 0.8538042968431181 0.03761103260204032 0.10223976005588575
0 0.20657768080941863 0.8394719918134934 0.03928420536575583 0.10465579175585216
0 0.2642180621758303 0.850781448862667 0.03139876363573091 0.08637032491831187
0 0.2961749176918315 0.8484639688402242 0.03779152686465148 0.08979165240222853
0 0.9138474094483466 0.04602332257480718 0.04610597844778219 0.0683917465353151
0 0.7407655500952104 0.33434893576356584 0.07476790067179917 0.09779652769558328
0 0.6234378076933402 0.041204077554982566 0.0726003845623272 0.0688860898810717
0 0.4876944135496698 0.048507857683698474 0.07509139821877908 0.07211996247377472
0 0.6850479599601043 0.03746194035931899 0.06791828507536468 0.06866114401161583
0 0.8040488751256898 0.33287286635489827 0.0636555469776735 0.09336990442771731
0 0.8227815458669092 0.4297417680582496 0.0687125562470624 0.10139834944211068
0 0.42125219788297275 0.049353541090843 0.07665209804776679 0.07219494443025998
0 0.3564081730235061 0.05090459245599596 0.0734182254550636 0.06970393077380815
0 0.9019300332415929 0.33520964330500996 0.05261817524003298 0.09050398098883883
0 0.5555848561106264 0.045246142576587406 0.07590923911151548 0.07293780336651107
0 0.6721697395762454 0.3392088416779071 0.08030533202974077 0.09961966437226938
0 0.45823649648080533 0.9493969203280823 0.04395934422411624 0.088530880399182
0 0.9600176185116841 0.4372271453266724 0.044852167073337945 0.090909421120906
0 0.36842616794696187 0.3498910826418316 0.08985698589487912 0.1039713056836501
0 0.3732250131620219 0.4497758716970321 0.09160514061507985 0.10794803721260415
0 0.45137247754612525 0.4483678236162477 0.09078729972234356 0.10713019631986764
0 0.6938738460624694 0.4328063798103128 0.08131062781369058 0.10433925483747447
0 0.7429813085238552 0.03858935754183121 0.06509681324333094 0.07475397941459522
0 0.4760303078078217 0.8476445429893511 0.041843240350090904 0.0931005069514168
0 0.29483551173498457 0.05542707956615328 0.07118964864631039 0.07193250758256142
0 0.29288219015403844 0.3566491071893442 0.08049278692095407 0.10352141394473813
0 0.9404671068777282 0.33961538468707 0.04630039396759755 0.0886433533339101
0 0.5231978878644238 0.347930318351242 0.08900165402390003 0.10237311487641987
0 0.8791167036234302 0.43016381728275344 0.05838055246743046 0.09700921715248745
0 0.3711131820813661 0.5523391292998978 0.08945154576281183 0.11173731385034491
0 0.3972192392373216 0.9491998169730345 0.04087543554438394 0.08916126640070543
0 0.4434147416948477 0.34785264855952414 0.08509990445143123 0.10218565998520651
0 0.4400217388063807 0.8470280782450319 0.040987908479111934 0.09150231614418658
0 0.24009854478569398 0.05571039829965799 0.06821821290130595 0.07490394332756584
0 0.2997971392431238 0.45173932382285426 0.08283383666443545 0.10363388687946606
0 0.4025649429106808 0.8488276452006793 0.04180574937184828 0.09232015703692298
0 0.8304463145208478 0.5404389829816347 0.06979283398749736 0.10767863973630337
0 0.7946718577716563 0.04016381851217196 0.05759324192433468 0.08032763702434392
0 0.5996721794848117 0.34425620248346167 0.08431955453693751 0.10214816900696388
0 0.7594232388799447 0.42965713763792973 0.06785722437608344 0.09980015863488056
0 0.948734901099823 0.8210232606018326 0.026273733038458702 0.09313103730105754
0 0.5340895684824631 0.44439377992252616 0.08996945882960716 0.10631235542713119
0 0.2288602789806775 0.45671170267192357 0.0773713872629791 0.10337145003176762
0 0.8371481719585028 0.045015338955624984 0.05075754758510431 0.08418619971640351
0 0.6127924369116045 0.43826614137653663 0.08610520023538093 0.10690525045041172
0 0.8320948146864291 0.8352307563976624 0.03396475924866804 0.09116489734000266
0 0.8845154044903728 0.5425342049698539 0.06027867110060181 0.10410734833941654
0 0.5181317122122415 0.8448396802497539 0.04362888604853438 0.09785758839486447
0 0.8603840328822108 0.333294915579402 0.05741274766172311 0.09306997660177607
0 0.6930468387869398 0.9365514360480551 0.040687980653170586 0.08525951682823651
0 0.9203911007523208 0.9311040107808985 0.03225409550670988 0.08796851572554232
0 0.5894059912788717 0.8468904506311283 0.04191822230657638 0.09466120678040424
0 0.45238204612344457 0.5507811173061428 0.08996945882960711 0.10631235542713136
0 0.7664201305541173 0.5427328932830386 0.07139102479472759 0.10853397160728256
0 0.9246019445335238 0.4326714400316418 0.04890388055877737 0.09421827567009422
0 0.49402011961279 0.9453312855854389 0.041580803502392294 0.08763805754996024
0 0.8867193087009919 0.8326063879206763 0.03010050065444203 0.09175779236328307
0 0.9635615494752043 0.8203109320152221 0.0254184011674794 0.0915328464938272
0 0.3112307847300383 0.9502024249217517 0.040170067586375424 0.09068447525145018
0 0.5381830457395146 0.5458767597849568 0.08941405478456937 0.11095696393585103
0 0.5565563129136487 0.8469043718883325 0.042698572221069986 0.09469869775864692
0 0.775129270928385 0.8379675978093761 0.03645577290511992 0.09439876993270557
0 0.7625354721551265 0.9339950888989526 0.03678623108070189 0.08507206193702332
0 0.35894460244888543 0.9502565249924309 0.04005759465164738 0.08834342550796892
0 0.6322877455977856 0.8440480969132885 0.04195571328481884 0.09544155669489807
0 0.9840381021432552 0.8232379161533818 0.024713033209471158 0.09305605534457206
0 0.5590515993634702 0.9476819837927548 0.03990763073867709 0.08522202584999394
0 0.3308852237119833 0.8546178649424849 0.038684349713873245 0.09217019312395236
0 0.29118007199881935 0.5491400598502048 0.08164804661787439 0.11136240406791831
0 0.6705998733644648 0.843771738808386 0.042661081242827414 0.0939183478441532
0 0.7313214755753764 0.9354947280286589 0.037529090016952926 0.08432920300077229
0 0.8032218678501601 0.8366179225926407 0.03411472316163866 0.09428629699797764
0 0.6935476606802571 0.5399767549436557 0.08224094164115492 0.1074981454736923
0 0.9300439941302155 0.8227033939941502 0.02775945091096088 0.09164531942855503
0 0.36421532416575875 0.8483236533910883 0.039539681584852326 0.09376838393118259
0 0.8546917440218749 0.9311318532953067 0.03139876363573091 0.08637032491831209
0 0.9656888867712011 0.9297098839573184 0.026866628061738895 0.0892667787068312
0 0.62086264569761 0.5411223661767415 0.08294630959916338 0.10597493662294738
0 0.9477408387378448 0.9305721764568993 0.02757199601974747 0.08774356985608645
0 0.7400135247761662 0.8396546918302958 0.0387593316703585 0.09373089295293979
0 0.9876285748643879 0.9286226455882811 0.024742850271224137 0.09000963764308256
0 0.5914888769680239 0.9390842134761193 0.03994512171691955 0.08600237576448766
0 0.7011834839426918 0.8454309903148973 0.03478260014140444 0.09198273823273928
0 0.6524686432332646 0.9385009669166734 0.03678623108070189 0.0850720619370231
0 0.8531642623777603 0.8342184999851106 0.03162370950518678 0.0910524244052745
0 0.9062280565633356 0.83166911346461 0.027909414823931278 0.09476671908653
0 0.9446934568742722 0.05314502348277492 0.042984578789807326 0.06824178262234454
0 0.28295073291705003 0.9476503505660185 0.03470761818491919 0.09042203840375151
0 0.8742337100690918 0.833206243572559 0.023820210360249394 0.09067751462284823
0 0.828940196843581 0.9323690555773144 0.0329219724864761 0.08566495696030363
