0 0.07173100661405174 0.9162200279743866 0.028931463076036334 0.08979239834797326
0 0.07919777925538918 0.9822748955631414 0.021121856243124015 0.03545020887371719
0 0.8238807217735017 0.6262412347552815 0.07959665494959722 0.1103615233288181
0 0.1437655871691547 0.9770959007668903 0.03435029431572184 0.04580819846621931
0 0.1593117424595692 0.9050932961144601 0.03698860234736656 0.09316792721376976
0 0.6185977756909191 0.5429985376703839 0.09912336027242885 0.11985620635407768
0 0.7165949049677208 0.5273008891480475 0.09345699659432527 0.12288426200053648
0 0.7980880080870478 0.5177908141328211 0.0743146624052059 0.12179956794704688
0 0.7076221692248069 0.4149852512640562 0.08909671445595868 0.11317356797013167
0 0.7751073390419077 0.41841918396863514 0.07611043234067694 0.11824492599047953
0 0.7667611303900219 0.32809482282945146 0.07290864008454923 0.11704953819386615
0 0.46077432765134596 0.25224510255714205 0.08755385344000777 0.0962482727645701
0 0.38501600755776966 0.263340312983796 0.08811733766449081 0.09480535252953887
0 0.3105583925228283 0.27820079989106083 0.08677973469148115 0.09614295550254837
0 0.2428572117005823 0.2905651939430772 0.07949671416867748 0.09287274389877356
0 0.18036422759397833 0.30064412966388865 0.07439383471505706 0.09445787931020111
0 0.002144370745951113 0.3366157198520736 0.004288741491902226 0.08483173407074912
0 0.016580109334306897 0.3350728588361226 0.033160218668613795 0.08422597545078947
0 0.018178685948489343 0.2370811060404228 0.036357371896978685 0.08464724449887634
0 0.05502077065256791 0.2254485563414564 0.058068921648353145 0.0861585840815548
0 0.11037294941276438 0.20924508998008 0.06672644305854103 0.08277767873465625
0 0.23820786018166032 0.19264186049502463 0.08206660285267503 0.0894234192042277
0 0.3050611264266308 0.19143108070844453 0.08945494063750037 0.0934677495565292
0 0.6680490236568151 0.1530855818236777 0.07991798321676435 0.09596921889287945
0 0.7313791693784908 0.16654616034472675 0.0713657790685982 0.10012424298830458
0 0.6946065780362697 0.06432021114375089 0.0732722427471928 0.08062905909874556
0 0.619027371033464 0.06514124331551674 0.07686378261813465 0.0735197751856107
0 0.5355647613689972 0.07176547786068055 0.07918613886371423 0.07383572697167584
0 0.44457159874330854 0.08099112252311438 0.07939677338775769 0.0753839644687289
0 0.35554794266276 0.09310260765561088 0.08083969362278903 0.07482048024424576
0 0.2668402383682764 0.10753644903368687 0.0753155451210818 0.07330914066156735
0 0.4859944933655195 0.9571911226081221 0.05018551898669177 0.08561775478375577
0 0.5447222009915125 0.9504264178993056 0.04758410886942166 0.08169298468116659
0 0.5846604241288259 0.942627564028597 0.04955361541456149 0.08500009419931587
0 0.0994301839791002 0.980589819370794 0.030621915749485584 0.03882036125841193
0 0.17947572783563295 0.8968308988001883 0.03544036485031349 0.09295729268972652
0 0.2254693248125251 0.9728780181682548 0.04131736305246053 0.05424396366349027
0 0.20048689033563336 0.9740351639302182 0.03966380829338573 0.051929672139563676
0 0.2692781416924711 0.9679411793293198 0.04173863210054729 0.06411764134136033
0 0.18953368077764704 0.11884229398438426 0.07970734869272086 0.0944209813958265
0 0.08807963796518054 0.5032149718860774 0.057995125819603977 0.0967856120368824
0 0.5144585114235687 0.8496802868477353 0.05310288089002696 0.09991898494536311
0 0.6002110041392748 0.15285344137522655 0.08558434689486782 0.09294116324642065
0 0.636966728584851 0.4230208846109787 0.09286199093656966 0.11292603553171376
0 0.04813677580010417 0.4124585887366029 0.05535681778795942 0.09414730400523791
0 0.5166931547571103 0.5647469210045363 0.1029939540150615 0.12038279266418628
0 0.3190145574644986 0.46785451679895396 0.08990773111885986 0.10796537125448946
0 0.13906151907814562 0.3969346768239353 0.06717923353990042 0.09727530043261645
0 0.6329861785524338 0.32421811515237786 0.08902829510831156 0.10708593524394128
0 0.25831270426560277 0.3751916699708848 0.08452579779354882 0.10191463644267368
0 0.3843740884767745 0.17748692772610253 0.08765917070202933 0.09702239151309663
0 0.616642186229068 0.8357784082608698 0.05190749309341358 0.09671719268923495
0 0.1292354922768541 0.3131192174590287 0.06908032073739312 0.09449477722457567
0 0.019434059644427404 0.4209631420081907 0.03886811928885481 0.08866005341790506
0 0.5562431051862876 0.3338704053440005 0.09135065135389109 0.10740188703000636
0 0.048494264528306796 0.5078120335006581 0.05236566005587506 0.09450015370567755
0 0.2430441279402008 0.7092050922762174 0.08100267727025401 0.11511155308199894
0 0.083314953675372 0.3233088469229638 0.06665264722979192 0.09340470668998391
0 0.185197331231434 0.4868485218772361 0.0751994748968561 0.10596434327607696
0 0.0433767305380586 0.33110770079367224 0.06478845794667382 0.09087171592036108
0 0.6035728302295114 0.6585790106770482 0.0989127257483855 0.11830796885702466
0 0.4800635160446245 0.34186914077654845 0.09610068110707176 0.1088079093506632
0 0.41769366785775475 0.8628449446004489 0.04958513684783411 0.09640124090317004
0 0.4099016653748264 0.5737565546618248 0.10134039925598665 0.11939803939161642
0 0.1345267628767712 0.4968959361647749 0.06693170110148244 0.10104057691322743
0 0.33407418848026393 0.6944552991120763 0.09458396504329147 0.11999842153047402
0 0.557759083796729 0.43773915634184724 0.09771733795177207 0.11510617660089695
0 0.3268933210983971 0.3634960774053733 0.09015526355727776 0.1042000947738787
0 0.6937750072100285 0.8174001773114122 0.05289224636598355 0.0983707474483102
0 0.2910541448854722 0.8824393318175888 0.044376940132191844 0.09721225756607121
0 0.6828681879296711 0.9284781530033135 0.04962203476220872 0.09108772692550626
0 0.12338073745245395 0.1309960535123573 0.07685840613703282 0.09023443586712881
0 0.4041998786890264 0.35219023245467584 0.09180881831635257 0.10518484804644862
0 0.4000494936213642 0.4607721152913289 0.09476307813406226 0.11014551232367281
0 0.24744278289961996 0.48074549716107895 0.08273002785807781 0.10546927839924103
0 0.6120065374857061 0.2395547412101957 0.08758537487328022 0.10764941946842432
0 0.03678180506615031 0.60717291070264 0.05275003118958732 0.10291014267744736
0 0.3069807697351751 0.5822396020090047 0.09117153826312036 0.11725479623680757
0 0.5197573708646047 0.6684050374783397 0.09096090373907684 0.11570655873975444
0 0.6858769500117393 0.6434394698980928 0.092825093022195 0.11823954950937754
0 0.47874373172932744 0.8537507621522076 0.05000640589592098 0.09949771589727607
0 0.21897876484157086 0.5902698588748252 0.08202432845719854 0.11145159386340975
0 0.4412554254773621 0.6767197246969527 0.09792797247581547 0.11665441409794985
0 0.35186131534638976 0.9650516752251003 0.04740499577865093 0.06989664954979946
0 0.7019511665189404 0.3211431460826795 0.08712720791081885 0.10986645845198206
0 0.527586056954179 0.15800323425208637 0.08646378290541612 0.0938205992569689
0 0.09060798970704056 0.4058920205768824 0.06309800527322444 0.09520047662545494
0 0.08343956450178436 0.6024021124783905 0.058274179691294545 0.10442148226012582
0 0.6776644159340632 0.23535280369153128 0.08318819482053919 0.10325223941568318
0 0.11716185681979985 0.8966356562661117 0.03322332586675571 0.09341545965218778
0 0.5818068425453751 0.8405176850518468 0.05243407940352218 0.10058778643186772
0 0.19381331569948446 0.38790891372334096 0.07579985703571379 0.09920790906338184
0 0.24538113872240813 0.8886530502768697 0.04173863210054732 0.09457394953442677
0 0.2145217060433694 0.8936398595062645 0.039205641330924385 0.09270976025130839
0 0.6448994713374976 0.9391628473440847 0.04708904399258573 0.08922353764238833
0 0.1419197396893595 0.5975997928208685 0.07087071419176215 0.10765479594952632
0 0.45893702077373755 0.16340055956736418 0.08744853617798598 0.09547415401604363
0 0.6552797043077463 0.8242142779095506 0.051344008868930535 0.09816011292426663
0 0.09858300685516361 0.8991632705546327 0.0329073740806905 0.09109310340660826
0 0.32356713232358564 0.8780160068126772 0.04592517762924497 0.0974228920901149
0 0.726361053023552 0.9178303565769171 0.04947981958581249 0.09562712215464408
0 0.47978372471959485 0.4499244373030928 0.1006031784218347 0.11397920815193074
0 0.38085191971454746 0.8702225294230705 0.047368097864276315 0.09685940786563163
0 0.027410444545364204 0.1496479618524036 0.05482088909072841 0.09428414270053222
0 0.44461334999317476 0.961468384439146 0.04796848000313403 0.0770632311217081
0 0.004713468399677401 0.16441388445985056 0.009426936799354801 0.08950259151407881
0 0.16686453879853763 0.7172038277087653 0.0740725064478899 0.10885018374613964
0 0.29879997139850023 0.9676029305885757 0.04332376751197492 0.06479413882284857
0 0.082642464922172 0.903697289302668 0.03146445384565927 0.09165658763109163
0 0.05324819585591142 0.7224112869710684 0.04919538923301986 0.10470591261291862
0 0.7337132303473419 0.8096013234407038 0.051554643392974 0.09970835042131976
0 0.1358460240464578 0.894882160726117 0.03466624610178702 0.09285197542770451
0 0.1663203481384452 0.975903201210828 0.035898531812774914 0.04819359757834396
0 0.7454286396228545 0.24663324114339696 0.08424136744075628 0.11099342690094838
0 0.3881395792651141 0.9623831898804585 0.04729967851662914 0.07523362023908309
0 0.7633941421264121 0.6336818624444484 0.08905981654158412 0.11848708194779545
0 0.10352901659576005 0.7210898134413646 0.062002558257530926 0.10948746379937191
0 0.7670687558816289 0.8113709484240041 0.04947981958581238 0.09562712215464375
0 0.11434907472514727 0.9797301764377085 0.03248610503260374 0.04053964712458291
0 0.7592637880764797 0.9046810908141703 0.04747341512629799 0.09763352661415803
0 0.06634348249991012 0.13481361989730942 0.06138140764760458 0.07141342994517658
0 0.16955882400121888 0.19803918581030244 0.0727087585227097 0.08207197933377686
0 0.5360375828680863 0.2491017141397966 0.08871234332224642 0.10476357899836175
