0 0.98046875 0.8546875 0.01718749999999991 0.08828124999999998
0 0.98515625 0.94453125 0.010156249999999978 0.08203125
0 0.19609374999999996 0.66875 0.06640625 0.10234374999999996
0 0.9203125 0.9468749999999999 0.022656250000000044 0.08828124999999998
0 0.8921874999999999 0.85546875 0.025000000000000022 0.09062499999999996
0 0.38828125 0.55859375 0.08515624999999999 0.109375
0 0.2890625 0.55625 0.07890624999999998 0.11328125
0 0.20703125 0.5578125 0.05937499999999998 0.11484375000000002
0 0.28281249999999986 0.44375 0.07578125000000005 0.10390625000000009
0 0.21640625000000002 0.45625 0.061718750000000044 0.11093750000000002
0 0.21250000000000002 0.365625 0.05859374999999997 0.11015625000000001
0 0.5054687500000001 0.24921875 0.07656249999999998 0.08671874999999996
0 0.58203125 0.25 0.07734375000000004 0.08515625000000002
0 0.6578124999999999 0.25468750000000007 0.07578125000000002 0.08671875000000001
0 0.7265625 0.2578125 0.06875000000000009 0.08437500000000003
0 0.78984375 0.259375 0.06328125000000007 0.08671875000000001
0 0.98203125 0.26953125 0.014843750000000044 0.08359374999999997
0 0.96484375 0.2703125 0.0390625 0.07968750000000002
0 0.9789062500000001 0.1734375 0.021874999999999978 0.07421875
0 0.95 0.17343750000000002 0.04218749999999993 0.0796875
0 0.90390625 0.16796875 0.047656249999999956 0.08046874999999998
0 0.846875 0.159375 0.05703124999999998 0.07578125
0 0.71796875 0.16015625 0.07187500000000002 0.08046874999999999
0 0.6515624999999999 0.16796875 0.07890624999999996 0.08359375000000002
0 0.2867187500000002 0.17890624999999996 0.06874999999999998 0.08749999999999997
0 0.2257812500000001 0.20078125 0.05937500000000007 0.09296874999999999
0 0.2484374999999998 0.09453125 0.0640625 0.07265625
0 0.3234375000000001 0.08515625 0.06874999999999998 0.06484375
0 0.40703124999999996 0.08046875 0.07109374999999996 0.06484374999999998
0 0.4984375 0.07734375 0.07109374999999996 0.06640625
0 0.5882812500000001 0.07734375 0.07265624999999998 0.06562499999999999
0 0.678125 0.0796875 0.06718749999999996 0.06484375
0 0.57578125 0.953125 0.0390625 0.08515625000000004
0 0.51640625 0.95234375 0.03749999999999998 0.07734374999999982
0 0.47578125 0.95 0.0390625 0.08046874999999964
0 0.96484375 0.9453125 0.01953125 0.08359374999999991
0 0.87109375 0.85 0.0234375 0.09062499999999996
0 0.8382812500000001 0.95 0.029687499999999978 0.08828124999999964
0 0.86328125 0.9484375 0.028124999999999956 0.08750000000000036
0 0.79375 0.9476562500000001 0.029687499999999978 0.09140625000000002
0 0.7562500000000001 0.08046875 0.06874999999999998 0.0859375
0 0.90859375 0.44765625 0.046093750000000044 0.09140624999999991
0 0.5328124999999999 0.8484375 0.04062500000000002 0.09531250000000002
0 0.35390625 0.16953125000000002 0.07499999999999996 0.08359375
0 0.3539062499999998 0.4421875 0.07968750000000002 0.10312500000000002
0 0.9359375 0.35234374999999996 0.043749999999999956 0.08906249999999999
0 0.4921875 0.56640625 0.08906250000000004 0.109375
0 0.675 0.44375 0.07734374999999993 0.09843750000000001
0 0.84375 0.34921875 0.055468749999999956 0.09062500000000001
0 0.34453125 0.34375 0.07656249999999998 0.09765625
0 0.72265625 0.34375 0.07265625000000009 0.09296874999999999
0 0.57109375 0.16484375 0.07656249999999998 0.08749999999999997
0 0.4296875 0.8484375 0.039843749999999956 0.09218749999999964
0 0.8421875 0.26484375 0.057812500000000044 0.0875
0 0.9703124999999999 0.35625 0.03749999999999998 0.08437499999999998
0 0.421875 0.34296875 0.07890624999999996 0.09765625
0 0.9484375 0.446875 0.04062500000000002 0.08984375
0 0.7828125 0.67265625 0.06718749999999996 0.10703125000000002
0 0.8890625 0.26875 0.055468749999999956 0.08671874999999996
0 0.81015625 0.44453125000000004 0.0625 0.09843750000000001
0 0.9296875 0.27109375 0.053906250000000044 0.08437500000000006
0 0.41874999999999996 0.67109375 0.08515625000000004 0.10781249999999998
0 0.4984374999999999 0.34062500000000007 0.08359375000000002 0.09843750000000001
0 0.63046875 0.8484375 0.03749999999999987 0.09218749999999964
0 0.5992187499999999 0.5609375 0.08750000000000002 0.10859375000000004
0 0.86171875 0.44765625 0.0546875 0.09453125000000001
0 0.690625 0.6703125 0.08046874999999998 0.11015624999999996
0 0.434375 0.44609374999999996 0.08437499999999998 0.10468749999999999
0 0.653125 0.34140625 0.078125 0.09453125000000001
0 0.35078125 0.840625 0.04062500000000002 0.09375
0 0.7585937500000001 0.85078125 0.032031249999999956 0.09375
0 0.3765625 0.94921875 0.038281250000000044 0.08671874999999996
0 0.8234375 0.08359375 0.06640625 0.08203125
0 0.575 0.340625 0.07968750000000002 0.09531250000000002
0 0.59375 0.44765625 0.08203125 0.10000000000000009
0 0.74765625 0.446875 0.0703125 0.09687499999999999
0 0.35390625 0.25703125 0.07499999999999996 0.09843749999999996
0 0.9734375 0.54375 0.03984375000000007 0.09843749999999996
0 0.70234375 0.55546875 0.07734374999999993 0.10781249999999998
0 0.5031250000000002 0.66953125 0.07734374999999988 0.10624999999999996
0 0.33515625000000004 0.6671875 0.07890624999999996 0.10859375000000004
0 0.5687500000000001 0.84765625 0.03749999999999998 0.09531249999999991
0 0.7906249999999999 0.5515625 0.06874999999999998 0.10312500000000002
0 0.58203125 0.6671875 0.08437500000000009 0.10624999999999996
0 0.7109375 0.9515625000000001 0.03593750000000007 0.08750000000000002
0 0.27578125 0.3499999999999999 0.07421874999999997 0.10078124999999993
0 0.4265624999999999 0.16484375 0.07578125000000002 0.084375
0 0.89296875 0.3515625 0.051562499999999956 0.08906249999999999
0 0.9265625 0.5453125 0.04531249999999998 0.09921874999999991
0 0.28828125000000004 0.26171875 0.07109374999999996 0.09453124999999998
0 0.9328125 0.84140625 0.021093750000000022 0.09140624999999991
0 0.46484375 0.8484375 0.039843749999999956 0.09609374999999964
0 0.78828125 0.34765625 0.06406250000000002 0.09140624999999997
0 0.8046875 0.85078125 0.02968750000000009 0.09140625000000036
0 0.8359375 0.8515625 0.02734375 0.08984375
0 0.415625 0.9546875 0.035937499999999956 0.08515625000000004
0 0.86796875 0.5484375 0.05781249999999993 0.10078125000000004
0 0.49531250000000004 0.1609375 0.07656250000000009 0.08593750000000001
0 0.38984375000000004 0.8421875 0.039062499999999944 0.09375
0 0.9515625000000001 0.84140625 0.021093750000000022 0.08906250000000004
0 0.72578125 0.85078125 0.03359374999999998 0.09375
0 0.33203125000000006 0.94453125 0.03749999999999998 0.09140625000000036
0 0.51328125 0.44765625 0.08749999999999991 0.10312499999999997
0 0.66796875 0.85078125 0.03515625 0.09296874999999982
0 0.9273437499999999 0.08828125 0.05625000000000002 0.08749999999999997
0 0.61796875 0.95625 0.03671875000000002 0.0859375
0 0.96796875 0.09765625 0.04375000000000007 0.08437499999999999
0 0.859375 0.6703125 0.06093750000000009 0.1015625
0 0.7640625 0.9484375 0.032031249999999956 0.0859375
0 0.96796875 0.84375 0.01953125 0.08984375
0 0.97265625 0.66015625 0.035937499999999956 0.10078125000000004
0 0.31015625 0.8382812500000001 0.0390625 0.09531250000000002
0 0.9140625 0.8421875 0.022656250000000044 0.09062499999999996
0 0.89765625 0.9476562500000001 0.024218750000000067 0.08828124999999998
0 0.22265625 0.28203125000000007 0.07109374999999996 0.10234375000000001
0 0.67421875 0.95078125 0.035937499999999956 0.08671874999999996
0 0.25703125000000004 0.66796875 0.07499999999999993 0.109375
0 0.92265625 0.6656249999999999 0.04843750000000002 0.10390624999999998
0 0.27734375000000006 0.84453125 0.03749999999999998 0.09140625000000002
0 0.95 0.946875 0.021093750000000022 0.0859375
0 0.29765624999999996 0.9359375 0.03515625 0.09375
0 0.8804687499999999 0.0796875 0.05312499999999998 0.06484375
0 0.78671875 0.15625 0.06328124999999996 0.07421875
0 0.43046875 0.25625 0.07656249999999998 0.09531249999999994
