0 0.27826086956521745 0.8984375 0.06347826086956523 0.09635416666666674
0 0.21217391304347827 0.9010416666666669 0.05739130434782616 0.1059027777777779
0 0.10434782608695647 0.8741319444444444 0.03913043478260869 0.09982638888888884
0 0.10086956521739132 0.78125 0.03826086956521735 0.08767361111111116
0 0.1930434782608697 0.78125 0.05217391304347829 0.09461805555555558
0 0.17217391304347823 0.014756944444444444 0.04695652173913045 0.029513888888888888
0 0.11913043478260865 0.026041666666666668 0.04434782608695653 0.052083333333333336
0 0.08608695652173914 0.036458333333333336 0.037391304347826004 0.07291666666666667
0 0.8026086956521739 0.7161458333333333 0.07739130434782615 0.11197916666666663
0 0.8695652173913043 0.7204861111111112 0.0652173913043479 0.109375
0 0.7217391304347827 0.7213541666666667 0.07739130434782615 0.10590277777777779
0 0.35217391304347817 0.8845486111111112 0.08347826086956511 0.11111111111111105
0 0.6417391304347826 0.7317708333333333 0.08782608695652172 0.11197916666666663
0 0.557391304347826 0.7439236111111112 0.08608695652173914 0.11197916666666663
0 0.471304347826087 0.7560763888888888 0.08956521739130441 0.11284722222222221
0 0.15739130434782617 0.8880208333333334 0.060869565217391286 0.1015625
0 0.391304347826087 0.765625 0.07913043478260862 0.11111111111111116
0 0.9321739130434783 0.7178819444444444 0.0634782608695652 0.109375
0 0.25043478260869567 0.7795138888888888 0.06869565217391305 0.10416666666666663
0 0.06608695652173913 0.7760416666666667 0.040000000000000036 0.09288194444444442
0 0.3191304347826087 0.7751736111111112 0.0678260869565217 0.10763888888888895
0 0.14521739130434785 0.7795138888888888 0.04869565217391304 0.09809027777777779
0 0.06608695652173929 0.8628472222222222 0.05130434782608695 0.09375
