0 0.8109375000000001 0.92265625 0.025000000000000022 0.0859375
0 0.7835937500000001 0.92734375 0.028906250000000022 0.08671874999999996
0 0.75390625 0.9328125 0.030468750000000044 0.07968750000000024
0 0.7234375 0.934375 0.032031249999999956 0.08515624999999993
0 0.690625 0.93359375 0.03515625 0.0859375
0 0.6578125 0.93671875 0.03515625 0.08437499999999998
0 0.584375 0.93671875 0.035937499999999956 0.08671875000000007
0 0.54609375 0.934375 0.03671875000000002 0.08515624999999993
0 0.50703125 0.9359375 0.038281250000000044 0.08984375
0 0.46875 0.9390625 0.0390625 0.0859375
0 0.428125 0.9390625 0.03515625 0.08906250000000004
0 0.353125 0.93984375 0.03359374999999998 0.0859375
0 0.31718749999999996 0.9453125 0.03437499999999999 0.08515625000000004
0 0.25 0.9515625000000001 0.03125 0.08750000000000002
0 0.21796875 0.9515625000000001 0.032031249999999956 0.08828124999999998
0 0.1875 0.9546874999999999 0.02812500000000001 0.08437499999999998
0 0.1640625 0.9546875 0.02812500000000001 0.08671874999999996
0 0.11484375 0.95703125 0.024218749999999997 0.08515625000000004
0 0.0953125 0.94453125 0.022656250000000003 0.08515624999999993
0 0.07343749999999999 0.940625 0.020312499999999997 0.08750000000000024
0 0.05468749999999999 0.9390625 0.01796874999999999 0.08906250000000004
0 0.03828125 0.93671875 0.015625000000000003 0.08671875000000007
0 0.021875 0.934375 0.018750000000000003 0.08515624999999993
0 0.0203125 0.82890625 0.016406249999999997 0.09140625000000002
0 0.1109375 0.8484375 0.02187499999999999 0.08984375
0 0.134375 0.84765625 0.02656249999999999 0.09062499999999996
0 0.07109375 0.8484375 0.01874999999999999 0.09140625000000002
0 0.05156249999999999 0.8375 0.01796874999999999 0.08984375
0 0.03515625 0.8328125 0.015625 0.08750000000000002
0 0.28437500000000004 0.846875 0.03203125000000001 0.08906249999999993
0 0.5453125 0.828125 0.039843749999999956 0.09062499999999996
0 0.8148437500000001 0.8046875 0.025000000000000022 0.08984375
0 0.7859374999999998 0.80703125 0.029687499999999867 0.08671874999999996
0 0.721875 0.80078125 0.04062500000000002 0.08749999999999991
0 0.09140625 0.44765625 0.04531249999999999 0.09140624999999991
0 0.11484375 0.26015625 0.05078125 0.08828125000000003
0 0.2171875 0.26015625 0.06406249999999997 0.08984374999999997
0 0.06484375 0.35234375 0.04453125000000001 0.08750000000000002
0 0.3203125 0.8406249999999998 0.03593750000000001 0.09218749999999987
0 0.03984375 0.2609375 0.04453125000000001 0.08281249999999996
0 0.16171875 0.26015625 0.05859375 0.09062500000000001
0 0.45703125 0.24765625 0.07968750000000002 0.09531249999999997
0 0.15625 0.34921875 0.0546875 0.08984375
0 0.28046875 0.259375 0.0703125 0.09453125000000001
0 0.71875 0.44140625 0.07656249999999998 0.10312500000000002
0 0.64609375 0.4421875 0.07890624999999996 0.10234374999999996
0 0.325 0.44453125 0.07656249999999998 0.09765625
0 0.340625 0.6609375 0.07421875 0.10781249999999998
0 0.44375 0.8328125 0.04062499999999997 0.09453125000000007
0 0.7234375 0.34609375 0.07187500000000002 0.09609375000000003
0 0.27734375 0.34375 0.07109374999999998 0.09296874999999999
0 0.7875000000000001 0.34453124999999996 0.06796875000000002 0.10078124999999999
0 0.075 0.26015625 0.04374999999999999 0.08515624999999999
0 0.03046875 0.35625 0.03671875 0.08359375000000002
0 0.05078125 0.446875 0.039843750000000004 0.08906249999999999
0 0.57734375 0.34140625 0.07734375000000004 0.09375
0 0.65390625 0.34375 0.07499999999999996 0.09375
0 0.34453125000000007 0.34062500000000007 0.07500000000000001 0.09453125000000001
0 0.14609375 0.55 0.05859375 0.10156250000000006
0 0.13828125 0.44765625 0.05390624999999999 0.09375
0 0.0421875 0.6468749999999999 0.04374999999999999 0.09999999999999998
0 0.55078125 0.246875 0.07968750000000002 0.09765625
0 0.52890625 0.5625 0.08749999999999997 0.10468750000000004
0 0.2421875 0.65859375 0.07109374999999998 0.10546875
0 0.63125 0.5515625 0.0859375 0.10859375000000004
0 0.5046875 0.33984375 0.08125000000000004 0.09375
0 0.31640625 0.55546875 0.07578124999999997 0.10624999999999996
0 0.38984375 0.9421875 0.03515625 0.08750000000000002
0 0.25234375 0.446875 0.06953124999999999 0.09609375000000003
0 0.40703125 0.44765625 0.07968750000000002 0.09921874999999997
0 0.6296875 0.2546875 0.07890624999999996 0.09921875000000002
0 0.5523437499999999 0.66484375 0.08828124999999998 0.10546875
0 0.3578125 0.253125 0.07734374999999999 0.09296875000000002
0 0.771875 0.26171875 0.06875000000000009 0.09375
0 0.58203125 0.82578125 0.04296875 0.09375
0 0.72890625 0.54375 0.08203125 0.10703125000000002
0 0.10703125 0.3515625 0.05156250000000001 0.08906249999999999
0 0.190625 0.4453125 0.05937499999999998 0.09765625
0 0.4203125 0.559375 0.08828125000000003 0.109375
0 0.4234375000000001 0.34062500000000007 0.07890625000000007 0.09453125000000001
0 0.56640625 0.44609375 0.08203125 0.10312500000000002
0 0.3578125 0.840625 0.04062500000000002 0.09296875000000004
0 0.21796875 0.5515625 0.06953125000000002 0.10234374999999996
0 0.21171875 0.3484375 0.0640625 0.09218749999999998
0 0.71015625 0.2609375 0.07187500000000002 0.09375
0 0.15546875 0.65625 0.0640625 0.10390624999999998
0 0.25234375 0.84453125 0.03203125000000001 0.09140625000000002
0 0.040625 0.834375 0.021093749999999998 0.08671874999999996
0 0.78984375 0.43671875 0.07578125000000002 0.11250000000000004
0 0.4859375 0.83046875 0.03984375000000001 0.09296875000000004
0 0.21953125 0.8453124999999999 0.02968750000000006 0.09218749999999998
0 0.6578125 0.65546875 0.08203125 0.109375
0 0.80625 0.53046875 0.07499999999999996 0.11171874999999998
0 0.44453125 0.6664062499999999 0.08906250000000004 0.10781249999999998
0 0.03671875 0.5421875 0.04140624999999999 0.09531250000000002
0 0.084375 0.54609375 0.04921874999999999 0.09765625000000006
0 0.1875 0.8453125 0.029687499999999978 0.09296875000000004
0 0.39765625 0.8390625000000002 0.03749999999999998 0.09531250000000013
0 0.74296875 0.6453125 0.08046874999999998 0.11015624999999996
0 0.09218750000000002 0.84765625 0.022656250000000017 0.09062499999999996
0 0.16171875 0.84765625 0.02656249999999999 0.09140624999999991
0 0.63671875 0.80546875 0.04140624999999998 0.09375
0 0.09453125 0.6515625 0.049218750000000006 0.09843749999999996
0 0.8117187500000002 0.63125 0.07187500000000013 0.11328125
0 0.28203125 0.946875 0.03125 0.08515625000000004
0 0.6203125 0.93828125 0.035937499999999956 0.08750000000000002
0 0.140625 0.9546874999999999 0.025781250000000006 0.08828124999999998
0 0.671875 0.8 0.0390625 0.09453124999999996
0 0.48203125 0.44609375 0.08125000000000004 0.09999999999999998
