0 0.22869689289178985 0.4286279824178721 0.0866773206678566 0.1213753583420788
0 0.3095094339138782 0.42232181211682507 0.0906233601089137 0.10797237894602468
0 0.1760677561493213 0.9219221976229615 0.038388185526358254 0.08627147751678488
0 0.4507071319778392 0.9472948184010181 0.048155600094383966 0.08424155927557475
0 0.4869700307249444 0.9535207271766265 0.047824077973171564 0.08113419414042489
0 0.9587369625759932 0.6997935305024023 0.037021311527573264 0.10225362235511082
0 0.9733127574040308 0.5999954075453249 0.029781098382576032 0.09917717373102031
0 0.9810107777193431 0.505748970616123 0.034027743433786006 0.09579025049390122
0 0.9416833113393062 0.903823230036557 0.024985206130304416 0.09021751695784164
0 0.8789953209356844 0.9735666446779996 0.030785533749088878 0.0528667106440005
0 0.8248959891725254 0.972698538984928 0.036306303265905004 0.05460292203014405
0 0.5197011972132392 0.01340661974172161 0.06821731942088133 0.020334027430454815
0 0.45563777331038846 0.008070183869645864 0.06585587905845913 0.016140367739291728
0 0.3965978357425354 0.004837843187824958 0.06274851392330888 0.009675686375649917
0 0.33988842202604475 0.0017298233014586828 0.05964114878815874 0.0034596466029173656
0 0.17600391113891917 0.5322162527582761 0.07089185340119675 0.11738722388465422
0 0.24523221343847446 0.2441850760390122 0.06917240977301531 0.1156677802564729
0 0.7901255469874575 0.4759553842258067 0.07835966062891919 0.10819997302875028
0 0.949835817334219 0.40028405508737513 0.05225753159317126 0.09389517680223791
0 0.39687809633035487 0.43557151846001313 0.09758401515194187 0.11562699474253746
0 0.7033160007749186 0.47219353434867556 0.09181460404421671 0.1119394658952656
0 0.49632566164631886 0.8437374645716738 0.05136689326802113 0.09994414601193213
0 0.9518223310566292 0.499492145329455 0.05078672955589936 0.09450625702541926
0 0.8605694622212146 0.4858280363347514 0.06862316257195322 0.1033212002461753
0 0.8658974826736612 0.30333216766679827 0.06660311333361923 0.09158570045905912
0 0.857806107215017 0.38653706556236844 0.06546383341755946 0.09530414581739055
0 0.8445517698786817 0.2162009683359228 0.07437152617149456 0.09241450576209015
0 0.9110641456674047 0.49121527080445293 0.0573329819474121 0.09827666640299415
0 0.7379758719400695 0.3682526943788751 0.08296874431240109 0.10101172390299662
0 0.6826977842493478 0.2751442278633006 0.08427378528906682 0.09884696111224003
0 0.3619846905868991 0.3281385177121746 0.08649051209906672 0.10522745244314663
0 0.7498685732873484 0.286239040418608 0.07875301577225091 0.09748995611633085
0 0.49761882163182614 0.4486765112507788 0.09844373696603248 0.11648671655662812
0 0.3496348845551556 0.9372971907454026 0.04976124668120263 0.09209285264375344
0 0.5161307868980449 0.3414414975770383 0.09597836856512348 0.10777570137435888
0 0.43897485821216886 0.335566848928394 0.08968075776452 0.10633581584814655
0 0.5316459580490304 0.8514341753845538 0.048425289193477106 0.10116630645829472
0 0.9799445170040418 0.32308734088756363 0.040110965991916325 0.08518416161996872
0 0.9804148360494146 0.40781500483964916 0.03917032790117081 0.08857108485708776
0 0.6584933479101275 0.18535098255985008 0.08688386724239838 0.09451743553072717
0 0.5496336521296674 0.5650073357496763 0.09672429333785126 0.11476727292844668
0 0.602326633882538 0.46141906540927236 0.0977497762125481 0.11718067731011245
0 0.9072753077865103 0.39417194335312944 0.06227358775210634 0.09419578241239063
0 0.5926848973470339 0.8610891024136491 0.047928006011658475 0.09650525875556948
0 0.2905949469873025 0.930998270442367 0.046653881546052434 0.0917613305225411
0 0.9072931292732482 0.9731371111465623 0.030174453525907752 0.05372577770687503
0 0.7284090634510063 0.1928102302871291 0.0809177785630073 0.09618491513966504
0 0.9693226109583233 0.2397265509342631 0.05265088673650287 0.08318515988981845
0 0.6690856392738876 0.3585458033305366 0.08779555307573239 0.10306268965239018
0 0.3095653264404181 0.2376920971691751 0.08738115042421701 0.09917848323345246
0 0.6085354236572591 0.26330349053526514 0.0890177135220952 0.10012108557784621
0 0.9120935570493982 0.3121892059039221 0.06255314585407534 0.08961761523996853
0 0.719144265543797 0.8761523114206297 0.043349838839236376 0.09678481685753826
0 0.29760293505642715 0.6591136901196031 0.09161792647255085 0.11729447435147522
0 0.5914843914254365 0.3494809090164391 0.09098579874118573 0.10417105305739016
0 0.7768028291168423 0.5861010854630315 0.07705461965225335 0.11036473581950668
0 0.5874692689642487 0.18091621943741815 0.08757782799588287 0.09382347477724273
0 0.7891993611581004 0.20479568116758678 0.07523124798558523 0.09327422757618065
0 0.42829515079422764 0.8333366127698509 0.052060854021505676 0.09925018525844775
0 0.4650072972112045 0.6659743456314409 0.08998136337467294 0.11635187200708152
0 0.45982721633262624 0.2505806743825233 0.08787843360603542 0.10383953093617773
0 0.7029693716411016 0.689005264052827 0.08085594554088804 0.11000229718723464
0 0.29700958085071455 0.3259204813997426 0.08346602749421972 0.1056727716057218
0 0.8027332565964046 0.3798757066270607 0.07503457041391948 0.09862923603239032
0 0.6245912825088629 0.6798574892084264 0.08257538916906937 0.11172174081541597
0 0.3827541681770533 0.24392918445009146 0.0865733926293697 0.10600429372693415
0 0.3114065195938243 0.8169374462751451 0.05283769530529303 0.09933306578875079
0 0.9515467014619565 0.31796979551695526 0.05997398041180324 0.08703844979769654
0 0.4406462663284032 0.16525179921013222 0.08680098671209519 0.09374059424693972
0 0.6446688113338155 0.962662265690488 0.044934437917870995 0.07467546861902374
0 0.9405196624243479 0.5980681078401697 0.053697417119383695 0.10019278760284134
0 0.39419701483787883 0.8289130281527268 0.05300345636589926 0.10088674835632583
0 0.7074981937991447 0.5802784008336307 0.08343511098316003 0.11258146262950652
0 0.8940683989455405 0.886172296086861 0.031448577991514015 0.09321108505162934
0 0.7657547425710496 0.8811251432388156 0.04163039521105505 0.09506537322935704
0 0.8105450739530798 0.2919268804984622 0.0725692020130102 0.08991822085012113
0 0.8494634711605992 0.5899247683622821 0.0712023280142251 0.1059003656884473
0 0.5838265496074777 0.9602973759505227 0.04890152486711197 0.07940524809895455
0 0.5345697406368364 0.2569835227240458 0.09082003768057939 0.10261737048981504
0 0.516331392977007 0.17018384551438273 0.08741206693527659 0.09226979220966769
0 0.9134894310402291 0.8882443093444385 0.030423095116816956 0.09079768066996363
0 0.8954628679646703 0.5932610370825899 0.058358464822108935 0.10069007078465997
0 0.22984866081558974 0.33682586638139556 0.07644353942907212 0.11183553785677863
0 0.8432980859046778 0.6992627118046597 0.0550544221152931 0.10571355711965713
0 0.3804789298356489 0.5524601496604165 0.09386556979361022 0.11676627465859701
0 0.8317862516929907 0.888169988314579 0.03369622131257333 0.09268288535875113
0 0.7286505505131732 0.966617343761742 0.04268679459681146 0.06676531247651596
0 0.3779491094077563 0.6645430196056722 0.09239476775633843 0.11737735488177825
0 0.3493579454580508 0.8147009814593934 0.05206085402150562 0.09925018525844753
0 0.2050595252403698 0.9226582533928136 0.04657100101574929 0.09098448923875369
0 0.6280117412619061 0.574155110594077 0.08093882607119118 0.11077913847102205
0 0.37497719583873423 0.16217404108360944 0.0798922956883103 0.09377151075799928
0 0.23315864401798497 0.5414567771358558 0.08179854788528151 0.11163886028511283
0 0.4644606690150068 0.5606344056493637 0.09725249303072975 0.11251962960738715
0 0.2780332609020195 0.8204480355565026 0.04731692578847713 0.09797606079284127
0 0.5498941747117354 0.9576557227349153 0.050289446374080726 0.08468855453016944
0 0.6779901060063769 0.9650475481874211 0.04407471610378033 0.06990490362515778
0 0.6872937729085078 0.8727542096782024 0.04498640193711456 0.09772741920193218
0 0.7967455133922481 0.8852172057347272 0.038274388484995536 0.0924033272567818
0 0.7739934505869804 0.6934400271752589 0.07705461965225346 0.11036473581950657
0 0.38564914171135134 0.9458536233723738 0.047876041992414964 0.08881972644799718
0 0.5462131933766243 0.6707097143640256 0.09042668253724784 0.11332738740223447
0 0.9337536729647025 0.23436036397274537 0.06213874320255963 0.08573340882103081
0 0.9236067962327866 0.9744372176217903 0.028455009897726535 0.051125564756419495
0 0.6298075179082296 0.8666210504357731 0.04645720397438646 0.09711633897875083
0 0.8941347674915381 0.2301334569272873 0.059725338820893925 0.08470792594633386
0 0.1681190822548166 0.6429421177076229 0.0797166656248286 0.11372074254556608
0 0.9280836543715862 0.8913727219877725 0.029729134363332577 0.09149164142344812
0 0.924669743130704 0.7024443979696693 0.053003456365899204 0.10088674835632572
0 0.8754242081346395 0.8841831633595867 0.032919380028785916 0.09260000482844788
0 0.7576732361152811 0.9706054782191667 0.039579429461661375 0.05878904356166681
0 0.24204992025688332 0.8189660550139225 0.04715116472787084 0.09642237822526623
0 0.2547773674027722 0.927962607332212 0.04448911875529596 0.09306637149920682
0 0.8587974475572082 0.9722535471979609 0.03242209684696751 0.05549290560407827
0 0.3147460143355779 0.1596764466692085 0.0830825413537637 0.09487987416299923
0 0.2231919328734291 0.6496034766429304 0.08584851536482563 0.11360694550420325
0 0.7977894247702644 0.9698679373254198 0.037497547201208015 0.06026412534916048
0 0.8816119504011768 0.7009933339381491 0.05705342384544321 0.10285483357541636
0 0.892450264350982 0.9730152576018266 0.026984207860454634 0.05396948479634678
0 0.30548776394052957 0.5483878251702565 0.08740219793240067 0.11377270656480953
0 0.9907331346965426 0.2472575006865372 0.018533730606914878 0.08141375224239372
