0 0.8526967068926594 0.8884912708380794 0.033692850193699164 0.08805045151061719
0 0.8259788799098922 0.895961949631296 0.03765867642815335 0.08922870844676767
0 0.7970099210828724 0.9044504304901386 0.03849086903046772 0.08239508547874774
0 0.7668627053197019 0.9091335399850518 0.04060670059698168 0.08799537866814078
0 0.734143447971229 0.9117259725062372 0.04379540707159757 0.08909340816902922
0 0.7018253277990685 0.9182040038266146 0.04363495220107261 0.0875391686493524
0 0.6287760703742641 0.9257453827412871 0.04465275426669835 0.08995075536413
0 0.5904565198363979 0.9273451677896333 0.0452694191560119 0.08847674327971577
0 0.5517609867150056 0.9329107790724336 0.04730502328726338 0.09329991670927107
0 0.5140030282239766 0.9399504024396483 0.04768100587078922 0.08949454534534129
0 0.4735928007123827 0.9441222290732971 0.044116316812647494 0.09220188720838263
0 0.3990695312031642 0.9526011826183328 0.042241167551920866 0.08893295329850415
0 0.36388361429743765 0.9588067262361554 0.04293805987649679 0.08238654752768926
0 0.29769313443343987 0.9648623726071789 0.04007026314293083 0.07027525478564223
0 0.2658312242800678 0.9662926982312844 0.04092761033803166 0.06741460353743123
0 0.23584446338742224 0.9704830567324554 0.036640874362527553 0.05903388653508923
0 0.2125308705922719 0.9711036284415138 0.036881556668314885 0.05779274311697247
0 0.16381300802824364 0.9752853164660364 0.03283550299859833 0.04942936706792711
0 0.14310137506808548 0.9701113150457419 0.03128126347892163 0.05977736990851634
0 0.12094088461629951 0.9687690304963887 0.02919058650519407 0.06246193900722263
0 0.10212955550965427 0.9686262506562278 0.027019682096203923 0.06274749868754448
0 0.08556935824726158 0.9689459694830518 0.024447640510901536 0.06210806103389643
0 0.06900916098486898 0.968931010358207 0.02739566467972987 0.062137979283586
0 0.056624217704758256 0.8764270641431018 0.025706124882314663 0.0926077880415982
0 0.14877579572756802 0.8865486756486134 0.030985508330658107 0.09161514056875886
0 0.1720091610874559 0.8833647328309009 0.03572845432495064 0.09287362494017215
0 0.10914268797581247 0.8906402748469997 0.028037484161829662 0.09284847034738553
0 0.08859150988617928 0.8817662840908249 0.027099909531466418 0.09121400339244656
0 0.07179063031799918 0.8787883416723066 0.02452786794616396 0.08864196180714434
0 0.3211359275411555 0.8671839455006676 0.04100783777329409 0.09188097746733259
0 0.578768468880863 0.8217371078868809 0.048939490242202455 0.09423749133963388
0 0.8444679629672176 0.7707450499261772 0.03409398737001179 0.09193605030980878
0 0.8159552141589859 0.7760448243104037 0.03843579618799142 0.08930893588203004
0 0.7515895743701423 0.7764065159232199 0.04939570026099105 0.09120923973554307
0 0.08819112744196028 0.48989192473310483 0.05445955599633334 0.09557620314630966
0 0.09225013577411689 0.30097635931402805 0.05957848457415192 0.09302931615379373
0 0.19405282431293996 0.29046656529464393 0.07294997536192871 0.0959474220729325
0 0.05198130850543481 0.397811046831751 0.05328129906018275 0.09161037691185558
0 0.3562416170116195 0.8572765253998869 0.04521434631353577 0.0953905936829984
0 0.022063416744601133 0.3094553128590639 0.044126833489202266 0.08694765835282542
0 0.13887732136441752 0.2961627131982796 0.06759036447832274 0.09616294978593348
0 0.431344951619112 0.2534028265116509 0.08905396260553294 0.1029918090970503
0 0.14258341066547114 0.38531595786668815 0.0636245382438686 0.09498469284978278
0 0.25691929742458336 0.2831910232785452 0.0796482980522103 0.10125196011406229
0 0.7115764751100507 0.4192523361386315 0.08674775791880429 0.1104420969543839
0 0.6393845648803473 0.4274906073778799 0.08899888976305681 0.10990565950033299
0 0.3202290258925753 0.4627954425502717 0.08618616587196692 0.10500225863551549
0 0.35799442065704745 0.6764530673202434 0.08489776325086407 0.11486413320762645
0 0.47822426471345314 0.8368293930300327 0.05011774717835321 0.0982033175740884
0 0.706451446567059 0.32396236082677865 0.08136299244241196 0.10296665450426395
0 0.2624753813935771 0.36744086708213625 0.08026496294152366 0.09977794802964801
0 0.7700148120032784 0.31582947161557906 0.07795875825479515 0.1072282358869816
0 0.05261702802236132 0.3050679585124142 0.05226349699455696 0.08919879019707805
0 0.020371829195801744 0.40522665278249154 0.04074365839160349 0.08692250376003907
0 0.04770067249510393 0.4932866316069151 0.04877903537167755 0.09268325181995735
0 0.5606486868657139 0.33430217266183127 0.08656214845549304 0.10119688727158621
0 0.637047105635659 0.3287712432856238 0.08423078917597782 0.10095620496579877
0 0.3289867709986249 0.3574328286102102 0.08431101661124041 0.10173332472563712
0 0.1530993046500285 0.5860786928035547 0.06871354857199748 0.10704262642367035
0 0.13481831303226094 0.48507827861735636 0.06324855566034258 0.09879006421371195
0 0.0596905785640755 0.6931117919134184 0.05378781826454393 0.10396406563400651
0 0.5245190953644508 0.24299841452031573 0.08929464491132039 0.1053231683765653
0 0.5351716259350167 0.5592011656823559 0.09778788942706607 0.11311952056773522
0 0.2598366486116287 0.6842303648838002 0.08154860190572319 0.11221186418706164
0 0.635851130380165 0.537811695025235 0.09663478708370166 0.11684466449640196
0 0.48821609433022284 0.34020908462156463 0.09044774725468469 0.10159802444789856
0 0.3230730043416248 0.5740289502352037 0.08629154790001581 0.11347034855847471
0 0.4358348422213537 0.9511618524405117 0.04395586194212253 0.09064764768870592
0 0.2481975705333967 0.4725879533091969 0.07903163316289694 0.10272597219847651
0 0.4021475104166513 0.4574800408870653 0.0894550997818453 0.106877407896242
0 0.6038104654607482 0.2426666411571893 0.088677980022007 0.10679718046097958
0 0.568995012749551 0.6585970311633048 0.09864523662216684 0.11397686776283611
0 0.33321233416647955 0.2690315491088536 0.08648192102023045 0.10041976751174789
0 0.7459683086686891 0.23505932577796412 0.07801383109727111 0.10031438548369898
0 0.6150524152874778 0.8156350591500297 0.052368879022605785 0.09766688012003721
0 0.7321888260073333 0.5200120680190423 0.0925887334139851 0.11488928780041291
0 0.0938655481014429 0.392701645567739 0.06043583176925277 0.09388666334889456
0 0.18664465463564256 0.47737168117525564 0.06908953115552344 0.10323725505974096
0 0.4268310695764369 0.5672443001444865 0.0990463737984793 0.11786246656202781
0 0.4074758667422977 0.3493298576487003 0.08819661541043222 0.10213446190194952
0 0.5605194865531486 0.439559404573844 0.0921875962376727 0.1110036890012212
0 0.39354336548386 0.8534256085072882 0.049957292307828305 0.09664907805441159
0 0.2247547774256811 0.5802520082790839 0.07967345264499665 0.10894293027718327
0 0.19767868617873108 0.37884269020321415 0.07319065766771612 0.0982787813524475
0 0.6844956202061976 0.24062017340386122 0.08112231013662452 0.1006352952247489
0 0.17333567296378505 0.6908042509184198 0.07439406919665326 0.1099355777500226
0 0.2890333350819959 0.868141911066914 0.04124852007908153 0.09421233674684748
0 0.07739092350739254 0.8797809891451458 0.029887478829769887 0.08842643409414297
0 0.7818130086437654 0.40728892097071623 0.08693336738211566 0.11968730663718152
0 0.5199480494389364 0.830165752246344 0.04918017254799001 0.0965688506191491
0 0.256474532604048 0.8722885831077762 0.038997388234828984 0.09474877420089844
0 0.6729434511045778 0.6384408902848108 0.09282941571977255 0.11722064707992796
0 0.8077598158318673 0.4988585160108057 0.08607602018701466 0.11882995944208063
0 0.4619129407623845 0.6712226567492029 0.0996630386877927 0.11638845447761348
0 0.04350026392003556 0.5895393361419177 0.0509750943734541 0.09906066476918918
0 0.09130570644648695 0.5885310613900985 0.058986974277625004 0.10219429840132888
0 0.22461262245067593 0.8755779079535377 0.039077615670091465 0.09552589396073696
0 0.4330160183650906 0.8477797697892255 0.04708949557426245 0.09865952759287688
0 0.7566065482685451 0.6195935429633026 0.09135540363535821 0.1178373119692413
0 0.1300446940561853 0.8876970143350746 0.03184285552575894 0.09247248776385975
0 0.19920835268179793 0.8805567725967143 0.035808681760213124 0.09365074470001034
0 0.6673648851593375 0.7898140249258595 0.05081463950292919 0.09750642524951236
0 0.11223896708481945 0.6923992723098628 0.059067201712887374 0.10297141816116717
0 0.8235489932995951 0.5985453729831147 0.08312799601818655 0.12006328922070753
0 0.3290736799752372 0.9614691907246619 0.03982958083714344 0.07706161855067628
0 0.664684034197353 0.92360916023889 0.04473298170196094 0.0907278751239684
0 0.18921727779712158 0.9719786506669785 0.03471065225932496 0.056042698666042945
0 0.7017736823052256 0.7807639520201799 0.048563507658676563 0.0980428627035631
0 0.47659055249060733 0.4482239675821912 0.09108956673678453 0.10781498252660532
