0 0.01953125 0.8546875 0.0171875 0.08828124999999998
0 0.01484375 0.94453125 0.010156249999999999 0.08203125
0 0.80390625 0.66875 0.06640625 0.10234374999999996
0 0.0796875 0.9468749999999999 0.022656250000000003 0.08828124999999998
0 0.1078125 0.85546875 0.02500000000000001 0.09062499999999996
0 0.61171875 0.55859375 0.08515625000000004 0.109375
0 0.7109375 0.55625 0.07890624999999996 0.11328125
0 0.79296875 0.5578125 0.059374999999999956 0.11484375000000002
0 0.7171875000000001 0.44375 0.07578125000000002 0.10390625000000003
0 0.78359375 0.45625 0.061718750000000044 0.11093750000000002
0 0.7875 0.365625 0.05859375 0.11015625000000001
0 0.49453125 0.24921875 0.07656250000000003 0.08671874999999996
0 0.41796875 0.25 0.07734375000000004 0.08515625000000002
0 0.3421875 0.2546875 0.07578124999999997 0.08671874999999998
0 0.2734375 0.2578125 0.06875000000000003 0.08437500000000003
0 0.21015625 0.259375 0.06328124999999998 0.08671875000000001
0 0.01796875 0.26953125 0.014843750000000001 0.08359374999999997
0 0.03515625 0.2703125 0.0390625 0.07968750000000002
0 0.02109375 0.1734375 0.021874999999999995 0.07421875
0 0.05 0.17343750000000002 0.04218750000000001 0.0796875
0 0.09609375 0.16796875 0.04765625 0.08046874999999998
0 0.153125 0.159375 0.057031250000000006 0.07578125
0 0.28203125 0.16015625 0.07187500000000002 0.08046874999999999
0 0.34843750000000007 0.16796875 0.07890625000000001 0.08359375000000002
0 0.7132812499999999 0.17890624999999996 0.06874999999999998 0.08749999999999997
0 0.77421875 0.20078125 0.05937500000000007 0.09296874999999999
0 0.7515625000000001 0.09453125 0.06406250000000002 0.07265625
0 0.6765625 0.08515625 0.06874999999999998 0.06484375
0 0.59296875 0.08046875 0.07109374999999996 0.06484374999999999
0 0.5015625 0.07734375 0.07109375000000001 0.06640625
0 0.41171875 0.07734375 0.07265625000000003 0.06562499999999999
0 0.321875 0.0796875 0.06718750000000001 0.06484375
0 0.42421875 0.953125 0.0390625 0.08515625000000004
0 0.48359375 0.95234375 0.03749999999999998 0.07734374999999993
0 0.52421875 0.95 0.0390625 0.08046874999999976
0 0.03515625 0.9453125 0.01953125 0.08359374999999991
0 0.12890625 0.85 0.0234375 0.09062499999999996
0 0.16171875000000002 0.95 0.029687500000000006 0.08828124999999976
0 0.13671875 0.9484375 0.02812500000000001 0.08750000000000024
0 0.20625 0.9476562500000001 0.029687500000000006 0.09140625000000002
0 0.24374999999999997 0.08046875 0.06874999999999995 0.0859375
0 0.09140625 0.44765625 0.04609375 0.09140624999999991
0 0.4671875 0.8484375 0.04062499999999997 0.09531250000000002
0 0.64609375 0.16953125000000002 0.07499999999999996 0.08359375
0 0.6460937500000001 0.4421875 0.07968750000000002 0.10312500000000002
0 0.0640625 0.35234374999999996 0.043750000000000004 0.08906249999999999
0 0.5078125 0.56640625 0.08906250000000004 0.109375
0 0.32499999999999996 0.44375 0.07734374999999999 0.09843750000000001
0 0.15625 0.34921875 0.05546874999999998 0.09062500000000001
0 0.65546875 0.34375 0.07656249999999998 0.09765625
0 0.27734375 0.34375 0.07265625000000003 0.09296874999999999
0 0.42890625 0.16484375 0.07656249999999998 0.08749999999999997
0 0.5703125 0.8484375 0.039843749999999956 0.09218749999999976
0 0.1578125 0.26484375 0.05781249999999999 0.0875
0 0.0296875 0.35625 0.03749999999999999 0.08437499999999998
0 0.578125 0.34296875 0.07890624999999996 0.09765625
0 0.0515625 0.446875 0.040625 0.08984375
0 0.2171875 0.67265625 0.06718750000000001 0.10703125000000002
0 0.1109375 0.26875 0.05546875000000001 0.08671874999999996
0 0.18984375 0.44453125000000004 0.0625 0.09843750000000001
0 0.0703125 0.27109375 0.053906249999999996 0.08437500000000003
0 0.58125 0.67109375 0.08515625000000004 0.10781249999999998
0 0.5015625 0.34062500000000007 0.08359374999999997 0.09843750000000001
0 0.36953125 0.8484375 0.03749999999999998 0.09218749999999976
0 0.40078125 0.5609375 0.08749999999999997 0.10859375000000004
0 0.13828125 0.44765625 0.0546875 0.09453125000000001
0 0.309375 0.6703125 0.08046874999999998 0.11015624999999996
0 0.565625 0.44609374999999996 0.08437499999999998 0.10468749999999999
0 0.346875 0.34140625 0.078125 0.09453125000000001
0 0.64921875 0.840625 0.04062500000000002 0.09375
0 0.24140625 0.85078125 0.032031249999999956 0.09375
0 0.6234375 0.94921875 0.038281250000000044 0.08671874999999996
0 0.1765625 0.08359375 0.06640625 0.08203125
0 0.425 0.340625 0.07968750000000002 0.09531250000000002
0 0.40625 0.44765625 0.08203125 0.10000000000000003
0 0.25234375 0.446875 0.07031249999999997 0.09687499999999999
0 0.64609375 0.25703125 0.07499999999999996 0.09843749999999996
0 0.026562499999999996 0.54375 0.03984375 0.09843749999999996
0 0.29765624999999996 0.55546875 0.07734374999999999 0.10781249999999998
0 0.49687499999999996 0.66953125 0.07734374999999999 0.10624999999999996
0 0.66484375 0.6671875 0.07890624999999996 0.10859375000000004
0 0.43125 0.84765625 0.03750000000000003 0.09531249999999991
0 0.20937499999999998 0.5515625 0.06875 0.10312500000000002
0 0.41796875 0.6671875 0.08437499999999998 0.10624999999999996
0 0.2890625 0.9515625000000001 0.03593750000000001 0.08750000000000002
0 0.72421875 0.3499999999999999 0.07421875 0.10078124999999993
0 0.5734375 0.16484375 0.07578125000000002 0.084375
0 0.10703125 0.3515625 0.05156250000000001 0.08906249999999999
0 0.0734375 0.5453125 0.045312500000000006 0.09921874999999991
0 0.71171875 0.26171875 0.07109374999999996 0.09453124999999998
0 0.0671875 0.84140625 0.021093749999999994 0.09140624999999991
0 0.53515625 0.8484375 0.039843749999999956 0.09609374999999976
0 0.21171875 0.34765625 0.0640625 0.09140624999999997
0 0.1953125 0.85078125 0.029687499999999978 0.09140625000000024
0 0.1640625 0.8515625 0.02734375 0.08984375
0 0.584375 0.9546875 0.035937499999999956 0.08515625000000004
0 0.13203125 0.5484375 0.05781250000000002 0.10078125000000004
0 0.5046875 0.1609375 0.07656249999999998 0.08593750000000001
0 0.61015625 0.8421875 0.0390625 0.09375
0 0.048437499999999994 0.84140625 0.02109375 0.08906250000000004
0 0.27421875 0.85078125 0.03359374999999998 0.09375
0 0.66796875 0.94453125 0.03749999999999998 0.09140625000000024
0 0.48671875 0.44765625 0.08749999999999991 0.10312499999999997
0 0.33203125 0.85078125 0.03515625 0.09296874999999993
0 0.07265625 0.08828125 0.05625000000000001 0.08749999999999998
0 0.38203125 0.95625 0.03671875000000002 0.0859375
0 0.03203125 0.09765625 0.043750000000000004 0.08437499999999999
0 0.140625 0.6703125 0.06093749999999999 0.1015625
0 0.2359375 0.9484375 0.03203125000000001 0.0859375
0 0.03203125 0.84375 0.01953125 0.08984375
0 0.02734375 0.66015625 0.0359375 0.10078125000000004
0 0.68984375 0.8382812500000001 0.0390625 0.09531250000000002
0 0.0859375 0.8421875 0.022656250000000003 0.09062499999999996
0 0.10234375 0.9476562500000001 0.02421875000000001 0.08828124999999998
0 0.77734375 0.28203125 0.07109374999999996 0.10234374999999998
0 0.32578125 0.95078125 0.03593750000000001 0.08671874999999996
0 0.74296875 0.66796875 0.07499999999999996 0.109375
0 0.07734375 0.6656249999999999 0.0484375 0.10390624999999998
0 0.72265625 0.84453125 0.03749999999999998 0.09140625000000002
0 0.05000000000000001 0.946875 0.02109375000000001 0.0859375
0 0.70234375 0.9359375 0.03515625 0.09375
0 0.11953125 0.0796875 0.05312499999999999 0.06484375
0 0.21328125 0.15625 0.06328125000000001 0.07421875
0 0.56953125 0.25625 0.07656249999999998 0.09531249999999997
