0 0.27921595093255513 0.8104977014773161 0.057772501159549794 0.0872044314822984
0 0.21986322279182569 0.8133503233091004 0.05237761704431931 0.0957509880462647
0 0.12278418067631092 0.7899628681568909 0.03592509209850081 0.09014180585093223
0 0.11894273628224739 0.7063989766185605 0.03505011539127545 0.07919801087539824
0 0.20175219378340947 0.7056891142282233 0.04760323066619332 0.0855549302928954
0 0.17708959500326166 0.01603143237767518 0.0424136417578701 0.026923152114318172
0 0.12952215447027554 0.026595814956219294 0.040244095056410356 0.04721481539600875
0 0.09991610695744435 0.03622494949250951 0.034155048239040475 0.06591055200832191
0 0.7488860619818943 0.6424030496224349 0.07039258458449926 0.10137356387160323
0 0.8090735859398299 0.6457935013530938 0.05943539597895897 0.0989361445700162
0 0.6762726622341013 0.6477131812008154 0.07034570687947717 0.09590501479133773
0 0.3455126121528701 0.7974289314471533 0.07585443684976156 0.10063922027944461
0 0.6044806646735081 0.6577039437472774 0.07976724015066872 0.10145392565164135
0 0.5287959542570175 0.669290632963117 0.07820479755630722 0.10144053202163505
0 0.45154880124616537 0.6808907158089627 0.08133637956003348 0.10224854057882848
0 0.17054582884438907 0.8020539031965891 0.05546901815802663 0.09187166882037334
0 0.3797501068705691 0.690100257058244 0.07194833036385773 0.1006057362044287
0 0.8653014288918363 0.6429676667813223 0.057872953384597414 0.09892275094000991
0 0.25329940576733434 0.7036846818436517 0.0625201002776632 0.09427560404694435
0 0.0876537035049974 0.7019795214356033 0.03665273887565623 0.08389873228848943
0 0.3149824041695997 0.6992495269724965 0.061765666240494954 0.09739379242066437
0 0.15877162880846052 0.7044949964590366 0.04450513273748302 0.0886530282216057
0 0.08832338500531561 0.7801016511536807 0.04681531255400928 0.08476701218071148
