0 0.7207840490674449 0.8104977014773161 0.057772501159549794 0.0872044314822984
0 0.7801367772081743 0.8133503233091004 0.05237761704431931 0.0957509880462647
0 0.8772158193236891 0.7899628681568909 0.03592509209850081 0.09014180585093234
0 0.8810572637177526 0.7063989766185605 0.03505011539127545 0.07919801087539824
0 0.7982478062165905 0.7056891142282233 0.04760323066619332 0.0855549302928954
0 0.8229104049967384 0.01603143237767518 0.0424136417578701 0.026923152114318172
0 0.8704778455297244 0.026595814956219294 0.040244095056410356 0.04721481539600875
0 0.9000838930425556 0.03622494949250951 0.034155048239040475 0.06591055200832191
0 0.25111393801810566 0.6424030496224349 0.07039258458449937 0.10137356387160323
0 0.19092641406017005 0.6457935013530938 0.05943539597895903 0.0989361445700162
0 0.3237273377658986 0.6477131812008154 0.07034570687947717 0.09590501479133773
0 0.6544873878471299 0.7974289314471533 0.07585443684976156 0.10063922027944461
0 0.39551933532649175 0.6577039437472774 0.07976724015066866 0.10145392565164135
0 0.47120404574298247 0.669290632963117 0.07820479755630722 0.10144053202163505
0 0.5484511987538346 0.6808907158089627 0.08133637956003348 0.10224854057882848
0 0.8294541711556109 0.8020539031965891 0.05546901815802663 0.09187166882037334
0 0.6202498931294309 0.690100257058244 0.07194833036385773 0.1006057362044287
0 0.13469857110816377 0.6429676667813223 0.05787295338459747 0.09892275094000991
0 0.7467005942326657 0.7036846818436517 0.0625201002776632 0.09427560404694435
0 0.9123462964950027 0.7019795214356033 0.03665273887565623 0.08389873228848943
0 0.6850175958304003 0.6992495269724965 0.061765666240494954 0.09739379242066437
0 0.8412283711915395 0.7044949964590366 0.04450513273748302 0.0886530282216057
0 0.9116766149946844 0.7801016511536807 0.04681531255400928 0.08476701218071148
