0 0.03961525715769432 0.5952094766966018 0.053823383202603714 0.09812865041642838
0 0.0785712033268973 0.5917755294806335 0.0558826631635167 0.10217236485576375
0 0.01340482227306014 0.3976137672301262 0.02680964454612028 0.09006122590552262
0 0.06593168324980939 0.08096565416717405 0.058962445560544696 0.06646526353705719
0 0.1618435396860648 0.9654426360125248 0.035093581994820044 0.06911472797495055
0 0.18779250276229892 0.9638678140215735 0.04122851054790899 0.07226437195685287
0 0.2767171013424642 0.9590109106106436 0.04450203004359027 0.08197817877871283
0 0.9203254799008878 0.889961998651107 0.0444799382635368 0.09983677386023526
0 0.8912759148780289 0.9077261056653707 0.04682132244331705 0.09687256329327976
0 0.8897404764861141 0.8154458589117939 0.04480495381205385 0.103762766132391
0 0.9179229093027748 0.79774061298112 0.04673422755356038 0.10623608366286397
0 0.8557923142249884 0.8161710442629304 0.03743496617460018 0.08764676945863947
0 0.8201748906611701 0.8177991502356774 0.044632036262997166 0.09125845194508198
0 0.028427897274135167 0.09140752638943322 0.053217535665676385 0.06997922822408509
0 0.2589436078292628 0.3584407740978569 0.08590727483192684 0.10030651050924771
0 0.34857387114068117 0.050725301471301415 0.08263502756670221 0.07119530661170409
0 0.4995198781288226 0.041268671381122696 0.08549643662410972 0.07451268368019809
0 0.2800054237413421 0.054590128620457534 0.07743223432951482 0.07084214011016587
0 0.1888359053466382 0.364778918777486 0.07344240839663882 0.0955564630668359
0 0.18135291434800335 0.46398822508599924 0.07929523273086053 0.10376161411268608
0 0.5730311063265354 0.03561254341819611 0.08723070103650554 0.07122508683639223
0 0.644873073221556 0.03173685007037877 0.08356716288260368 0.06347370014075754
0 0.081029407559229 0.3792033403160808 0.0611075481807577 0.09237681253328633
0 0.42407937618960356 0.04638958565342763 0.08642857194001102 0.07535674321821889
0 0.3353812481940866 0.35483139565082467 0.09210720649471893 0.1022889350032381
0 0.6549167494641639 0.9387728132031445 0.051439087693173624 0.09015894370493716
0 0.030774834238028986 0.4884224868939603 0.05250122922848194 0.09257340015182036
0 0.6723706608565603 0.32800844186227057 0.10283780851761137 0.10692126027847071
0 0.6806910588985982 0.4285138440294625 0.10489708847852397 0.11096497471780598
0 0.5941728476079164 0.4367555477517273 0.10396495316262289 0.11012091517978506
0 0.32416971593184635 0.451135352475972 0.0933643573591375 0.10705898681341497
0 0.2161626560312132 0.06287184107825222 0.07448373038235045 0.07688828341125653
0 0.6213845143326829 0.8391891840056231 0.04922770973280044 0.09469355118075518
0 0.7135065237305986 0.03074178875114741 0.08116077559312018 0.06148357750229482
0 0.7567424972965721 0.3254397105717932 0.09243222204323609 0.10621492727539406
0 0.03905995433315829 0.38836912104742627 0.054040484311767334 0.09033552695570629
0 0.5011335057972961 0.345159325594052 0.10184067009200648 0.10529200228601854
0 0.11917940794056675 0.47136701692218325 0.06769749850177043 0.09907042775386377
0 0.6970106561255276 0.5308450918076406 0.10262070740844753 0.11471438373919274
0 0.722293049108788 0.9310408548654222 0.04803556197808556 0.09070869782500934
0 0.5892559752809667 0.33522950279574537 0.09750500906101678 0.10499769686806998
0 0.6610775864886769 0.8341259787972027 0.04823057130719566 0.093064293188303
0 0.7740107688353426 0.028230190514702186 0.0779522592071421 0.05646038102940437
0 0.7620714800617958 0.4214105052631672 0.09503361866183002 0.10639151052616325
0 0.7026999323861769 0.8313006467848965 0.049162706623097074 0.0939083527263237
0 0.18798195930729542 0.575662988865997 0.08068238981468584 0.11010206283172519
0 0.15925694597066758 0.07068266486732916 0.06633243319799864 0.0825812602108088
0 0.41615454958989984 0.3509277117858438 0.09663787685481884 0.10493883578448027
0 0.25133061061122114 0.4560796834975078 0.0782980943052557 0.10213235612023391
0 0.09557738182822648 0.8709330083888328 0.03195006871854551 0.09430152796339208
0 0.502256833750937 0.4429948226122368 0.10303281784672147 0.10927685564176415
0 0.8411105170452133 0.4176245435653657 0.08896369321844455 0.10597948294103521
0 0.11301683482331074 0.08092794947105433 0.058853258890734506 0.08597750273065735
0 0.41448147159583687 0.4465841966915042 0.09876215992543524 0.10976774867824673
0 0.22636224696465207 0.8707410288491191 0.04042638145141439 0.09253454343599565
0 0.12853985573785953 0.5844355943602743 0.07001679090149715 0.10625493601092395
0 0.5744943720882918 0.8415824840650364 0.051351992803416735 0.09952246407452159
0 0.12666239893920164 0.3721577106136701 0.06650535074705538 0.09508557439811821
0 0.3937799491791833 0.9549196024547857 0.04771054642956829 0.08678270555285372
0 0.14189949894351261 0.9664532766174322 0.038432104600204964 0.06709344676513562
0 0.49604036309220506 0.8524352318527185 0.04935771595220728 0.09626394808961769
0 0.6070239160100543 0.5393222398642643 0.10303281784672158 0.10927685564176415
0 0.2590217971058214 0.5700511815572094 0.08248165733678514 0.11100498345333587
0 0.06927575863930802 0.4794921504969737 0.05709690269828516 0.09600849938749362
0 0.6148336586499493 0.9391248276849777 0.04877268796487644 0.08919716199973682
0 0.1656629925307977 0.8748613047003988 0.03615572353012819 0.0930254364724784
0 0.07910186991046603 0.8720513689770374 0.03095293029294066 0.09267226997093991
0 0.8174175793517455 0.9214253418528291 0.04729843599129424 0.09222023365028187
0 0.5115743702185798 0.5450117606047014 0.10255570429874405 0.11392918528476159
0 0.5323299095331109 0.8483926694330881 0.05022484815840522 0.09632280917320724
0 0.28966289801710016 0.8664441697470702 0.04328779050882181 0.09585192050448954
0 0.3166701859372718 0.9588496186406243 0.0433748853985787 0.08230076271875131
0 0.7647175241027826 0.9273714633150951 0.047103426662184145 0.08986463828698865
0 0.4482830886416161 0.8548873929957215 0.04942271906191065 0.09704914654404873
0 0.056881448097837184 0.8775077494225259 0.030215804306149674 0.09418380579621266
0 0.543316707303446 0.9495066868039421 0.04684341422337057 0.08672384446926362
0 0.7826711046854958 0.8282410224579365 0.04569417779830531 0.09367290839196496
0 0.7848731131703847 0.5177744751916092 0.09394938534646813 0.11412577290329567
0 0.4059236167573248 0.8593419830004798 0.0501598450487018 0.09553761071877587
0 0.35135547418518864 0.9578539813115404 0.044177014495073275 0.08429203737691915
0 0.25844613859397514 0.8685631687562996 0.040686393890228045 0.09567533725372024
0 0.3391450674046005 0.5582955131479166 0.09449150200414907 0.11025864171472943
0 0.11645355788667999 0.870305540837111 0.03355432691153448 0.09284885322170888
0 0.7449944011607648 0.8260608583257072 0.046691316223910095 0.09530216638441713
0 0.2144785918253242 0.962818028695915 0.03743496617460004 0.07436394260816992
0 0.09167083409373672 0.9682632549378158 0.032492185376226224 0.0634734901243682
0 0.41959335325189684 0.5504658370107798 0.09522862799094017 0.10874710588945685
0 0.11161487483628887 0.9679642364328525 0.03322931136301738 0.0640715271342952
0 0.3286838472960065 0.863795420985533 0.045824184017712155 0.09524330530082747
0 0.06652400011399698 0.9689351563071564 0.031690056279731815 0.06212968738568725
0 0.5063121266558026 0.9449120662248294 0.046908417333073826 0.08750904292369521
0 0.3723654731544196 0.8647783590782032 0.04135851676731578 0.09337860297401679
0 0.43887082390147514 0.9518588261081204 0.043374885398578755 0.08648840013490511
0 0.20294967739730818 0.8723302781060414 0.03782498483282071 0.09235796018522646
0 0.1439846873758497 0.8763328317901418 0.03381433935034811 0.0959896470394338
0 0.010099639429798107 0.1023402916481751 0.020199278859596215 0.06974378388972624
0 0.8483093232263533 0.9153803505714435 0.04122851054790888 0.09180820606515416
0 0.17953710782996438 0.8739195273629636 0.02915366277084136 0.09176934934932934
0 0.24309395462985556 0.9620136898884977 0.03910422747729256 0.07597262022300466
