1 0.10157488372629564 0.542403468701786 0.11226889804501905 0.48264642734433444
1 0.17624937079415176 0.559254281216296 0.11690730299718269 0.48638863451339637
1 0.2685489966585555 0.5779792925599325 0.11226945619967565 0.4938702349927984
1 0.36548744609111533 0.5845461169039738 0.10021036613541445 0.49947970013947135
3 0.4656694393648255 0.6556504917937205 0.09650034916958217 0.5107027574256096
3 0.5621440669073231 0.6622172223424712 0.10763198150527287 0.5088343739045107
4 0.6558295303824566 0.7941159088606624 0.11133576574410842 0.3722787978771873
3 0.7523087627008698 0.7080862263095816 0.12804060979684273 0.5181916739376913
3 0.860380286368648 0.6875310999234792 0.13824338901732247 0.49200485292100504
3 0.875704920870104 0.31527790816067136 0.08164669954294501 0.2824823337908613
