3 0.11724840454845989 0.3631050308074895 0.0863672629786944 0.2759320826992667
3 0.14933170990668404 0.7318913025476962 0.15925316959877345 0.5037670415803963
3 0.2545216613293163 0.7393501070830971 0.14150656433493153 0.5212997858338058
3 0.44093587373866827 0.6708098805750302 0.12383338248839876 0.5271397068318728
3 0.5368219919329276 0.6483755751613465 0.11822171318445107 0.5144294365097991
4 0.35789175468375106 0.812791813323203 0.12775248993635668 0.374416373353594
1 0.6365909837737236 0.5651934857199719 0.1172729262165636 0.5083338909397519
1 0.7342383168837785 0.5071425422754956 0.12122922328041008 0.42987825949640757
1 0.8247056941660845 0.511761093696711 0.1295801219801198 0.5010221348456636
1 0.8988747667831319 0.4844027550404062 0.13120600353315548 0.5015433881823368
