3 0.5454962384196335 0.577266998115364 0.10549742749816876 0.5709767556214247
3 0.4386744752875628 0.6450987173053422 0.11053473019798388 0.5828507361074982
4 0.34955011207304076 0.7263704620979619 0.10897454800256601 0.409031315590513
3 0.2514527563338242 0.6260781832367666 0.12543324494932073 0.5877533961956127
3 0.16380253067686634 0.5948959642660184 0.12187226296388262 0.5490816996212871
1 0.08624921435187943 0.5606876775945087 0.12990779678567654 0.5387099060410175
1 0.6261303911148809 0.4281069256394286 0.10293452416348181 0.5407408000049813
1 0.7181811573470982 0.4064609570591676 0.11584745730227064 0.5431912870140645
1 0.8329944488128804 0.38036595231768916 0.11899323946979867 0.5198309552505193
1 0.9339860520776687 0.36743197806859884 0.12825047814307955 0.51368638126674
