3 0.8976884670237814 0.37084625502971025 0.098647818711594 0.3059756721311946
3 0.8553905816371092 0.7439881566221527 0.17057435104534657 0.5120236867556947
3 0.7448458471667202 0.7346599929234099 0.1656106702232154 0.5306800141531802
4 0.6419705496549757 0.8069016848877304 0.13699889674081323 0.3861966302245392
3 0.5606042389918526 0.6540616091900749 0.13805800110201322 0.5589756975300817
3 0.4651064640060899 0.6208005224342821 0.1318719491464806 0.5542308300841627
1 0.36643402965645994 0.5257207069297853 0.1343067752831847 0.5455440954125956
1 0.2692029241006299 0.48959445304782784 0.14527092999592706 0.5437765237789683
1 0.17895711316447904 0.43846455162156206 0.14864356258733724 0.538447689636772
1 0.10328192138802683 0.4048254720728205 0.14405103789504947 0.5356789796519428
