3 0.887155376320699 0.43598970360774747 0.10196696309989373 0.29338050638924407
3 0.8383188266533989 0.7693809697245216 0.1766605867821498 0.46123806055095673
3 0.7296685896689221 0.7564088143096012 0.1721218749343718 0.4871823713807977
4 0.6270570689864401 0.8206930283225129 0.14146148777533496 0.3586139433549742
3 0.5500356241859268 0.6765147576205474 0.1451850266353667 0.5325659211591476
3 0.4566152663039652 0.6377097808691709 0.1390649546230993 0.5276408324296396
1 0.36120596176364045 0.5404058261705715 0.14127348900220016 0.5197339286297589
1 0.2661315729431946 0.49876557817064504 0.15192753317056285 0.5189693592674001
1 0.1782112223964124 0.44353354717766386 0.15511395195795452 0.5142704535998662
1 0.10431616928559095 0.40592161141913496 0.1505847194935419 0.5113173119216381
