1 0.07785329756578925 0.5658082478770224 0.1292058508769606 0.6100083747687581
3 0.15582234550878268 0.6045232613683892 0.1225227896247041 0.6224600548953643
3 0.2440687836112063 0.6475504942636161 0.1363431311787759 0.6504189435616442
3 0.4296469343823178 0.6621288498951715 0.11005474967698531 0.6571474153915953
4 0.34075655964321494 0.7546453375569584 0.10960918388881924 0.46314314429475933
3 0.535246026177637 0.584415000259258 0.10488618653425757 0.6490732491956437
1 0.6158995158086804 0.40846377978816617 0.10243557469934228 0.6019739463860072
1 0.7077092131363805 0.3883054586761565 0.1164726303787802 0.6077510998829447
1 0.8223969343708262 0.3561357637767037 0.11881749881931603 0.5799163529793315
1 0.9244720058415659 0.3444119113457293 0.12691869496778652 0.5809358184081078
