3 0.8610612057635212 0.21356272790217068 0.09588970041018807 0.29314878170342684
3 0.867102187751555 0.5893601541242847 0.1710919843601454 0.5222607995763437
3 0.7610424060502106 0.6357852325689775 0.16105212010259873 0.5293944747058801
4 0.6725414247944228 0.7534305457896684 0.13440175423562828 0.39207329661928325
3 0.5750062377973432 0.6408841673826084 0.13497040742293254 0.5257944529268164
3 0.5939546004816502 0.8886922812843026 0.003608445879723643 0.005835563768390339
3 0.47827213892910425 0.6570502329802755 0.1334340550944284 0.5270194103087806
1 0.36973107100343344 0.6198642840339027 0.1360781667732639 0.517941112718997
1 0.2714606198066895 0.6381195836625333 0.14626061494517473 0.5255052297853853
1 0.1902149103029434 0.6417868220640113 0.14325962286288874 0.5165715437663168
