3 0.8934380720434489 0.2814594192107222 0.08610662637848521 0.288858623701153
3 0.8736888458098515 0.6834543371948265 0.14772421222730936 0.518340752530402
3 0.7583533646056421 0.7019091937090667 0.14140445983255812 0.5359932239788057
4 0.6560523727156069 0.8006025568069608 0.12007529550027352 0.3931686822599024
3 0.5612560867943388 0.6537660897588746 0.1121756050068341 0.5392027642421522
3 0.4601400484783198 0.6457422391005087 0.10585585261208275 0.535993223978805
1 0.351914288718205 0.5767371234385672 0.10901572880945831 0.5263646031887674
1 0.2488233277788261 0.5663061175826919 0.1208652645496171 0.5215502927937474
1 0.15205211923419798 0.5390250253442502 0.12481510979633537 0.5151312122670559
1 0.07147527620111971 0.5253844792250287 0.12007529550027196 0.5135264421353827
