3 0.8774179389293726 0.31854139093521244 0.0804355700722924 0.27662649406633577
3 0.8572548012005292 0.6923312790440719 0.14356590798997526 0.4927614719120137
3 0.7490141178877703 0.7082924283904076 0.13284856568542047 0.5025465125467521
4 0.6532037621738748 0.7997369235162879 0.11388244903239397 0.3684569234430458
3 0.5644630742320602 0.6607104576931814 0.106349986568131 0.5052951251932056
3 0.565983932957844 0.9114283782053956 0.0033422101488888023 0.005087238730639876
3 0.4675609761610551 0.6493501277039586 0.10470187207770731 0.50692905606746
1 0.3626803982957749 0.5818251783965631 0.10796131612412041 0.49697711393563226
1 0.2641117932671284 0.5720987792815946 0.11793276916913475 0.5022127095525741
1 0.18341445592347416 0.5527449687235828 0.1154008219150453 0.49380197524106184
