3 0.10656192795655099 0.2814594192107222 0.08610662637848523 0.288858623701153
3 0.12631115419014852 0.6834543371948265 0.14772421222730941 0.518340752530402
3 0.24164663539435793 0.7019091937090667 0.1414044598325582 0.5359932239788057
4 0.3439476272843931 0.8006025568069608 0.1200752955002734 0.3931686822599024
3 0.4387439132056612 0.6537660897588746 0.11217560500683399 0.5392027642421521
3 0.5398599515216802 0.6457422391005087 0.10585585261208286 0.535993223978805
1 0.648085711281795 0.5767371234385672 0.10901572880945831 0.5263646031887674
1 0.7511766722211739 0.5663061175826919 0.1208652645496171 0.5215502927937474
1 0.8479478807658021 0.5390250253442502 0.12481510979633537 0.5151312122670559
1 0.9285247237988803 0.5253844792250287 0.12007529550027196 0.5135264421353827
