3 0.8827515954515401 0.3631050308074895 0.08636726297869446 0.2759320826992667
3 0.850668290093316 0.7318913025476962 0.15925316959877345 0.5037670415803963
3 0.7454783386706837 0.7393501070830971 0.14150656433493158 0.5212997858338058
3 0.5590641262613317 0.6708098805750302 0.12383338248839876 0.5271397068318728
3 0.46317800806707243 0.6483755751613465 0.11822171318445118 0.5144294365097992
4 0.6421082453162489 0.812791813323203 0.12775248993635668 0.3744163733535939
1 0.36340901622627647 0.5651934857199719 0.1172729262165636 0.5083338909397519
1 0.26576168311622156 0.5071425422754956 0.12122922328041008 0.4298782594964075
1 0.17529430583391548 0.511761093696711 0.1295801219801198 0.5010221348456636
1 0.10112523321686806 0.4844027550404062 0.13120600353315548 0.5015433881823368
