1 0.0970942593905026 0.6128239542588995 0.12331679659815656 0.4664769924702268
3 0.1715095676824936 0.6424295528111211 0.11693834160170026 0.4759988655082197
3 0.2557338344949252 0.6753327309074711 0.13012876786160285 0.49737919213537496
3 0.43285354630655126 0.6864808852139547 0.1050385805941692 0.5025244941229847
4 0.3480146927497229 0.7572287875435564 0.10461332318285665 0.35416828681363954
3 0.5336395527875897 0.6270526472570797 0.10010559462294227 0.49635013173784515
1 0.6106169489988043 0.49250171395565645 0.09776667886072132 0.4603330178245937
1 0.6982420657737378 0.4770865272229432 0.11116394166507093 0.46475084108695763
1 0.8077024524031495 0.45248617229983223 0.11340193369537266 0.44346544639595936
1 0.9051250593583586 0.4435208733820283 0.12113388662832492 0.4442450376062001
