1 0.8940930578550663 0.6255353868466752 0.1364482025645981 0.503485936805774
1 0.8189545916738433 0.6266714327184671 0.14125374646985311 0.5081765547446679
1 0.726189680143009 0.6259839302845169 0.13702513119219628 0.5146492855467432
1 0.6294365402626836 0.6122332983559453 0.12531918616291782 0.5177102555182768
3 0.5261367967197658 0.6619932705036153 0.12220552730033862 0.5280980029057224
3 0.4298449802757136 0.6483395887442345 0.133181134999605 0.5285642488427985
4 0.3298787347744484 0.7599250022741547 0.12985242418733794 0.39351910718119454
3 0.23834657950808166 0.6541736934017759 0.15396014005191422 0.5421328469046527
3 0.1319159213405871 0.6111181646219579 0.16276308885217383 0.5182179368979142
3 0.1358270474256117 0.23766774246318623 0.0957122952451307 0.29800750642524876
