3 0.11284462367930095 0.43598970360774747 0.10196696309989367 0.293380506389244
3 0.16168117334660112 0.7693809697245216 0.17666058678214985 0.46123806055095673
3 0.2703314103310779 0.7564088143096012 0.17212187493437187 0.4871823713807977
4 0.37294293101355996 0.8206930283225129 0.14146148777533496 0.3586139433549742
3 0.4499643758140732 0.6765147576205474 0.1451850266353667 0.5325659211591476
3 0.5433847336960348 0.6377097808691709 0.13906495462309937 0.5276408324296396
1 0.6387940382363595 0.5404058261705715 0.14127348900220016 0.519733928629759
1 0.7338684270568054 0.49876557817064504 0.15192753317056285 0.5189693592674001
1 0.8217887776035876 0.44353354717766386 0.15511395195795452 0.5142704535998662
1 0.895683830714409 0.40592161141913496 0.1505847194935419 0.5113173119216381
