3 0.4713277332297747 0.6400637165929486 0.12159601339231907 0.5704678033975621
3 0.5770690547913413 0.6879084494269683 0.1268778450401532 0.5828059090633206
4 0.6661324970671142 0.7517212577179613 0.1194469421160147 0.41424278484208255
3 0.7577000843753419 0.6382345573636388 0.14147042945176846 0.5900403028908341
3 0.8415060287106111 0.593408634938712 0.13670533336174884 0.552001475796907
1 0.915432496128268 0.5473383870093878 0.14413253995128927 0.5433004161319641
1 0.3881727434475374 0.5090997982506821 0.11808463376189304 0.5407636105284996
1 0.29830662755867 0.5035089009007936 0.13067114318003958 0.5452921627964042
1 0.18624898916046773 0.4974104224950957 0.1329214240050569 0.5231984481278265
1 0.08802256757724325 0.5017477043193755 0.1416755336863793 0.5187944084254086
