1 0.9221467024342107 0.5658082478770224 0.12920585087696057 0.6100083747687581
3 0.8441776544912173 0.6045232613683892 0.12252278962470409 0.6224600548953643
3 0.7559312163887937 0.6475504942636161 0.13634313117877594 0.6504189435616443
3 0.5703530656176821 0.6621288498951715 0.11005474967698536 0.6571474153915953
4 0.6592434403567851 0.7546453375569584 0.10960918388881913 0.46314314429475933
3 0.46475397382236305 0.584415000259258 0.10488618653425763 0.6490732491956437
1 0.38410048419131954 0.40846377978816617 0.10243557469934228 0.6019739463860072
1 0.29229078686361953 0.3883054586761565 0.1164726303787802 0.6077510998829447
1 0.17760306562917383 0.3561357637767037 0.11881749881931603 0.5799163529793315
1 0.07552799415843414 0.3444119113457293 0.12691869496778652 0.5809358184081078
