3 0.10231153297621862 0.37084625502971025 0.09864781871159395 0.3059756721311946
3 0.14460941836289076 0.7439881566221527 0.17057435104534657 0.5120236867556948
3 0.2551541528332798 0.7346599929234099 0.1656106702232153 0.5306800141531802
4 0.35802945034502437 0.8069016848877304 0.13699889674081323 0.3861966302245392
3 0.43939576100814737 0.6540616091900749 0.13805800110201316 0.5589756975300817
3 0.5348935359939101 0.6208005224342821 0.13187194914648065 0.5542308300841629
1 0.6335659703435401 0.5257207069297853 0.1343067752831847 0.5455440954125957
1 0.73079707589937 0.48959445304782784 0.14527092999592706 0.5437765237789683
1 0.821042886835521 0.43846455162156206 0.14864356258733724 0.538447689636772
1 0.8967180786119732 0.4048254720728205 0.14405103789504947 0.5356789796519428
