3 0.5342238551946372 0.627702248364801 0.10049663786288643 0.4954063026715303
3 0.43246565786281055 0.6865562400149292 0.10529516231257358 0.5057087269167999
4 0.3475659682008456 0.7570714303497021 0.1038089358821162 0.3548948179388275
3 0.2541186238549191 0.6700531295730768 0.11948745758618062 0.509962505522664
3 0.17062319467395198 0.642997968995516 0.11609527328829294 0.47640912173023436
1 0.09674606107357704 0.6133172496775885 0.12374990669191613 0.4674100655355887
1 0.611035787342799 0.49828395018715127 0.09805522128608801 0.4691721647102044
1 0.6987231626506087 0.4795028892131013 0.11035605549760519 0.47129832255632065
1 0.8080940738463628 0.4568616350991715 0.11335272128162233 0.4510297994085387
1 0.9042984725808239 0.44563951038304894 0.12217114827668019 0.44569847786378913
