3 0.5342238551946372 0.627702248364801 0.10049663786288641 0.49540630267153035
3 0.43246565786281055 0.6865562400149292 0.10529516231257359 0.5057087269167998
4 0.3475659682008456 0.7570714303497023 0.10380893588211623 0.35489481793882754
3 0.2541186238549191 0.6700531295730768 0.1194874575861806 0.509962505522664
3 0.17062319467395198 0.642997968995516 0.11609527328829293 0.4764091217302343
1 0.09674606107357704 0.6133172496775885 0.12374990669191611 0.4674100655355888
1 0.611035787342799 0.4982839501871513 0.098055221286088 0.46917216471020445
1 0.6987231626506087 0.4795028892131013 0.1103560554976052 0.47129832255632065
1 0.8080940738463628 0.4568616350991715 0.11335272128162231 0.45102979940853877
1 0.9042984725808239 0.44563951038304894 0.12217114827668003 0.4456984778637891
