3 0.12323157110945644 0.30930669922473825 0.08116157855547285 0.2702739696027332
3 0.14184661206254653 0.6854379735885417 0.1392405063291139 0.48499162323157097
3 0.25055845122859266 0.7027054772020495 0.1332836932241251 0.5015083658184045
4 0.3469843633655993 0.7950490834829835 0.1131794489947882 0.36787290307038667
3 0.4363365599404318 0.6576598156015941 0.10573343261355184 0.5045114099251019
3 0.5316455696202529 0.650152205334851 0.09977661950856305 0.501508365818404
1 0.633655994043187 0.5855867570408653 0.1027550260610573 0.4924992334983137
1 0.730826507818317 0.5758268636940995 0.11392405063291161 0.48799466733826735
1 0.8220402084884588 0.5503009887871753 0.11764705882352854 0.48198857912487403
1 0.8979895755770667 0.5375380513337126 0.1131794489947869 0.48048705707152534
