3 0.12360387192851821 0.3101067878876319 0.07892777364110194 0.2748771910352174
3 0.1417087925747908 0.6843248663101584 0.14088008618546438 0.4896390374331547
3 0.24985497638186782 0.7027072192513367 0.13010690312422304 0.49966577540106916
4 0.345156211154388 0.7962901069518715 0.11187536255904529 0.365975935828877
3 0.4346565012016243 0.6592580213903745 0.10358829866578265 0.503008021390374
3 0.43175602883898234 0.9099264705882351 0.0033148255573050987 0.005013368983957207
3 0.5316151487527965 0.6500668449197863 0.10193088588712981 0.5046791443850265
1 0.636860860197232 0.5848930481283421 0.10524571144443538 0.494652406417112
1 0.7354769205270579 0.5773729946524061 0.11519018811634955 0.49966577540106955
1 0.8162757934863681 0.5598262032085554 0.11270406894837126 0.49131016042780695
