3 0.12285927029039463 0.3100574602514125 0.0774385703648548 0.2657694034426876
3 0.14221891288160812 0.6824349294818448 0.14296351451973177 0.48499162323157113
3 0.24683544303797472 0.7064592823354212 0.12434847356664185 0.5090159760851469
3 0.43521965748324604 0.6621643817616395 0.10647803425167514 0.5135205422451921
3 0.5316455696202528 0.6531552494415476 0.10126582278480976 0.501508365818404
4 0.34735666418466127 0.7965506055363315 0.11541325390915852 0.36787290307038634
1 0.6340282948622485 0.5840852349875172 0.10052122114668659 0.4955022776050111
1 0.733432613551749 0.5397903344137354 0.10722263588979927 0.41592160877753914
1 0.8235250285321049 0.5570136431176526 0.11317068252958527 0.4864047554657372
1 0.8984547461368657 0.5400637904168282 0.11479028697571537 0.48670086135999535
