1 0.0970942593905026 0.6128239542588995 0.12331679659815657 0.4664769924702268
3 0.1715095676824936 0.6424295528111211 0.11693834160170027 0.4759988655082197
3 0.2557338344949252 0.6753327309074711 0.13012876786160282 0.49737919213537496
3 0.43285354630655126 0.6864808852139547 0.10503858059416928 0.5025244941229846
4 0.3480146927497229 0.7572287875435564 0.10461332318285663 0.35416828681363954
3 0.5336395527875897 0.6270526472570797 0.10010559462294229 0.4963501317378451
1 0.6106169489988043 0.49250171395565645 0.09776667886072127 0.4603330178245937
1 0.6982420657737378 0.4770865272229432 0.11116394166507092 0.4647508410869577
1 0.8077024524031495 0.4524861722998322 0.11340193369537266 0.4434654463959593
1 0.9051250593583586 0.44352087338202834 0.12113388662832487 0.44424503760620015
