1 0.8984230055658634 0.5424840390701736 0.11224489795918365 0.4826237313107064
1 0.8237476808905387 0.5593197506275237 0.11688311688311705 0.48636500054567267
1 0.731447124304267 0.5780260968023573 0.11224489795918374 0.49384753901560635
1 0.6345083487940615 0.5845733179635492 0.10018552875695716 0.4994594428680568
3 0.5343228200371057 0.6556574334279168 0.0964749536178109 0.5106832505729568
3 0.43784786641929474 0.6622046545891088 0.1076066790352504 0.5088126159554738
4 0.3441558441558441 0.7940843951216854 0.11131725417439707 0.3722562888791891
3 0.24768089053803316 0.7080352027174509 0.12801484230055654 0.5181657890428903
3 0.13961038961038963 0.6874582219251343 0.13821892393320975 0.49197690439812375
3 0.12430426716141003 0.3152019330459453 0.08163265306122446 0.28246582723998626
