0 0.6921875 0.59921875 0.17343750000000002 0.12812500000000004
0 0.69140625 0.69296875 0.17265624999999996 0.11406249999999996
0 0.68515625 0.76640625 0.16796875 0.09531250000000002
0 0.68046875 0.8375 0.16796875 0.09765625
0 0.36562500000000003 0.490625 0.07265624999999998 0.07187499999999997
0 0.37109375 0.5453125 0.06562500000000004 0.05859375
0 0.37187499999999996 0.5859375 0.06718749999999996 0.05078125
0 0.37890624999999994 0.63203125 0.06406250000000002 0.078125
0 0.2976562499999999 0.5203125 0.08359375000000002 0.08984375
0 0.3312500000000001 0.56640625 0.04921874999999998 0.07421875
0 0.328125 0.61796875 0.042187500000000044 0.08203125
0 0.33359375 0.66640625 0.0390625 0.08906250000000004
2 0.19921875 0.48828125 0.07890624999999996 0.04296875
2 0.09296874999999999 0.5835937499999999 0.12578125000000007 0.10781249999999998
2 0.07968750000000002 0.67734375 0.07734375000000004 0.07421875
2 0.09375 0.7320312499999999 0.07890624999999996 0.07656249999999998
2 0.10625000000000001 0.8023437500000001 0.08437499999999998 0.09531250000000002
2 0.19296875000000002 0.5296875000000001 0.0859375 0.05234375000000002
