2 0.2843750000000001 0.34296875000000004 0.20546874999999998 0.11406250000000001
2 0.29062499999999997 0.44140625 0.20859375000000002 0.10546875
2 0.2953125 0.5390625 0.19062500000000004 0.10234374999999996
2 0.30078124999999994 0.61953125 0.19218750000000007 0.11406249999999996
3 0.79140625 0.31562500000000004 0.109375 0.10234375000000001
3 0.6890625000000001 0.31796875 0.10312500000000002 0.09453125000000001
3 0.6859375 0.40390625 0.10234374999999996 0.0859375
3 0.7843749999999999 0.403125 0.10078125000000004 0.09531250000000002
3 0.68359375 0.48750000000000004 0.10078124999999993 0.08593750000000006
3 0.78359375 0.4859375 0.09765625 0.10000000000000003
3 0.77578125 0.571875 0.10078125000000004 0.09296875000000004
3 0.6796875 0.5703125 0.10078124999999993 0.08750000000000002
3 0.6781250000000001 0.64453125 0.09531250000000002 0.09296875000000004
3 0.77265625 0.64921875 0.09453125000000007 0.09140625000000002
1 0.54609375 0.3484375 0.08906249999999993 0.0703125
1 0.45546875 0.353125 0.09296875000000004 0.06875000000000003
1 0.45625000000000004 0.4140625 0.08749999999999991 0.06328125000000001
1 0.5453124999999999 0.4125 0.09218749999999998 0.06562499999999999
1 0.5437500000000001 0.47421875 0.08906250000000004 0.06640625
1 0.45859375 0.475 0.08671874999999996 0.06796874999999997
1 0.5445312500000001 0.53203125 0.08750000000000002 0.06562500000000004
1 0.45859375 0.53203125 0.08515625000000004 0.06406249999999997
1 0.5453125 0.5890625 0.08671874999999996 0.0625
1 0.46171874999999996 0.58984375 0.08984375 0.06015625000000002
1 0.46171874999999996 0.6453125 0.08671874999999996 0.057812500000000044
1 0.5453124999999999 0.6453125 0.08437499999999998 0.05859375
