2 0.78046875 0.53359375 0.31015625 0.2734375
2 0.7640624999999999 0.6929687500000001 0.28671875 0.19687500000000002
2 0.74296875 0.796875 0.27031250000000007 0.20000000000000007
2 0.72734375 0.90078125 0.25312499999999993 0.1953125
3 0.1546875 0.40937500000000004 0.1640625 0.14765625
3 0.2578125 0.42187500000000006 0.15937500000000002 0.15703125000000007
3 0.15 0.521875 0.10312499999999998 0.08906250000000004
3 0.271875 0.5109375 0.15546875000000002 0.15781249999999997
3 0.16171875 0.60859375 0.10234375000000001 0.07968750000000002
3 0.2828125 0.59296875 0.14999999999999997 0.14453125
3 0.17265625 0.68203125 0.10546875 0.09453124999999996
3 0.184375 0.75703125 0.1 0.09140625000000002
3 0.29296875 0.7390625 0.12421875000000002 0.15468749999999998
3 0.2875 0.6703124999999999 0.13203125000000002 0.13906249999999998
1 0.4140625 0.47578125000000004 0.1359375 0.15234375000000006
1 0.5234375 0.49140625 0.13984374999999993 0.16328124999999993
1 0.40234375 0.57578125 0.11171875000000003 0.09296875000000004
1 0.521875 0.5757812499999999 0.13906250000000003 0.14687499999999998
1 0.521875 0.6375 0.1328125 0.13593749999999993
1 0.521875 0.69921875 0.12890625 0.12812499999999993
1 0.51953125 0.753125 0.12265624999999997 0.13984374999999993
1 0.51875 0.8046875 0.1171875 0.13906249999999998
1 0.41015625 0.809375 0.09453125000000001 0.08125000000000004
1 0.40625 0.7515625000000001 0.09765625 0.08359375000000002
1 0.4046875 0.7 0.10000000000000003 0.07109374999999996
1 0.40312500000000007 0.6359375 0.11015625000000001 0.08750000000000002
