2 0.7953125000000001 0.3953125 0.31875 0.18359375
2 0.7703125 0.51015625 0.28515625 0.17265624999999996
2 0.74140625 0.6078125 0.2578125 0.18046874999999996
2 0.725 0.68515625 0.23046875 0.17890625000000004
3 0.13906249999999998 0.38046875 0.23437499999999997 0.15078125000000003
3 0.1640625 0.4765625 0.20781249999999998 0.15859375000000003
3 0.2921875 0.54609375 0.15546874999999996 0.15625
3 0.16015625 0.59375 0.13671875 0.09843749999999996
3 0.1859375 0.675 0.12265624999999998 0.10390624999999998
3 0.3109375 0.6203125 0.14921874999999998 0.15390625000000002
3 0.31796875 0.68359375 0.13203125 0.15625
3 0.209375 0.7320312500000001 0.11640624999999999 0.08359375000000002
1 0.43046875 0.40546875000000004 0.12343749999999998 0.12187500000000001
1 0.5421875 0.528125 0.10390625000000003 0.13671875
1 0.540625 0.62265625 0.10234374999999996 0.0703125
1 0.5390625 0.67578125 0.09609375000000003 0.05625000000000002
1 0.54140625 0.725 0.09531249999999997 0.05078125
1 0.44609374999999996 0.721875 0.08906249999999999 0.042187500000000044
1 0.446875 0.6734375 0.09453125000000001 0.055468749999999956
1 0.44140625 0.6195312500000001 0.08671875000000001 0.05625000000000002
1 0.43984375 0.56328125 0.11015625000000001 0.06953125000000004
1 0.43359375 0.5 0.11874999999999997 0.06875000000000003
