2 0.8015625 0.35234375000000007 0.22578124999999993 0.13984375
2 0.79375 0.45703125 0.22578124999999993 0.14218749999999997
2 0.81171875 0.55859375 0.20781250000000007 0.14453125
2 0.80390625 0.65390625 0.18046875000000007 0.14531249999999996
3 0.31015625 0.41640625 0.2265625 0.20234375000000004
3 0.31171875 0.553125 0.22343750000000004 0.20781249999999996
3 0.47968750000000004 0.60546875 0.12187500000000001 0.21796874999999993
3 0.48515625000000007 0.7398437499999999 0.11796875000000001 0.15078124999999998
3 0.47968750000000004 0.8374999999999999 0.09765625000000006 0.17031249999999998
3 0.33671875 0.87578125 0.19062499999999996 0.18125000000000002
3 0.33046875 0.7867187500000001 0.20234375000000002 0.20859375000000002
3 0.321875 0.67578125 0.2109375 0.21328124999999998
1 0.58515625 0.39531249999999996 0.17578125 0.12578125
1 0.58203125 0.47890625 0.16640625000000003 0.11562500000000003
1 0.57890625 0.55234375 0.16640625000000003 0.12656249999999997
1 0.59453125 0.6328125 0.13828125000000002 0.10078125000000004
1 0.58984375 0.6984375 0.12968750000000007 0.10781249999999998
1 0.5875 0.7601562500000001 0.12812500000000004 0.10703125000000002
1 0.69609375 0.521875 0.07343750000000004 0.11640625000000004
1 0.6890624999999999 0.6 0.07265624999999998 0.09765625
1 0.68515625 0.66875 0.0703125 0.08906250000000004
1 0.6828125 0.72578125 0.07187500000000002 0.08671874999999996
