2 0.31562500000000004 0.35859375000000004 0.1796875 0.09843750000000001
2 0.31953125 0.440625 0.17656250000000007 0.09765625
2 0.325 0.5046875 0.13124999999999998 0.08671874999999996
2 0.33203125000000006 0.57421875 0.11953124999999998 0.08750000000000002
3 0.88359375 0.88671875 0.23281249999999998 0.21953125000000007
3 0.7640625000000001 0.9265625 0.03359374999999998 0.14687499999999998
3 0.71796875 0.40703125 0.17578125 0.15859374999999998
3 0.7046875 0.53359375 0.15312499999999996 0.12812500000000004
3 0.671875 0.7679687500000001 0.1343749999999999 0.12265625000000002
3 0.68203125 0.6890625 0.14531249999999996 0.12812500000000004
3 0.69140625 0.60546875 0.1468750000000001 0.09140625000000002
3 0.584375 0.54765625 0.10859375000000004 0.15859375000000003
3 0.57265625 0.6453125 0.10624999999999996 0.10781249999999998
3 0.56953125 0.7125 0.09375 0.10624999999999996
1 0.484375 0.3953125 0.1312500000000001 0.09999999999999998
1 0.48906249999999996 0.45625 0.12187499999999996 0.08750000000000002
1 0.4898437500000001 0.50625 0.11875000000000002 0.09687500000000004
1 0.48515624999999996 0.55859375 0.10078125000000004 0.08984375
1 0.4859375000000001 0.6 0.09921875000000002 0.08906250000000004
1 0.48515624999999996 0.6429687499999999 0.10000000000000009 0.09218749999999998
1 0.40312499999999996 0.48125 0.057812500000000044 0.09218749999999998
1 0.40859375 0.53984375 0.053906250000000044 0.06874999999999998
1 0.41484374999999996 0.584375 0.051562499999999956 0.061718750000000044
1 0.41328125 0.625 0.05625000000000002 0.06328124999999996
