0 0.0109375 0.1 0.021875 0.028125
0 0.01171875 0.1203125 0.0234375 0.034375
0 0.0125 0.13671875 0.025 0.0359375
0 0.015625 0.165625 0.03125 0.040625
0 0.01796875 0.184375 0.0359375 0.040625
0 0.01875 0.221875 0.0375 0.04375
0 0.021875 0.24453125 0.04375 0.0421875
0 0.02578125 0.2875 0.0515625 0.046875
0 0.028125 0.31640625 0.05625 0.0484375
0 0.03125 0.3703125 0.0625 0.05
0 0.0359375 0.40390625 0.071875 0.0546875
0 0.0390625 0.4640625 0.078125 0.053125
0 0.04375 0.50234375 0.0875 0.0515625
0 0.05390625 0.56328125 0.0859375 0.0546875
0 0.059375 0.603125 0.084375 0.05
0 0.06796875 0.65078125 0.09375 0.0546875
0 0.075 0.68828125 0.09375 0.0515625
0 0.08125 0.72421875 0.090625 0.0484375
0 0.0890625 0.7578125 0.0890625 0.05
0 0.1015625 0.7890625 0.0890625 0.0453125
0 0.11015625 0.82109375 0.0859375 0.0421875
0 0.12265625 0.84765625 0.0875 0.0421875
0 0.128125 0.878125 0.090625 0.0421875
0 0.0703125 0.08828125 0.0953125 0.0359375
0 0.084375 0.103125 0.084375 0.0328125
0 0.084375 0.11953125 0.0953125 0.034375
0 0.08671875 0.1359375 0.0953125 0.0328125
0 0.08984375 0.15390625 0.096875 0.0390625
0 0.08359375 0.17734375 0.1 0.0421875
0 0.08671875 0.20078125 0.09375 0.0390625
0 0.0921875 0.234375 0.1015625 0.0484375
0 0.1 0.2625 0.096875 0.046875
0 0.1078125 0.30546875 0.0984375 0.05
0 0.11640625 0.33828125 0.1 0.0515625
0 0.12265625 0.39453125 0.0953125 0.0546875
0 0.13515625 0.43046875 0.0953125 0.0546875
0 0.14375 0.4921875 0.1015625 0.053125
0 0.15078125 0.53203125 0.0984375 0.053125
0 0.16171875 0.5921875 0.1015625 0.0546875
0 0.16875 0.6328125 0.096875 0.0515625
0 0.18203125 0.66796875 0.0984375 0.0515625
0 0.18828125 0.7046875 0.1046875 0.05625
0 0.203125 0.74296875 0.1046875 0.05625
0 0.20390625 0.7765625 0.0984375 0.0515625
0 0.26796875 0.06640625 0.109375 0.0578125
0 0.27421875 0.1171875 0.10625 0.0640625
0 0.27890625 0.17890625 0.109375 0.075
0 0.29453125 0.253125 0.115625 0.084375
0 0.30703125 0.340625 0.115625 0.09375
0 0.31875 0.421875 0.1203125 0.1015625
0 0.334375 0.5125 0.1171875 0.1046875
0 0.3546875 0.61953125 0.1171875 0.1046875
0 0.38203125 0.71171875 0.1234375 0.0984375
0 0.39140625 0.79375 0.1203125 0.09375
0 0.37734375 0.04140625 0.103125 0.0515625
0 0.38046875 0.08984375 0.1078125 0.065625
0 0.3890625 0.1484375 0.1078125 0.0734375
0 0.3984375 0.221875 0.1140625 0.0875
0 0.4109375 0.3125 0.1234375 0.1
0 0.425 0.4125 0.11875 0.10625
0 0.43984375 0.521875 0.11875 0.103125
0 0.4640625 0.625 0.121875 0.1078125
0 0.48515625 0.7203125 0.11875 0.0984375
0 0.49140625 0.80078125 0.1375 0.0890625
0 0.46640625 0.0203125 0.0921875 0.040625
0 0.4734375 0.046875 0.09375 0.0546875
0 0.48046875 0.08515625 0.0953125 0.0578125
0 0.4859375 0.13203125 0.1046875 0.06875
0 0.4984375 0.1859375 0.109375 0.08125
0 0.51015625 0.25 0.1109375 0.0875
0 0.52421875 0.3171875 0.1125 0.090625
0 0.5328125 0.3953125 0.109375 0.1015625
0 0.54765625 0.4765625 0.1078125 0.1
0 0.56484375 0.55546875 0.1140625 0.0984375
0 0.58125 0.6328125 0.1109375 0.0984375
0 0.59375 0.70625 0.1203125 0.09375
0 0.60546875 0.7765625 0.115625 0.0875
0 0.55703125 0.01875 0.0890625 0.0375
0 0.5703125 0.04453125 0.09375 0.0578125
0 0.57734375 0.0859375 0.0953125 0.0625
0 0.58828125 0.1328125 0.09375 0.0703125
0 0.60078125 0.18828125 0.09375 0.0734375
0 0.6140625 0.24921875 0.1046875 0.0859375
0 0.62734375 0.32109375 0.10625 0.0921875
0 0.64296875 0.3953125 0.1140625 0.096875
0 0.6578125 0.4734375 0.1078125 0.096875
0 0.66875 0.55 0.10625 0.09375
0 0.67734375 0.62421875 0.10625 0.0921875
0 0.6859375 0.69375 0.109375 0.09375
0 0.69765625 0.75625 0.109375 0.084375
0 0.64453125 0.01484375 0.0921875 0.0296875
0 0.65234375 0.03359375 0.084375 0.05625
0 0.66015625 0.071875 0.09375 0.0640625
0 0.67265625 0.1171875 0.0921875 0.075
0 0.68203125 0.17109375 0.0921875 0.078125
0 0.6984375 0.2296875 0.096875 0.078125
0 0.71015625 0.29453125 0.1 0.0828125
0 0.7296875 0.365625 0.1 0.0890625
0 0.74375 0.4421875 0.0984375 0.0875
0 0.75078125 0.51796875 0.1 0.0921875
0 0.7640625 0.59140625 0.1109375 0.0875
0 0.76875 0.659375 0.109375 0.0921875
0 0.77890625 0.72734375 0.103125 0.0859375
0 0.74140625 0.01171875 0.0984375 0.0234375
0 0.74921875 0.02734375 0.1015625 0.0546875
0 0.7546875 0.0671875 0.1015625 0.0640625
0 0.76640625 0.11015625 0.1 0.0640625
0 0.7765625 0.1609375 0.10625 0.0765625
0 0.7875 0.21875 0.1 0.0796875
0 0.80078125 0.28359375 0.1015625 0.0828125
0 0.81796875 0.35 0.09375 0.0859375
0 0.82734375 0.42421875 0.096875 0.0890625
0 0.83828125 0.49609375 0.1015625 0.0875
0 0.8609375 0.63203125 0.1046875 0.0875
0 0.8671875 0.6984375 0.1046875 0.0765625
0 0.85 0.5640625 0.103125 0.090625