0 0.0390625 0.03671875 0.01875 0.0734375
0 0.059375 0.03671875 0.025 0.0734375
0 0.07578125 0.0359375 0.0265625 0.071875
0 0.10546875 0.0375 0.0296875 0.075
0 0.125 0.03828125 0.03125 0.0765625
0 0.1625 0.0375 0.034375 0.075
0 0.18671875 0.0390625 0.0328125 0.078125
0 0.2296875 0.03984375 0.0375 0.0796875
0 0.25859375 0.040625 0.0390625 0.08125
0 0.3125 0.040625 0.040625 0.08125
0 0.34765625 0.0421875 0.0453125 0.084375
0 0.40859375 0.0421875 0.0421875 0.084375
0 0.446875 0.046875 0.0421875 0.0859375
0 0.50859375 0.05 0.046875 0.08125
0 0.5484375 0.05 0.040625 0.08125
0 0.596875 0.053125 0.04375 0.090625
0 0.63515625 0.0546875 0.040625 0.090625
0 0.671875 0.05703125 0.0390625 0.0875
0 0.70625 0.0609375 0.040625 0.0859375
0 0.73828125 0.06875 0.0359375 0.0859375
0 0.77109375 0.0734375 0.0328125 0.084375
0 0.7984375 0.0828125 0.0328125 0.0859375
0 0.8296875 0.084375 0.0328125 0.0890625
0 0.0390625 0.1234375 0.025 0.0953125
0 0.05546875 0.1359375 0.0234375 0.084375
0 0.071875 0.134375 0.0234375 0.0953125
0 0.08828125 0.134375 0.021875 0.09375
0 0.10703125 0.13515625 0.028125 0.0953125
0 0.12890625 0.1265625 0.0296875 0.0984375
0 0.15234375 0.1265625 0.028125 0.0921875
0 0.18671875 0.12734375 0.0375 0.0984375
0 0.215625 0.13203125 0.0359375 0.09375
0 0.259375 0.134375 0.0390625 0.0953125
0 0.29296875 0.13828125 0.040625 0.096875
0 0.34921875 0.13828125 0.04375 0.0921875
0 0.3859375 0.146875 0.04375 0.0921875
0 0.44921875 0.14765625 0.0421875 0.0984375
0 0.4890625 0.15 0.0421875 0.0953125
0 0.55 0.153125 0.04375 0.0984375
0 0.59140625 0.15546875 0.040625 0.09375
0 0.628125 0.1640625 0.040625 0.0953125
0 0.665625 0.165625 0.04375 0.1015625
0 0.7046875 0.17578125 0.04375 0.1015625
0 0.73828125 0.171875 0.040625 0.0953125
0 0.04140625 0.32265625 0.0453125 0.10625
0 0.0921875 0.32265625 0.0515625 0.1015625
0 0.15390625 0.3203125 0.0625 0.1046875
0 0.2296875 0.3265625 0.071875 0.109375
0 0.31796875 0.328125 0.08125 0.10625
0 0.4 0.3296875 0.090625 0.1125
0 0.4921875 0.33359375 0.0921875 0.1078125
0 0.60078125 0.340625 0.0921875 0.1078125
0 0.69609375 0.35703125 0.0859375 0.115625
0 0.778125 0.35625 0.0828125 0.1125
0 0.03046875 0.43359375 0.0390625 0.1
0 0.078125 0.43203125 0.053125 0.1046875
0 0.1375 0.4328125 0.0609375 0.103125
0 0.21171875 0.43359375 0.075 0.10625
0 0.303125 0.434375 0.0875 0.115625
0 0.40390625 0.4359375 0.09375 0.109375
0 0.5140625 0.4375 0.090625 0.109375
0 0.6203125 0.44921875 0.096875 0.1125
0 0.71640625 0.4578125 0.0859375 0.1109375
0 0.79765625 0.4546875 0.0734375 0.13125
0 0.01953125 0.525 0.0296875 0.090625
0 0.046875 0.52890625 0.0453125 0.0890625
0 0.0859375 0.53125 0.0484375 0.090625
0 0.1328125 0.53046875 0.0578125 0.1
0 0.18828125 0.53671875 0.0703125 0.103125
0 0.253125 0.540625 0.0765625 0.103125
0 0.321875 0.54609375 0.078125 0.1046875
0 0.4 0.5453125 0.090625 0.1
0 0.4828125 0.55 0.0890625 0.1
0 0.5625 0.55703125 0.0875 0.10625
0 0.64140625 0.56484375 0.0875 0.103125
0 0.71640625 0.56796875 0.0828125 0.1125
0 0.7875 0.5703125 0.075 0.1078125
0 0.0234375 0.615625 0.0390625 0.0859375
0 0.05703125 0.62578125 0.0484375 0.0890625
0 0.0984375 0.62734375 0.053125 0.090625
0 0.146875 0.6328125 0.0609375 0.0890625
0 0.20234375 0.6375 0.0640625 0.0875
0 0.26484375 0.64375 0.075 0.096875
0 0.33828125 0.64765625 0.08125 0.096875
0 0.4140625 0.65390625 0.084375 0.10625
0 0.49296875 0.66015625 0.0859375 0.1
0 0.5703125 0.66171875 0.0828125 0.0984375
0 0.64453125 0.6609375 0.08125 0.096875
0 0.715625 0.6609375 0.0828125 0.1015625
0 0.778125 0.66484375 0.0734375 0.1015625
0 0.02421875 0.7046875 0.0453125 0.0875
0 0.05546875 0.70859375 0.0484375 0.0796875
0 0.09453125 0.7109375 0.0546875 0.0890625
0 0.14140625 0.71796875 0.065625 0.0859375
0 0.19609375 0.72109375 0.06875 0.0859375
0 0.25546875 0.7296875 0.06875 0.090625
0 0.321875 0.73359375 0.0734375 0.0921875
0 0.39453125 0.74375 0.0796875 0.0921875
0 0.471875 0.74921875 0.078125 0.090625
0 0.5484375 0.746875 0.0828125 0.0921875
0 0.62265625 0.7515625 0.0765625 0.103125
0 0.69140625 0.746875 0.08125 0.1
0 0.76015625 0.74921875 0.075 0.0953125
0 0.01015625 0.79453125 0.0203125 0.0953125
0 0.0296875 0.80078125 0.04375 0.0953125
0 0.06015625 0.8046875 0.046875 0.096875
0 0.1015625 0.80546875 0.053125 0.0984375
0 0.14609375 0.81171875 0.053125 0.096875
0 0.196875 0.815625 0.065625 0.1
0 0.25546875 0.81953125 0.0703125 0.09375
0 0.321875 0.825 0.0734375 0.09375
0 0.38984375 0.83359375 0.0765625 0.0859375
0 0.46484375 0.834375 0.0796875 0.0890625
0 0.5375 0.8359375 0.078125 0.09375
0 0.675 0.8421875 0.0765625 0.096875
0 0.7421875 0.840625 0.065625 0.0984375
0 0.60625 0.83984375 0.08125 0.09375