0 0.01640625 0.9421875 0.0125 0.0828125
0 0.0359375 0.94609375 0.0203125 0.0859375
0 0.05234375 0.9484375 0.021875 0.0859375
0 0.08125 0.95 0.025 0.090625
0 0.10078125 0.946875 0.025 0.0875
0 0.13828125 0.9515625 0.028125 0.0875
0 0.1625 0.94921875 0.028125 0.0875
0 0.20625 0.9484375 0.0328125 0.084375
0 0.23515625 0.9484375 0.034375 0.084375
0 0.2890625 0.9515625 0.034375 0.084375
0 0.32421875 0.94921875 0.040625 0.0828125
0 0.384375 0.95546875 0.0375 0.0875
0 0.4234375 0.95 0.0375 0.084375
0 0.48515625 0.95 0.040625 0.0796875
0 0.525 0.9515625 0.0375 0.078125
0 0.5734375 0.9515625 0.0390625 0.0875
0 0.61171875 0.9515625 0.0375 0.0890625
0 0.6484375 0.9515625 0.034375 0.0859375
0 0.6828125 0.94921875 0.034375 0.084375
0 0.715625 0.94296875 0.03125 0.084375
0 0.7484375 0.93984375 0.028125 0.0828125
0 0.7765625 0.93203125 0.028125 0.084375
0 0.8078125 0.93203125 0.028125 0.0875
0 0.0203125 0.8515625 0.0203125 0.09375
0 0.03671875 0.840625 0.01875 0.08125
0 0.053125 0.84296875 0.01875 0.09375
0 0.06953125 0.84375 0.0171875 0.09375
0 0.08828125 0.84375 0.0234375 0.09375
0 0.11015625 0.85390625 0.025 0.096875
0 0.13359375 0.8546875 0.0234375 0.090625
0 0.16796875 0.85546875 0.03125 0.096875
0 0.196875 0.85234375 0.03125 0.090625
0 0.240625 0.85234375 0.034375 0.09375
0 0.27421875 0.85 0.0359375 0.0953125
0 0.33046875 0.853125 0.0375 0.090625
0 0.36796875 0.846875 0.040625 0.090625
0 0.43046875 0.84921875 0.0375 0.096875
0 0.47109375 0.84921875 0.0375 0.09375
0 0.53203125 0.84921875 0.040625 0.096875
0 0.5734375 0.84921875 0.0359375 0.090625
0 0.61015625 0.8421875 0.0375 0.09375
0 0.64765625 0.8421875 0.0375 0.1
0 0.6875 0.834375 0.0375 0.1
0 0.72109375 0.83984375 0.0359375 0.09375
0 0.0328125 0.653125 0.040625 0.1046875
0 0.08359375 0.65546875 0.046875 0.1
0 0.1453125 0.66171875 0.0578125 0.1015625
0 0.22109375 0.659375 0.0671875 0.10625
0 0.309375 0.6625 0.0765625 0.103125
0 0.39140625 0.66484375 0.084375 0.1078125
0 0.48359375 0.665625 0.0875 0.103125
0 0.5921875 0.6640625 0.0875 0.103125
0 0.68828125 0.653125 0.0796875 0.1109375
0 0.7703125 0.6578125 0.075 0.109375
0 0.02734375 0.54140625 0.034375 0.0984375
0 0.075 0.54609375 0.0484375 0.1015625
0 0.134375 0.5484375 0.05625 0.1
0 0.20859375 0.5515625 0.0703125 0.103125
0 0.3 0.55546875 0.08125 0.1109375
0 0.40078125 0.55859375 0.0875 0.1046875
0 0.5109375 0.56328125 0.084375 0.1046875
0 0.6171875 0.55703125 0.090625 0.1078125
0 0.7140625 0.553125 0.08125 0.10625
0 0.79453125 0.5609375 0.06875 0.128125
0 0.021875 0.45 0.025 0.0875
0 0.04921875 0.44765625 0.040625 0.0875
0 0.08828125 0.446875 0.04375 0.0875
0 0.13515625 0.45 0.053125 0.096875
0 0.190625 0.446875 0.065625 0.1
0 0.25546875 0.446875 0.071875 0.1
0 0.32421875 0.44453125 0.0734375 0.1015625
0 0.40234375 0.44921875 0.0859375 0.0953125
0 0.48515625 0.44921875 0.084375 0.0953125
0 0.565625 0.44609375 0.084375 0.1015625
0 0.64453125 0.44296875 0.0828125 0.0984375
0 0.71953125 0.44375 0.0765625 0.109375
0 0.790625 0.44453125 0.06875 0.1046875
0 0.03046875 0.359375 0.034375 0.084375
0 0.0640625 0.3515625 0.04375 0.0875
0 0.10546875 0.3515625 0.046875 0.0875
0 0.15390625 0.34921875 0.05625 0.084375
0 0.21015625 0.346875 0.059375 0.084375
0 0.27265625 0.34375 0.0703125 0.09375
0 0.34609375 0.34375 0.0765625 0.09375
0 0.421875 0.34140625 0.0796875 0.1015625
0 0.5015625 0.33984375 0.08125 0.0953125
0 0.57890625 0.3421875 0.078125 0.09375
0 0.653125 0.346875 0.0765625 0.09375
0 0.7234375 0.35078125 0.078125 0.096875
0 0.78671875 0.35 0.06875 0.0984375
0 0.0359375 0.27109375 0.040625 0.084375
0 0.0671875 0.26875 0.04375 0.078125
0 0.10625 0.26796875 0.05 0.084375
0 0.153125 0.26328125 0.059375 0.08125
0 0.2078125 0.26328125 0.0625 0.08125
0 0.26796875 0.2578125 0.065625 0.0875
0 0.334375 0.25703125 0.06875 0.0875
0 0.4078125 0.25078125 0.075 0.0875
0 0.48515625 0.25 0.0734375 0.0875
0 0.5609375 0.25625 0.078125 0.0875
0 0.6359375 0.25546875 0.071875 0.1
0 0.70390625 0.26328125 0.0765625 0.096875
0 0.77265625 0.26484375 0.06875 0.090625
0 0.02265625 0.1796875 0.0234375 0.09375
0 0.04609375 0.175 0.040625 0.09375
0 0.0765625 0.17265625 0.0421875 0.0953125
0 0.11796875 0.17421875 0.046875 0.0953125
0 0.1625 0.1703125 0.0484375 0.09375
0 0.2140625 0.16875 0.059375 0.096875
0 0.27265625 0.16796875 0.065625 0.090625
0 0.3390625 0.16640625 0.06875 0.090625
0 0.4078125 0.1609375 0.071875 0.08125
0 0.48203125 0.1640625 0.075 0.084375
0 0.5546875 0.16640625 0.071875 0.090625
0 0.69296875 0.1671875 0.071875 0.09375
0 0.759375 0.17265625 0.0609375 0.0953125
0 0.62421875 0.16640625 0.0765625 0.090625