3 0.3765625 0.53203125 0.071875 0.0734375
3 0.44140625 0.62578125 0.0609375 0.06875
2 0.38046875 0.5875 0.0703125 0.0578125
2 0.38671875 0.634375 0.06875 0.0546875
2 0.49921875 0.38515625 0.0765625 0.059375
3 0.43671875 0.55625 0.0671875 0.0859375
2 0.51015625 0.640625 0.0953125 0.103125
4 0.5046875 0.4375 0.078125 0.065625
1 0.50234375 0.503125 0.0859375 0.0875
1 0.50703125 0.571875 0.0859375 0.08125
2 0.38828125 0.67890625 0.065625 0.05625
4 0.4625 0.43828125 0.0140625 0.05625
2 0.459375 0.38828125 0.0109375 0.04375