3 0.36875 0.75546875 0.20703125 0.19296875
0 0.178125 0.8140625 0.20546875 0.12578125
3 0.3671875 0.58984375 0.21875 0.31328125
1 0.5140625 0.75 0.1296875 0.14140625
3 0.36171875 0.91953125 0.1796875 0.15390625
0 0.16640625 0.68828125 0.225 0.2515625
0 0.18671875 0.88203125 0.19609375 0.11796875
1 0.53203125 0.6625 0.1375 0.14765625
3 0.40859375 0.396875 0.153125 0.13203125
3 0.36875 0.84609375 0.19296875 0.17421875
0 0.1984375 0.96875 0.16796875 0.06171875
0 0.19296875 0.93203125 0.18671875 0.10234375
1 0.50078125 0.82421875 0.11640625 0.14453125
1 0.14921875 0.49140625 0.18125 0.203125
0 0.30390625 0.48984375 0.18046875 0.17734375
1 0.52265625 0.51953125 0.18046875 0.21796875