3 0.54140625 0.56015625 0.146875 0.12890625
2 0.42890625 0.578125 0.0796875 0.1
4 0.68515625 0.3078125 0.0859375 0.10703125
3 0.728125 0.19609375 0.1640625 0.14296875
3 0.53671875 0.6640625 0.1421875 0.11875
2 0.43125 0.66328125 0.08046875 0.071875
2 0.3546875 0.6625 0.07890625 0.07578125
2 0.43359375 0.7234375 0.08203125 0.0703125
2 0.35859375 0.72890625 0.0765625 0.065625
2 0.3546875 0.5828125 0.07109375 0.10234375
4 0.76953125 0.3140625 0.07578125 0.10859375
0 0.71328125 0.75546875 0.15703125 0.0765625
0 0.71796875 0.6859375 0.146875 0.08203125
0 0.72265625 0.6171875 0.1484375 0.08046875
0 0.72734375 0.54375 0.15390625 0.08515625
0 0.728125 0.46796875 0.1578125 0.08359375
0 0.72734375 0.39375 0.15703125 0.09296875
3 0.33671875 0.58828125 0.1125 0.1234375