4 0.22890625 0.403125 0.146875 0.2140625
3 0.5765625 0.65859375 0.1921875 0.14375
2 0.38515625 0.0765625 0.1296875 0.1484375
2 0.10390625 0.646875 0.1109375 0.1375
3 0.59609375 0.5109375 0.19375 0.1828125
4 0.37578125 0.20703125 0.1390625 0.16875
2 0.215625 0.55703125 0.1328125 0.140625
4 0.49140625 0.24453125 0.134375 0.1515625
0 0.56015625 0.78671875 0.18125 0.134375
4 0.1171875 0.375 0.13125 0.1890625
3 0.61640625 0.36171875 0.1921875 0.2046875
0 0.4171875 0.3875 0.253125 0.2203125
0 0.39609375 0.55078125 0.2453125 0.2125
2 0.209375 0.77109375 0.1203125 0.115625
2 0.10625 0.5453125 0.1125 0.125
0 0.3765625 0.70625 0.2296875 0.1765625
2 0.21484375 0.66953125 0.128125 0.1234375
2 0.10390625 0.74609375 0.1125 0.125
2 0.51015625 0.1171875 0.125 0.1609375