4 0.20390625 0.5078125 0.071875 0.0859375
3 0.42578125 0.303125 0.1671875 0.1296875
3 0.40078125 0.50703125 0.16875 0.140625
1 0.5609375 0.54296875 0.165625 0.14375
1 0.41171875 0.40859375 0.171875 0.1375
4 0.20859375 0.4234375 0.075 0.1
4 0.20234375 0.5796875 0.06875 0.0859375
3 0.5703125 0.4421875 0.171875 0.153125
3 0.3921875 0.60078125 0.1640625 0.1453125
4 0.14140625 0.57734375 0.0671875 0.084375
4 0.15 0.509375 0.06875 0.084375
1 0.54296875 0.64296875 0.165625 0.14375
4 0.1578125 0.42265625 0.071875 0.10625
1 0.5953125 0.3328125 0.1640625 0.1453125
4 0.47265625 0.2140625 0.0953125 0.109375
4 0.4015625 0.20234375 0.0796875 0.0984375