0 0.31015625 0.659375 0.084375 0.075
2 0.1640625 0.64140625 0.0671875 0.0609375
1 0.24921875 0.61484375 0.0796875 0.0890625
3 0.39609375 0.64375 0.1 0.08125
2 0.18046875 0.54609375 0.0703125 0.075
2 0.171875 0.5953125 0.06875 0.0671875
4 0.4546875 0.72109375 0.075 0.0671875
3 0.38203125 0.70390625 0.096875 0.0796875
3 0.40703125 0.5828125 0.0984375 0.084375
0 0.303125 0.69765625 0.0828125 0.071875
3 0.415625 0.51953125 0.1078125 0.0921875
4 0.46328125 0.6734375 0.075 0.0625
4 0.46875 0.62421875 0.078125 0.075
2 0.15859375 0.67734375 0.0703125 0.059375
0 0.3171875 0.6171875 0.0859375 0.0796875
0 0.325 0.578125 0.0875 0.075
1 0.240625 0.68203125 0.0765625 0.0875
0 0.33125 0.5453125 0.078125 0.05625
0 0.33671875 0.50390625 0.0765625 0.0578125
1 0.2609375 0.54296875 0.078125 0.0890625
1 0.275 0.47265625 0.084375 0.09375