1 0.490625 0.57734375 0.1578125 0.121875
1 0.48828125 0.6671875 0.15546875 0.10859375
4 0.59296875 0.59609375 0.0796875 0.15
4 0.65078125 0.71484375 0.07421875 0.0734375
1 0.5015625 0.45078125 0.16328125 0.18828125
2 0.3625 0.60859375 0.0765625 0.0625
4 0.5859375 0.69921875 0.08125 0.06953125
1 0.47578125 0.746875 0.13828125 0.0921875
4 0.578125 0.75703125 0.0796875 0.07578125
2 0.29375 0.55390625 0.0765625 0.1484375
2 0.29609375 0.70625 0.06640625 0.0546875
0 0.33671875 0.365625 0.13671875 0.09921875
2 0.36171875 0.75625 0.06875 0.04765625
2 0.3625 0.71015625 0.07109375 0.05390625
2 0.29453125 0.6578125 0.07109375 0.0578125
2 0.29921875 0.7484375 0.06640625 0.0546875
2 0.3625 0.6609375 0.07265625 0.059375
4 0.66484375 0.6078125 0.08828125 0.1515625
2 0.36875 0.5609375 0.08203125 0.1484375
0 0.334375 0.446875 0.128125 0.06953125
4 0.634375 0.76015625 0.0609375 0.08515625
3 0.49296875 0.35859375 0.1375 0.14453125