3 0.53125 0.553125 0.103125 0.0921875
2 0.7671875 0.59609375 0.0578125 0.05625
3 0.528125 0.61953125 0.1015625 0.090625
3 0.5265625 0.684375 0.0984375 0.08125
1 0.6875 0.54375 0.0890625 0.1
2 0.7625 0.6828125 0.05625 0.0546875
2 0.8140625 0.59609375 0.0515625 0.0546875
3 0.5375 0.48828125 0.1125 0.103125
2 0.76640625 0.64375 0.0515625 0.053125
1 0.6890625 0.46328125 0.0859375 0.1
0 0.6078125 0.65625 0.0859375 0.0734375
0 0.6125 0.57265625 0.084375 0.065625
2 0.81796875 0.546875 0.0515625 0.059375
2 0.7703125 0.55546875 0.05625 0.053125
0 0.609375 0.60703125 0.0859375 0.0828125
2 0.80859375 0.68046875 0.05 0.0546875
4 0.44921875 0.63984375 0.0796875 0.071875
2 0.81171875 0.63828125 0.05 0.053125
4 0.446875 0.69140625 0.075 0.065625
1 0.68046875 0.6890625 0.084375 0.0953125
0 0.60703125 0.69140625 0.084375 0.075
4 0.4515625 0.584375 0.078125 0.0734375
1 0.6859375 0.6140625 0.090625 0.096875
0 0.615625 0.48828125 0.0796875 0.0609375
0 0.61328125 0.53046875 0.0828125 0.075