3 0.665625 0.734375 0.159375 0.146875
3 0.6828125 0.609375 0.1609375 0.146875
2 0.590625 0.58671875 0.09375 0.1
3 0.440625 0.671875 0.1453125 0.178125
2 0.51875 0.68125 0.0578125 0.0609375
2 0.571875 0.69609375 0.084375 0.08125
2 0.52421875 0.6359375 0.0609375 0.0703125
2 0.4328125 0.77421875 0.134375 0.1671875
2 0.5453125 0.5671875 0.0859375 0.0921875
1 0.50625 0.51640625 0.0875 0.084375
0 0.80625 0.634375 0.1203125 0.075
0 0.8328125 0.4296875 0.1359375 0.090625
0 0.82734375 0.48203125 0.134375 0.0765625
0 0.8203125 0.5328125 0.134375 0.0765625
0 0.81328125 0.5828125 0.128125 0.08125
0 0.796875 0.6859375 0.121875 0.08125
3 0.84453125 0.2765625 0.1484375 0.125
4 0.871875 0.36171875 0.065625 0.084375
4 0.8140625 0.36171875 0.0859375 0.0921875
4 0.5015625 0.3390625 0.0453125 0.053125
2 0.49921875 0.375 0.04375 0.04375
4 0.53203125 0.4125 0.0484375 0.0546875
1 0.5109375 0.4625 0.0796875 0.0703125
2 0.5375 0.37265625 0.046875 0.05
4 0.5390625 0.334375 0.0453125 0.053125
1 0.50078125 0.56796875 0.078125 0.071875
2 0.578125 0.64140625 0.075 0.0734375
4 0.4953125 0.4125 0.04375 0.05625