3 0.48828125 0.28203125 0.140625 0.1078125
4 0.6609375 0.41953125 0.075 0.1328125
0 0.41015625 0.36640625 0.1390625 0.153125
1 0.553125 0.51015625 0.1703125 0.1796875
0 0.4140625 0.440625 0.1328125 0.121875
2 0.40703125 0.68515625 0.140625 0.215625
1 0.57578125 0.675 0.1078125 0.1671875
2 0.4640625 0.61328125 0.1296875 0.184375
2 0.4140625 0.76796875 0.128125 0.115625
2 0.428125 0.8703125 0.1234375 0.1265625
2 0.41953125 0.82109375 0.125 0.10625
2 0.49765625 0.69921875 0.065625 0.103125
2 0.5 0.75078125 0.0609375 0.1046875
2 0.50234375 0.79921875 0.0609375 0.1046875
1 0.5453125 0.38125 0.1703125 0.21875
1 0.571875 0.590625 0.1109375 0.18125
0 0.4140625 0.4890625 0.1171875 0.1234375
0 0.4234375 0.52578125 0.125 0.1
4 0.67578125 0.4921875 0.0421875 0.0859375
4 0.6734375 0.55078125 0.0375 0.1
4 0.6375 0.58203125 0.0375 0.090625
4 0.6375 0.515625 0.0375 0.0828125
4 0.63828125 0.43671875 0.046875 0.0953125