4 0.396875 0.51875 0.1375 0.2484375
3 0.32890625 0.17109375 0.1609375 0.20859375
3 0.35546875 0.26953125 0.125 0.19296875
4 0.30859375 0.596875 0.0703125 0.10078125
4 0.39609375 0.584375 0.1453125 0.10703125
4 0.40859375 0.6921875 0.1203125 0.175
4 0.325 0.46875 0.13359375 0.2265625
4 0.3171875 0.65546875 0.06171875 0.115625
1 0.21015625 0.28203125 0.1796875 0.234375
1 0.22578125 0.403125 0.17265625 0.17578125
1 0.221875 0.50546875 0.140625 0.16171875
1 0.24140625 0.5921875 0.13984375 0.16484375
2 0.1015625 0.36640625 0.0640625 0.1453125
2 0.09765625 0.4453125 0.04296875 0.065625
2 0.13046875 0.37890625 0.0609375 0.14453125
2 0.13984375 0.46171875 0.05703125 0.07734375
2 0.15078125 0.50234375 0.059375 0.0796875
2 0.16171875 0.54453125 0.05625 0.0734375
2 0.1234375 0.53046875 0.0453125 0.07265625
2 0.1109375 0.48515625 0.04140625 0.06328125
3 0.37421875 0.328125 0.09140625 0.134375