3 0.515625 0.7390625 0.0734375 0.0921875
4 0.4515625 0.47734375 0.09296875 0.10703125
3 0.51328125 0.81484375 0.06640625 0.08984375
0 0.44296875 0.6203125 0.084375 0.07421875
0 0.4390625 0.6734375 0.0859375 0.07734375
0 0.4375 0.72578125 0.084375 0.065625
0 0.43515625 0.77421875 0.0859375 0.07734375
0 0.43203125 0.82578125 0.08984375 0.06875
0 0.43046875 0.87578125 0.090625 0.06640625
1 0.2765625 0.69375 0.05703125 0.05859375
1 0.278125 0.6421875 0.059375 0.05546875
1 0.28203125 0.5984375 0.06171875 0.0625
4 0.27734375 0.55625 0.046875 0.04921875
4 0.28125 0.48671875 0.04609375 0.05
2 0.2796875 0.52109375 0.0484375 0.040625
2 0.30859375 0.52890625 0.0140625 0.0328125
4 0.30703125 0.5609375 0.01484375 0.04140625
4 0.31171875 0.49609375 0.015625 0.04140625
2 0.11875 0.62265625 0.03515625 0.0390625
2 0.11796875 0.646875 0.0359375 0.03828125
4 0.16796875 0.6328125 0.03671875 0.04453125
4 0.1671875 0.6671875 0.0359375 0.04375
4 0.15625 0.62421875 0.034375 0.0375
4 0.14453125 0.65546875 0.01484375 0.0359375
3 0.446875 0.55703125 0.090625 0.096875