3 0.29296875 0.67734375 0.1234375 0.1421875
3 0.421875 0.4375 0.1515625 0.1
3 0.31015625 0.77578125 0.125 0.121875
3 0.28203125 0.553125 0.159375 0.19375
3 0.321875 0.8578125 0.1140625 0.1109375
0 0.43125 0.753125 0.1453125 0.0734375
0 0.421875 0.69765625 0.1546875 0.0796875
0 0.415625 0.63984375 0.1640625 0.084375
1 0.57578125 0.5390625 0.1953125 0.2015625
1 0.57578125 0.675 0.1734375 0.1546875
1 0.57734375 0.77265625 0.165625 0.1359375
1 0.5796875 0.859375 0.1484375 0.1140625
0 0.43203125 0.8046875 0.140625 0.0859375
0 0.43671875 0.84609375 0.1390625 0.08125
0 0.4078125 0.54765625 0.1625 0.15
1 0.30234375 0.45234375 0.1390625 0.121875