4 0.22578125 0.4125 0.1390625 0.20859375
3 0.58203125 0.65546875 0.1875 0.1375
2 0.3703125 0.08046875 0.12421875 0.14375
2 0.109375 0.6609375 0.10703125 0.134375
3 0.59609375 0.5078125 0.18828125 0.1765625
4 0.365625 0.21171875 0.1328125 0.16484375
2 0.21796875 0.5671875 0.128125 0.13671875
4 0.4828125 0.2453125 0.12890625 0.14765625
0 0.5703125 0.784375 0.17734375 0.128125
4 0.11328125 0.38828125 0.12421875 0.18515625
3 0.61171875 0.3578125 0.1859375 0.1984375
0 0.41328125 0.390625 0.2453125 0.21171875
0 0.39765625 0.5546875 0.2390625 0.20390625
2 0.21875 0.78125 0.1171875 0.11171875
2 0.1078125 0.559375 0.1078125 0.12109375
0 0.38359375 0.71015625 0.22421875 0.16953125
2 0.22109375 0.6796875 0.1234375 0.11875
2 0.1125 0.76015625 0.1078125 0.121875
2 0.496875 0.1171875 0.11953125 0.15703125