3 0.23203125 0.3546875 0.0671875 0.0859375
3 0.23828125 0.42421875 0.06875 0.0734375
3 0.3796875 0.73515625 0.2015625 0.196875
3 0.34453125 0.6078125 0.09375 0.10625
0 0.24375 0.47578125 0.065625 0.05625
0 0.24921875 0.5203125 0.065625 0.05
0 0.2546875 0.56640625 0.06875 0.0515625
0 0.26015625 0.5953125 0.0640625 0.0296875
1 0.39765625 0.86328125 0.2046875 0.2109375
2 0.24296875 0.8 0.1046875 0.096875
2 0.22421875 0.66171875 0.1046875 0.0921875
2 0.234375 0.73828125 0.1078125 0.0796875
2 0.2875 0.64140625 0.04375 0.0796875