4 0.79296875 0.54375 0.0625 0.078125
3 0.59765625 0.31328125 0.1546875 0.1109375
3 0.59765625 0.51875 0.15546875 0.12265625
1 0.434375 0.53515625 0.15078125 0.1265625
1 0.5984375 0.4203125 0.15859375 0.11953125
4 0.7984375 0.459375 0.06484375 0.0921875
4 0.7859375 0.615625 0.06015625 0.0796875
3 0.4375 0.434375 0.15703125 0.134375
3 0.59453125 0.61328125 0.15 0.128125
4 0.846875 0.6203125 0.05859375 0.07734375
4 0.84609375 0.5515625 0.059375 0.07734375
1 0.43984375 0.63671875 0.1515625 0.12578125
4 0.84921875 0.46484375 0.059375 0.1
1 0.42578125 0.32265625 0.15 0.12734375
4 0.56171875 0.21953125 0.084375 0.09921875
4 0.634375 0.21640625 0.06953125 0.090625