2 0.60078125 0.63984375 0.1171875 0.103125
2 0.53125 0.62578125 0.059375 0.0828125
2 0.60546875 0.6984375 0.1125 0.0953125
2 0.53515625 0.68125 0.0609375 0.0828125
2 0.6015625 0.5671875 0.1109375 0.109375
4 0.6671875 0.246875 0.0875 0.0828125
3 0.55078125 0.50703125 0.121875 0.0765625
2 0.675 0.31171875 0.0796875 0.0640625
3 0.65625 0.36875 0.13125 0.0859375
2 0.6140625 0.315625 0.0578125 0.0546875
4 0.6078125 0.25625 0.0515625 0.075
1 0.66640625 0.44375 0.1296875 0.1078125
1 0.67421875 0.52734375 0.13125 0.1109375
1 0.6953125 0.6015625 0.1 0.1078125
2 0.54921875 0.55390625 0.1046875 0.090625