4 0.4140625 0.51171875 0.05703125 0.0609375
4 0.4203125 0.43828125 0.0609375 0.09296875
2 0.2484375 0.54375 0.059375 0.0515625
4 0.46484375 0.515625 0.05078125 0.059375
4 0.465625 0.44140625 0.0609375 0.09453125
2 0.1953125 0.55 0.05 0.04921875
4 0.459375 0.56953125 0.0515625 0.05703125
0 0.22109375 0.315625 0.09453125 0.06484375
2 0.2484375 0.49921875 0.05625 0.05234375
2 0.2515625 0.5875 0.059375 0.05
1 0.3375 0.3265625 0.1171875 0.10703125
4 0.41484375 0.5671875 0.05234375 0.06015625
2 0.1953125 0.503125 0.05234375 0.0484375
2 0.2 0.5890625 0.05078125 0.0484375
2 0.2484375 0.4359375 0.05859375 0.08046875
1 0.33515625 0.49296875 0.1109375 0.08203125
2 0.1953125 0.43671875 0.0515625 0.084375
1 0.33203125 0.5625 0.10078125 0.07890625
1 0.334375 0.4171875 0.1046875 0.0828125
0 0.2203125 0.365625 0.09140625 0.0453125