3 0.5828125 0.86484375 0.1828125 0.140625
3 0.6078125 0.746875 0.1875 0.16875
2 0.50234375 0.69296875 0.0890625 0.096875
3 0.35078125 0.75078125 0.1375 0.1734375
2 0.48203125 0.81171875 0.0796875 0.0828125
2 0.4875 0.7625 0.08125 0.078125
2 0.43046875 0.7328125 0.059375 0.0765625
2 0.42421875 0.78515625 0.05625 0.0734375
2 0.446875 0.671875 0.078125 0.0875
1 0.409375 0.59453125 0.078125 0.0734375
0 0.73359375 0.79609375 0.11875 0.06875
0 0.76171875 0.57890625 0.1328125 0.084375
0 0.75390625 0.63125 0.13125 0.0703125
0 0.7484375 0.68046875 0.13125 0.0703125
0 0.73671875 0.73359375 0.1265625 0.075
0 0.72109375 0.84609375 0.11875 0.0765625
3 0.78046875 0.4203125 0.14375 0.1203125
4 0.80859375 0.51796875 0.0625 0.0828125
4 0.746875 0.4984375 0.08125 0.0890625
1 0.33828125 0.85234375 0.128125 0.165625
4 0.4234375 0.4203125 0.0609375 0.0515625
2 0.41796875 0.459375 0.0578125 0.04375
4 0.41484375 0.4953125 0.0609375 0.053125
1 0.41328125 0.546875 0.075 0.0609375
2 0.45078125 0.46640625 0.0203125 0.0390625
4 0.45625 0.43046875 0.021875 0.04375
1 0.3984375 0.6515625 0.075 0.06875
2 0.4921875 0.62421875 0.0296875 0.0375
2 0.46640625 0.61875 0.0328125 0.0375