1 0.34296875 0.55 0.1078125 0.13125
4 0.4578125 0.6859375 0.0875 0.0921875
4 0.43984375 0.62109375 0.090625 0.1140625
0 0.2578125 0.5703125 0.0765625 0.08125
1 0.37890625 0.709375 0.1015625 0.1125
1 0.359375 0.621875 0.109375 0.1390625
0 0.26875 0.6234375 0.0765625 0.06875
1 0.39921875 0.7796875 0.096875 0.11875
4 0.4640625 0.746875 0.0875 0.0828125
2 0.29765625 0.70078125 0.096875 0.109375
2 0.31328125 0.76328125 0.0890625 0.096875
2 0.3265625 0.80703125 0.08125 0.090625
2 0.33984375 0.84921875 0.0828125 0.0859375
3 0.315625 0.52578125 0.0828125 0.10625