4 0.37109375 0.69921875 0.05859375 0.09296875
4 0.32109375 0.76015625 0.05625 0.06171875
2 0.1203125 0.73515625 0.04765625 0.0546875
4 0.328125 0.7 0.059375 0.0765625
4 0.3171875 0.803125 0.0515625 0.06875
2 0.11796875 0.7796875 0.04609375 0.0546875
2 0.1671875 0.7890625 0.053125 0.0515625
4 0.36953125 0.771875 0.05234375 0.05703125
2 0.1203125 0.69375 0.04921875 0.05859375
4 0.3625 0.82265625 0.0484375 0.059375
1 0.25859375 0.56484375 0.10390625 0.128125
0 0.1484375 0.51640625 0.084375 0.0875
2 0.16953125 0.70234375 0.05703125 0.0671875
2 0.16875 0.7484375 0.0546875 0.0515625
2 0.121875 0.62734375 0.046875 0.09453125
1 0.24609375 0.715625 0.10234375 0.1015625
1 0.25234375 0.65234375 0.1015625 0.10390625
1 0.2421875 0.78671875 0.09296875 0.09609375
0 0.14765625 0.5640625 0.084375 0.07265625
2 0.16953125 0.6421875 0.05 0.09609375