0 0.65234375 0.3875 0.1890625 0.1296875
0 0.65625 0.471875 0.19375 0.125
0 0.66484375 0.55546875 0.1875 0.121875
0 0.6640625 0.6375 0.2 0.1140625
0 0.67109375 0.7140625 0.1890625 0.1046875
0 0.67265625 0.78671875 0.1796875 0.0984375
2 0.49609375 0.5453125 0.115625 0.125
2 0.40703125 0.54375 0.1234375 0.121875
2 0.503125 0.6328125 0.109375 0.0984375
2 0.40703125 0.63359375 0.1 0.0984375
2 0.509375 0.72109375 0.1078125 0.10625
2 0.4140625 0.71171875 0.09375 0.0984375
2 0.5140625 0.7953125 0.1046875 0.1
2 0.421875 0.784375 0.0921875 0.0953125