3 0.29921875 0.58359375 0.12734375 0.09375
3 0.41640625 0.67265625 0.1640625 0.20546875
3 0.4390625 0.78125 0.1359375 0.178125
3 0.446875 0.93203125 0.1296875 0.13125
3 0.446875 0.86328125 0.13203125 0.1640625
0 0.28203125 0.76328125 0.18984375 0.19140625
1 0.20703125 0.6484375 0.1421875 0.15859375
1 0.54296875 0.8515625 0.0765625 0.13828125
0 0.28828125 0.8578125 0.184375 0.15703125
0 0.3 0.91640625 0.16953125 0.14375
0 0.30703125 0.9515625 0.16953125 0.09609375
1 0.33984375 0.63515625 0.12265625 0.12265625
1 0.51328125 0.5984375 0.12890625 0.15
1 0.53515625 0.6953125 0.0859375 0.1390625
1 0.5359375 0.7671875 0.0796875 0.14375