4 0.4484375 0.7015625 0.0859375 0.06953125
0 0.34765625 0.5203125 0.065625 0.0515625
2 0.31484375 0.78046875 0.05546875 0.05
2 0.3125 0.67890625 0.05859375 0.0515625
4 0.45078125 0.62890625 0.0890625 0.08046875
2 0.315625 0.7296875 0.059375 0.05234375
2 0.36875 0.62109375 0.0578125 0.06015625
2 0.37109375 0.778125 0.05859375 0.046875
2 0.36953125 0.6765625 0.05859375 0.05703125
2 0.3125 0.6203125 0.05703125 0.06015625
4 0.44921875 0.7625 0.0859375 0.07421875
2 0.37109375 0.72890625 0.0578125 0.0515625
3 0.4203125 0.51484375 0.07890625 0.07734375
0 0.3484375 0.56484375 0.06875 0.04921875
1 0.50859375 0.51171875 0.1046875 0.075
1 0.50859375 0.58046875 0.10390625 0.07578125
1 0.5234375 0.64921875 0.07421875 0.06796875
1 0.52421875 0.721875 0.07265625 0.0796875
3 0.4203125 0.5796875 0.07734375 0.06953125