4 0.59375 0.6328125 0.128125 0.1484375
4 0.56015625 0.45078125 0.13125 0.140625
3 0.4046875 0.66640625 0.1640625 0.153125
4 0.57734375 0.54296875 0.1265625 0.1359375
4 0.51328125 0.6515625 0.075 0.1
1 0.25234375 0.61796875 0.165625 0.1578125
4 0.4953125 0.5625 0.0734375 0.096875
3 0.38515625 0.56640625 0.171875 0.159375
3 0.503125 0.35703125 0.2015625 0.1828125
4 0.478125 0.475 0.0765625 0.1
1 0.36171875 0.4640625 0.1703125 0.1609375
1 0.2765625 0.71875 0.171875 0.1640625
4 0.19453125 0.53359375 0.0859375 0.1
3 0.3375 0.36015625 0.1734375 0.1578125
4 0.25859375 0.51015625 0.0921875 0.1125
1 0.48203125 0.25078125 0.1890625 0.184375