3 0.7 0.70546875 0.140625 0.125
3 0.69765625 0.5796875 0.1421875 0.1265625
2 0.603125 0.57109375 0.08125 0.0875
3 0.46796875 0.67890625 0.121875 0.1609375
2 0.546875 0.67578125 0.05 0.053125
2 0.6015625 0.6828125 0.075 0.0703125
2 0.5453125 0.63046875 0.053125 0.0625
2 0.4765625 0.78125 0.1125 0.15
2 0.55546875 0.559375 0.075 0.08125
1 0.50859375 0.515625 0.0765625 0.0734375
0 0.8234375 0.58515625 0.1125 0.0578125
0 0.81796875 0.378125 0.1265625 0.071875
0 0.8203125 0.43125 0.1265625 0.05625
0 0.82109375 0.48203125 0.1265625 0.05625
0 0.82265625 0.5328125 0.1203125 0.0625
0 0.82265625 0.6375 0.1125 0.065625
3 0.80546875 0.22578125 0.1328125 0.10625
4 0.84609375 0.30546875 0.0546875 0.078125
4 0.78828125 0.3140625 0.0734375 0.08125
4 0.4765625 0.340625 0.0390625 0.046875
2 0.4796875 0.3765625 0.0375 0.0390625
4 0.51796875 0.40859375 0.040625 0.05
1 0.5046875 0.4609375 0.071875 0.059375
2 0.5171875 0.36796875 0.040625 0.04375
4 0.5125 0.33046875 0.0375 0.0484375
1 0.51171875 0.5671875 0.06875 0.0625
2 0.59921875 0.62734375 0.065625 0.0640625
4 0.48203125 0.4140625 0.0359375 0.0515625