2 0.6265625 0.53984375 0.21875 0.178125
2 0.6453125 0.3765625 0.2421875 0.2890625
2 0.61796875 0.64375 0.184375 0.1453125
2 0.60625 0.72421875 0.171875 0.1453125
4 0.81484375 0.6484375 0.0859375 0.0890625
4 0.8390625 0.5265625 0.1203125 0.209375
4 0.74296875 0.6390625 0.09375 0.0953125
4 0.7671875 0.53046875 0.1140625 0.209375
2 0.46484375 0.55703125 0.13125 0.2328125
3 0.68359375 0.20859375 0.15 0.1453125
4 0.72421875 0.71015625 0.0875 0.0828125
2 0.3765625 0.56484375 0.125 0.2125
2 0.371875 0.68828125 0.1109375 0.0984375
2 0.37890625 0.73984375 0.0953125 0.06875
2 0.38515625 0.7859375 0.09375 0.06875
2 0.46171875 0.6796875 0.1015625 0.1015625
2 0.4625 0.72109375 0.09375 0.0765625
2 0.4640625 0.76875 0.0890625 0.0765625
0 0.56328125 0.2625 0.134375 0.1921875
0 0.5234375 0.37265625 0.0640625 0.09375
0 0.52109375 0.42890625 0.0515625 0.0671875
4 0.79453125 0.7015625 0.0640625 0.06875