3 0.34296875 0.740625 0.2265625 0.2140625
0 0.146875 0.77890625 0.2171875 0.146875
3 0.35859375 0.57578125 0.25 0.334375
1 0.4875 0.75 0.14375 0.1546875
3 0.31875 0.903125 0.1953125 0.171875
0 0.1484375 0.65234375 0.25 0.2734375
0 0.1484375 0.846875 0.2078125 0.1375
1 0.51484375 0.66484375 0.1515625 0.1609375
3 0.41953125 0.3875 0.165625 0.146875
3 0.33359375 0.83046875 0.209375 0.19375
0 0.15078125 0.934375 0.1734375 0.0796875
0 0.14921875 0.89765625 0.196875 0.121875
1 0.4671875 0.82265625 0.13125 0.15625
1 0.15234375 0.4546875 0.2015625 0.2203125
0 0.30625 0.46953125 0.1984375 0.1953125
1 0.5203125 0.521875 0.2015625 0.2359375