1 0.33828125 0.53046875 0.09296875 0.12109375
4 0.43515625 0.6796875 0.07734375 0.0828125
4 0.42578125 0.6125 0.078125 0.1046875
0 0.25078125 0.540625 0.06875 0.07265625
1 0.3546875 0.69296875 0.08984375 0.1015625
1 0.3453125 0.60390625 0.09453125 0.128125
0 0.25546875 0.59453125 0.06953125 0.0609375
1 0.365625 0.765625 0.084375 0.10859375
4 0.434375 0.740625 0.07890625 0.0734375
2 0.275 0.675 0.0859375 0.09921875
2 0.2828125 0.73828125 0.07890625 0.08828125
2 0.290625 0.78359375 0.071875 0.08203125
2 0.2984375 0.82734375 0.0734375 0.07734375
3 0.3140625 0.503125 0.07109375 0.0984375