3 0.459375 0.5609375 0.1484375 0.13125
2 0.57265625 0.5765625 0.08125 0.1015625
4 0.31171875 0.3109375 0.0875 0.1078125
3 0.26640625 0.2 0.1671875 0.1453125
3 0.46640625 0.66484375 0.14375 0.121875
2 0.571875 0.66171875 0.08125 0.0734375
2 0.6484375 0.66015625 0.0796875 0.0765625
2 0.5703125 0.721875 0.0828125 0.071875
2 0.6453125 0.7265625 0.078125 0.0671875
2 0.646875 0.58046875 0.0734375 0.103125
4 0.22734375 0.31875 0.078125 0.109375
0 0.29140625 0.759375 0.1578125 0.0796875
0 0.28515625 0.68984375 0.1484375 0.084375
0 0.2796875 0.62109375 0.15 0.0828125
0 0.2734375 0.54765625 0.1546875 0.0875
0 0.27109375 0.471875 0.159375 0.0859375
0 0.27109375 0.39765625 0.159375 0.0953125
3 0.66484375 0.58515625 0.1140625 0.125