0 0.28046875 0.5015625 0.1265625 0.09375
3 0.6890625 0.57890625 0.159375 0.25625
0 0.28125 0.4328125 0.1265625 0.1
3 0.44921875 0.446875 0.175 0.11875
2 0.4546875 0.67734375 0.19375 0.1734375
0 0.27734375 0.553125 0.1296875 0.09375
4 0.2875 0.259375 0.1078125 0.1171875
2 0.4703125 0.565625 0.184375 0.20625
1 0.675 0.7625 0.1453125 0.175
2 0.47578125 0.76796875 0.1671875 0.1671875
0 0.28828125 0.60546875 0.1265625 0.109375
0 0.2765625 0.38203125 0.13125 0.1109375
0 0.27890625 0.3265625 0.13125 0.1109375
3 0.2734375 0.1734375 0.134375 0.175