3 0.4453125 0.66953125 0.13046875 0.12890625
3 0.4359375 0.571875 0.13203125 0.14453125
4 0.61328125 0.27421875 0.07421875 0.1046875
3 0.25859375 0.69296875 0.13125 0.1453125
0 0.60859375 0.65 0.15625 0.12109375
4 0.0609375 0.44609375 0.07578125 0.12578125
2 0.125 0.48984375 0.0515625 0.06640625
0 0.59765625 0.47421875 0.1484375 0.1078125
4 0.53125 0.3015625 0.11484375 0.1015625
3 0.565625 0.190625 0.16015625 0.1484375
0 0.6125 0.59609375 0.15 0.11484375
0 0.603125 0.53671875 0.14921875 0.1109375
1 0.26875 0.77265625 0.1234375 0.15
0 0.590625 0.415625 0.15 0.1140625
0 0.58359375 0.35390625 0.15 0.1125
4 0.11953125 0.415625 0.05546875 0.0953125
2 0.06875 0.5109375 0.078125 0.09375
1 0.1125 0.64921875 0.13359375 0.15703125
1 0.12890625 0.74140625 0.1296875 0.1625
1 0.146875 0.83046875 0.1265625 0.16328125
4 0.078125 0.5796875 0.0828125 0.1109375
4 0.13671875 0.54609375 0.05546875 0.103125