4 0.41796875 0.640625 0.11875 0.140625
4 0.4359375 0.45625 0.1203125 0.13125
3 0.609375 0.65703125 0.1546875 0.140625
4 0.4265625 0.55 0.1171875 0.1265625
4 0.5 0.65234375 0.0671875 0.096875
1 0.75703125 0.59609375 0.1546875 0.146875
4 0.51015625 0.56171875 0.065625 0.0921875
3 0.61953125 0.55625 0.1625 0.146875
3 0.484375 0.3578125 0.1890625 0.16875
4 0.51953125 0.4734375 0.06875 0.0953125
1 0.63515625 0.45234375 0.159375 0.1484375
1 0.74140625 0.6984375 0.1609375 0.153125
4 0.80703125 0.50625 0.078125 0.0953125
3 0.64921875 0.346875 0.1640625 0.146875
4 0.74140625 0.48984375 0.0828125 0.1078125
1 0.49609375 0.25 0.1765625 0.171875