2 0.42421875 0.51328125 0.10390625 0.11875
2 0.53046875 0.63046875 0.11953125 0.11015625
2 0.53359375 0.53046875 0.12109375 0.128125
1 0.51015625 0.3328125 0.16640625 0.12890625
4 0.671875 0.61171875 0.1078125 0.1046875
2 0.4234375 0.61953125 0.10234375 0.10703125
2 0.53203125 0.725 0.11640625 0.10625
0 0.275 0.3515625 0.09921875 0.06953125
3 0.36796875 0.446875 0.1015625 0.1078125
2 0.52890625 0.8015625 0.11328125 0.13828125
4 0.66875 0.70078125 0.1109375 0.09921875
0 0.27421875 0.5453125 0.096875 0.06484375
0 0.2765625 0.4828125 0.0953125 0.05234375
3 0.37265625 0.33203125 0.1109375 0.11875
0 0.27421875 0.41796875 0.10078125 0.06796875
2 0.4234375 0.79296875 0.1 0.10859375
2 0.42421875 0.70546875 0.0984375 0.1109375
1 0.5046875 0.43359375 0.17265625 0.1046875
3 0.34765625 0.659375 0.0578125 0.10078125
4 0.678125 0.5171875 0.11484375 0.12109375
3 0.35078125 0.5515625 0.05546875 0.10625
0 0.278125 0.60078125 0.0984375 0.06953125
0 0.278125 0.65625 0.096875 0.07890625