3 0.3078125 0.653125 0.0890625 0.09375
2 0.55703125 0.578125 0.1546875 0.14375
4 0.5765625 0.47578125 0.1171875 0.103125
4 0.58828125 0.3203125 0.121875 0.1140625
3 0.43671875 0.66484375 0.0921875 0.1265625
2 0.55 0.6828125 0.15625 0.159375
3 0.3109375 0.575 0.0875 0.0953125
1 0.53671875 0.78125 0.1546875 0.171875
1 0.43203125 0.74609375 0.09375 0.1296875
4 0.5046875 0.46953125 0.040625 0.0921875
2 0.5828125 0.4 0.121875 0.0796875
2 0.509375 0.3953125 0.040625 0.071875
4 0.51328125 0.31796875 0.0421875 0.1