4 0.2046875 0.5234375 0.0671875 0.0828125
3 0.415625 0.30703125 0.1625 0.121875
3 0.4015625 0.51171875 0.1640625 0.1328125
1 0.56328125 0.53984375 0.159375 0.1375
1 0.40703125 0.41328125 0.1671875 0.1296875
4 0.20546875 0.43828125 0.071875 0.096875
4 0.20703125 0.5953125 0.065625 0.084375
3 0.5671875 0.4390625 0.165625 0.1453125
3 0.39765625 0.60625 0.1578125 0.1375
4 0.1453125 0.59609375 0.0640625 0.08125
4 0.15078125 0.52734375 0.0640625 0.08125
1 0.55078125 0.640625 0.159375 0.1359375
4 0.15390625 0.440625 0.065625 0.103125
1 0.58671875 0.328125 0.1578125 0.1375
4 0.4578125 0.215625 0.090625 0.1046875
4 0.3859375 0.2078125 0.075 0.0953125