3 0.421875 0.66015625 0.146875 0.1453125
3 0.4265625 0.5625 0.1515625 0.1609375
4 0.64375 0.2921875 0.0875 0.1140625
3 0.234375 0.6578125 0.15 0.1625
0 0.58671875 0.66328125 0.171875 0.1421875
4 0.07265625 0.38515625 0.0921875 0.134375
2 0.1296875 0.4375 0.0609375 0.0734375
0 0.6 0.48828125 0.1625 0.128125
4 0.55859375 0.3078125 0.128125 0.1171875
3 0.6078125 0.203125 0.1796875 0.16875
0 0.59765625 0.6109375 0.1640625 0.134375
0 0.596875 0.55078125 0.1625 0.13125
1 0.2328125 0.7375 0.14375 0.165625
0 0.6015625 0.42890625 0.1640625 0.134375
0 0.603125 0.3671875 0.1640625 0.1328125
4 0.13515625 0.36328125 0.06875 0.1015625
2 0.07109375 0.45078125 0.090625 0.103125
1 0.0953125 0.59375 0.1546875 0.1734375
1 0.09921875 0.6875 0.1515625 0.1796875
1 0.1046875 0.778125 0.1484375 0.1796875
4 0.07109375 0.5203125 0.096875 0.121875
4 0.13359375 0.4953125 0.06875 0.109375