4 0.4171875 0.525 0.065625 0.06875
4 0.41171875 0.4515625 0.075 0.1015625
2 0.25859375 0.5828125 0.0671875 0.0609375
4 0.46796875 0.52109375 0.059375 0.0671875
4 0.45703125 0.44765625 0.075 0.103125
2 0.20703125 0.596875 0.0578125 0.05625
4 0.47109375 0.575 0.059375 0.0640625
0 0.1953125 0.36171875 0.103125 0.078125
2 0.2515625 0.53828125 0.0640625 0.0609375
2 0.26796875 0.625 0.0671875 0.059375
1 0.3125 0.35390625 0.1328125 0.1234375
4 0.4265625 0.5796875 0.0609375 0.0671875
2 0.19921875 0.55078125 0.059375 0.05625
2 0.21796875 0.63515625 0.0578125 0.05625
2 0.24140625 0.47578125 0.0703125 0.0890625
1 0.3359375 0.51875 0.121875 0.0984375
2 0.1890625 0.48515625 0.0640625 0.090625
1 0.34375 0.58828125 0.1125 0.09375
1 0.3234375 0.44375 0.115625 0.0984375
0 0.203125 0.4109375 0.096875 0.059375