3 0.34921875 0.65234375 0.1546875 0.2265625
2 0.3578125 0.82890625 0.146875 0.15625
2 0.56953125 0.553125 0.17578125 0.1515625
4 0.7234375 0.15 0.11953125 0.1125
2 0.559375 0.67578125 0.15 0.1140625
2 0.5625 0.775 0.153125 0.1140625
0 0.72734375 0.303125 0.11640625 0.06953125
0 0.72890625 0.3625 0.1140625 0.06484375
0 0.72890625 0.4140625 0.11796875 0.05703125
0 0.72890625 0.46875 0.1171875 0.06015625
0 0.7296875 0.52890625 0.1140625 0.05703125
0 0.72890625 0.590625 0.11953125 0.07890625
3 0.5625 0.46875 0.16171875 0.08984375
4 0.71484375 0.2359375 0.09453125 0.07578125
4 0.77109375 0.24765625 0.02421875 0.084375