3 0.5375 0.5484375 0.096875 0.084375
2 0.7765625 0.56328125 0.0546875 0.053125
3 0.54296875 0.61484375 0.0953125 0.0828125
3 0.5484375 0.6796875 0.0921875 0.0734375
1 0.6921875 0.52109375 0.08125 0.09375
2 0.7828125 0.65 0.0515625 0.05
2 0.8234375 0.55703125 0.046875 0.0515625
3 0.5359375 0.48359375 0.10625 0.09375
2 0.78203125 0.61015625 0.0484375 0.05
1 0.68359375 0.440625 0.078125 0.09375
0 0.62578125 0.64140625 0.08125 0.0671875
0 0.6203125 0.5578125 0.0796875 0.0578125
2 0.82109375 0.5078125 0.046875 0.05625
2 0.775 0.521875 0.0515625 0.05
0 0.621875 0.59296875 0.0796875 0.0765625
2 0.828125 0.64140625 0.0453125 0.0515625
4 0.46640625 0.6453125 0.0734375 0.065625
2 0.82578125 0.59921875 0.046875 0.05
4 0.4703125 0.696875 0.0703125 0.0609375
1 0.70234375 0.66640625 0.0765625 0.0890625
0 0.6296875 0.6765625 0.0796875 0.06875
4 0.4625 0.58984375 0.0734375 0.0671875
1 0.6984375 0.590625 0.0828125 0.090625
0 0.61328125 0.47421875 0.0765625 0.0546875
0 0.615625 0.51640625 0.0765625 0.06875