2 0.42734375 0.8109375 0.0515625 0.0546875
4 0.39921875 0.71015625 0.0390625 0.0546875
2 0.43984375 0.678125 0.053125 0.05625
0 0.65546875 0.62265625 0.06875 0.0515625
4 0.39453125 0.75703125 0.040625 0.0546875
3 0.56484375 0.796875 0.0734375 0.0765625
2 0.43046875 0.76796875 0.0515625 0.05625
2 0.49375 0.68828125 0.0734375 0.065625
2 0.47890625 0.81875 0.0625 0.059375
2 0.4890625 0.73203125 0.065625 0.065625
3 0.584375 0.6703125 0.0734375 0.071875
2 0.48359375 0.77734375 0.06875 0.0640625
0 0.6453125 0.70546875 0.0640625 0.0484375
0 0.63828125 0.74609375 0.0671875 0.0421875
2 0.43671875 0.72421875 0.053125 0.0546875
3 0.57578125 0.73515625 0.0703125 0.0734375
0 0.65 0.6640625 0.065625 0.0453125
0 0.63671875 0.7828125 0.0671875 0.0546875
0 0.63125 0.81796875 0.0671875 0.0546875
3 0.590625 0.60234375 0.0703125 0.075
1 0.50859375 0.58984375 0.103125 0.071875
1 0.50234375 0.65546875 0.103125 0.08125
4 0.4203125 0.6578125 0.0671875 0.059375