2 0.46640625 0.5890625 0.0796875 0.1
3 0.57578125 0.553125 0.1546875 0.13125
3 0.6859375 0.17109375 0.1734375 0.1453125
4 0.66015625 0.2875 0.090625 0.10625
2 0.4875 0.72109375 0.08125 0.0734375
3 0.5875 0.65 0.146875 0.1140625
2 0.41015625 0.67890625 0.075 0.075
2 0.41953125 0.7375 0.071875 0.06875
2 0.4 0.60546875 0.084375 0.0984375
2 0.4796875 0.66640625 0.078125 0.071875
4 0.74453125 0.2765625 0.09375 0.1109375
0 0.75078125 0.71328125 0.146875 0.09375
0 0.7453125 0.6421875 0.146875 0.0953125
0 0.7390625 0.578125 0.1515625 0.09375
0 0.73125 0.503125 0.15625 0.090625
0 0.725 0.43203125 0.159375 0.09375
0 0.7140625 0.36015625 0.1671875 0.1015625
3 0.36015625 0.6234375 0.0421875 0.1015625
1 0.07890625 0.9078125 0.09375 0.1765625
1 0.04609375 0.78046875 0.053125 0.15
1 0.37265625 0.70390625 0.0390625 0.0984375