2 0.51015625 0.81953125 0.0546875 0.059375
4 0.45703125 0.72890625 0.04375 0.0578125
2 0.4875 0.6875 0.05625 0.059375
0 0.68203125 0.578125 0.071875 0.05625
4 0.46484375 0.77578125 0.04375 0.05625
3 0.63984375 0.76953125 0.0796875 0.08125
2 0.5015625 0.7765625 0.05625 0.059375
2 0.54296875 0.68359375 0.078125 0.0703125
2 0.5625 0.81328125 0.0671875 0.0640625
2 0.54921875 0.7265625 0.0703125 0.0703125
3 0.62578125 0.64296875 0.078125 0.0765625
2 0.55546875 0.771875 0.0734375 0.0703125
0 0.69375 0.6609375 0.0671875 0.053125
0 0.69765625 0.7015625 0.06875 0.046875
2 0.496875 0.7328125 0.05625 0.0578125
3 0.634375 0.70703125 0.075 0.078125
0 0.6875 0.61953125 0.0671875 0.05
0 0.70546875 0.7375 0.0703125 0.059375
0 0.709375 0.7734375 0.0703125 0.0609375
3 0.6140625 0.575 0.0765625 0.0796875
1 0.53125 0.58515625 0.1078125 0.0796875
1 0.5421875 0.65 0.1078125 0.0890625
4 0.4640625 0.67265625 0.071875 0.065625