1 0.6640625 0.5078125 0.109375 0.1328125
4 0.5890625 0.66875 0.0875 0.0921875
4 0.5890625 0.60078125 0.0921875 0.1140625
0 0.75234375 0.50546875 0.078125 0.08125
1 0.67109375 0.67109375 0.103125 0.1125
1 0.66796875 0.58125 0.1109375 0.140625
0 0.75546875 0.559375 0.0765625 0.0703125
1 0.6703125 0.74453125 0.0984375 0.11875
4 0.5984375 0.72890625 0.0890625 0.084375
2 0.746875 0.6421875 0.0984375 0.1109375
2 0.7484375 0.70546875 0.090625 0.0984375
2 0.746875 0.7515625 0.0828125 0.090625
2 0.7453125 0.79609375 0.0828125 0.0875
3 0.684375 0.47734375 0.084375 0.1078125