2 0.36640625 0.765625 0.05703125 0.05390625
2 0.36484375 0.6609375 0.0625 0.05546875
2 0.42421875 0.66328125 0.0578125 0.05390625
2 0.36640625 0.81640625 0.05703125 0.05
2 0.36484375 0.71484375 0.06015625 0.0546875
1 0.08671875 0.6265625 0.1171875 0.134375
3 0.69296875 0.39609375 0.13203125 0.10703125
3 0.56171875 0.7015625 0.12421875 0.10390625
2 0.42109375 0.7140625 0.05703125 0.05546875
2 0.36640625 0.60703125 0.0609375 0.059375
3 0.56171875 0.784375 0.11796875 0.09921875
4 0.0921875 0.52578125 0.1015625 0.10625
2 0.42421875 0.60859375 0.05625 0.05703125
2 0.4234375 0.8140625 0.05703125 0.0546875
2 0.421875 0.7640625 0.05703125 0.053125
1 0.08828125 0.7375 0.115625 0.1515625
0 0.69453125 0.565625 0.12734375 0.06953125
0 0.69296875 0.62109375 0.12578125 0.06640625
0 0.69296875 0.68203125 0.1296875 0.07421875
0 0.6890625 0.74140625 0.12578125 0.06953125
0 0.68828125 0.796875 0.12421875 0.07265625
0 0.68515625 0.85234375 0.121875 0.06640625
1 0.0921875 0.84375 0.121875 0.17421875
4 0.10078125 0.35234375 0.10859375 0.11875
2 0.0953125 0.434375 0.10234375 0.103125
4 0.6625 0.49296875 0.0640625 0.08046875
4 0.72578125 0.49140625 0.06484375 0.08671875