2 0.4234375 0.50234375 0.11875 0.1328125
2 0.51171875 0.63359375 0.134375 0.125
2 0.52890625 0.53515625 0.1375 0.14375
1 0.53359375 0.3359375 0.1828125 0.1515625
4 0.6546875 0.634375 0.121875 0.11875
2 0.4078125 0.6078125 0.115625 0.1203125
2 0.50078125 0.72734375 0.1296875 0.121875
0 0.29765625 0.321875 0.1078125 0.0828125
3 0.3765625 0.42890625 0.115625 0.1203125
2 0.48671875 0.80234375 0.13125 0.153125
4 0.6390625 0.72265625 0.1234375 0.1140625
0 0.2703125 0.51328125 0.1046875 0.078125
0 0.28125 0.4515625 0.1015625 0.065625
3 0.39765625 0.315625 0.1265625 0.1328125
0 0.2875 0.3875 0.109375 0.08125
2 0.38359375 0.7796875 0.1140625 0.121875
2 0.39609375 0.69296875 0.1125 0.1234375
1 0.5140625 0.43515625 0.1859375 0.128125
3 0.32734375 0.63671875 0.071875 0.1078125
4 0.67421875 0.5421875 0.13125 0.1359375
3 0.3453125 0.53046875 0.0703125 0.1125
0 0.26640625 0.56875 0.1078125 0.0828125
0 0.25859375 0.62421875 0.10625 0.0921875