3 0.46328125 0.67421875 0.14375 0.1421875
3 0.44375 0.578125 0.146875 0.1578125
4 0.5890625 0.26328125 0.084375 0.1125
3 0.28046875 0.7171875 0.1453125 0.1578125
0 0.6234375 0.6375 0.16875 0.1375
4 0.0578125 0.4921875 0.0890625 0.1328125
2 0.12578125 0.52890625 0.0578125 0.071875
0 0.59453125 0.4640625 0.159375 0.1234375
4 0.51015625 0.29921875 0.125 0.1125
3 0.5328125 0.18515625 0.175 0.1640625
0 0.621875 0.58359375 0.1609375 0.1296875
0 0.60625 0.52578125 0.159375 0.1265625
1 0.2984375 0.7953125 0.1390625 0.1625
0 0.58125 0.40625 0.1609375 0.1296875
0 0.56796875 0.34609375 0.1609375 0.128125
4 0.1125 0.45546875 0.065625 0.1
2 0.071875 0.55625 0.0875 0.1015625
1 0.13046875 0.6890625 0.15 0.1703125
1 0.15625 0.77890625 0.1453125 0.175
1 0.18359375 0.865625 0.1421875 0.175
4 0.0890625 0.6234375 0.09375 0.11875
4 0.14375 0.58359375 0.065625 0.1078125