2 0.33515625 0.74765625 0.0625 0.0609375
2 0.34609375 0.64296875 0.06875 0.0625
2 0.4046875 0.653125 0.0640625 0.0609375
2 0.32890625 0.79765625 0.0625 0.05625
2 0.33984375 0.696875 0.065625 0.0609375
1 0.07421875 0.575 0.1328125 0.146875
3 0.70390625 0.4203125 0.14375 0.121875
3 0.53671875 0.7078125 0.1359375 0.11875
2 0.3953125 0.703125 0.0640625 0.0625
2 0.3546875 0.58984375 0.0671875 0.065625
3 0.5265625 0.78984375 0.1296875 0.1125
4 0.0921875 0.47578125 0.1140625 0.1171875
2 0.41171875 0.5984375 0.0625 0.0640625
2 0.3859375 0.80234375 0.0625 0.0609375
2 0.390625 0.75234375 0.0625 0.059375
1 0.0640625 0.68515625 0.128125 0.1640625
0 0.68515625 0.5890625 0.134375 0.084375
0 0.6765625 0.64375 0.1328125 0.08125
0 0.66953125 0.70390625 0.1375 0.0890625
0 0.65859375 0.7625 0.1328125 0.084375
0 0.65078125 0.81796875 0.1328125 0.0875
0 0.640625 0.87265625 0.1296875 0.08125
1 0.06171875 0.790625 0.1234375 0.1875
4 0.121875 0.3046875 0.121875 0.13125
2 0.10625 0.38515625 0.1140625 0.1140625
4 0.6625 0.5125 0.0734375 0.0875
4 0.725 0.51875 0.075 0.09375