2 0.3328125 0.453125 0.1125 0.11328125
2 0.3296875 0.55703125 0.10390625 0.096875
2 0.43671875 0.45390625 0.10859375 0.11484375
2 0.43515625 0.55859375 0.10703125 0.0984375
2 0.33359375 0.65 0.09921875 0.09296875
2 0.434375 0.65234375 0.10546875 0.09375
2 0.3375 0.73984375 0.0984375 0.0796875
2 0.4359375 0.7421875 0.10390625 0.08984375
0 0.6140625 0.2703125 0.20703125 0.11484375
0 0.61484375 0.36875 0.20859375 0.1046875
0 0.6140625 0.4640625 0.20546875 0.09921875
0 0.61171875 0.5609375 0.20625 0.090625
0 0.6078125 0.65078125 0.2 0.09453125
0 0.60390625 0.73984375 0.196875 0.08671875