2 0.57421875 0.52109375 0.115625 0.1296875
2 0.45625 0.6265625 0.1296875 0.121875
2 0.46328125 0.5265625 0.134375 0.140625
1 0.50703125 0.3328125 0.1796875 0.1453125
4 0.3171875 0.59296875 0.11875 0.115625
2 0.56328125 0.6265625 0.1125 0.1171875
2 0.44453125 0.7203125 0.1265625 0.1171875
0 0.7390625 0.37578125 0.10625 0.0796875
3 0.63671875 0.4609375 0.1125 0.1171875
2 0.43984375 0.796875 0.1265625 0.15
4 0.3109375 0.68203125 0.1203125 0.1109375
0 0.71953125 0.56875 0.103125 0.075
0 0.72421875 0.50625 0.1 0.0625
3 0.64453125 0.34609375 0.1234375 0.1296875
0 0.7328125 0.4421875 0.1078125 0.078125
2 0.5453125 0.79921875 0.1109375 0.11875
2 0.55390625 0.7125 0.109375 0.1203125
1 0.50234375 0.43359375 0.1828125 0.121875
3 0.63515625 0.67421875 0.06875 0.10625
4 0.32109375 0.4984375 0.1265625 0.1328125
3 0.64296875 0.5671875 0.065625 0.1109375
0 0.71015625 0.6234375 0.1046875 0.0796875
0 0.7046875 0.67890625 0.1046875 0.0890625