2 0.4046875 0.78125 0.0640625 0.0609375
2 0.38828125 0.678125 0.0703125 0.0640625
2 0.44765625 0.671875 0.0640625 0.0609375
2 0.41171875 0.83203125 0.0640625 0.0578125
2 0.39609375 0.73125 0.0671875 0.0625
1 0.10859375 0.6828125 0.134375 0.15
3 0.6765625 0.3703125 0.1453125 0.125
3 0.5890625 0.690625 0.1375 0.1203125
2 0.4515625 0.72265625 0.0640625 0.0625
2 0.3828125 0.62421875 0.06875 0.0671875
3 0.60078125 0.77265625 0.13125 0.1140625
4 0.1 0.58203125 0.115625 0.11875
2 0.43984375 0.61796875 0.0640625 0.0640625
2 0.46796875 0.821875 0.0640625 0.0625
2 0.459375 0.77265625 0.0640625 0.0609375
1 0.125 0.7921875 0.1359375 0.165625
0 0.7015625 0.53828125 0.1359375 0.0859375
0 0.7078125 0.59296875 0.134375 0.0828125
0 0.71640625 0.653125 0.1390625 0.0921875
0 0.72109375 0.7125 0.134375 0.0859375
0 0.728125 0.76796875 0.1328125 0.0890625
0 0.73203125 0.8234375 0.1296875 0.0828125
1 0.14375 0.896875 0.1453125 0.1890625
4 0.084375 0.409375 0.1234375 0.1328125
2 0.08984375 0.49140625 0.115625 0.115625
4 0.66015625 0.4703125 0.075 0.0890625
4 0.72265625 0.46015625 0.0765625 0.0953125