3 0.709375 0.55859375 0.1375 0.1078125
3 0.60390625 0.6609375 0.1875 0.2234375
3 0.59453125 0.771875 0.15625 0.19375
3 0.60546875 0.92265625 0.1453125 0.1453125
3 0.596875 0.85390625 0.1515625 0.1796875
0 0.7484375 0.734375 0.2125 0.2125
1 0.80859375 0.61171875 0.1609375 0.175
1 0.5 0.85390625 0.0921875 0.146875
0 0.75390625 0.8296875 0.2015625 0.178125
0 0.74921875 0.8890625 0.1859375 0.1640625
0 0.746875 0.925 0.1796875 0.115625
1 0.67578125 0.61484375 0.1359375 0.1359375
1 0.4984375 0.59921875 0.146875 0.1640625
1 0.4890625 0.6984375 0.1015625 0.1484375
1 0.496875 0.76953125 0.096875 0.153125