2 0.63203125 0.51015625 0.215625 0.175
2 0.61328125 0.34765625 0.2375 0.2859375
2 0.646875 0.61328125 0.1828125 0.1421875
2 0.65390625 0.69453125 0.1703125 0.1421875
4 0.83984375 0.5734375 0.0859375 0.0875
4 0.83671875 0.45 0.1171875 0.2078125
0 0.07578125 0.9546875 0.0578125 0.090625
4 0.76796875 0.58125 0.0921875 0.09375
4 0.7671875 0.46953125 0.1109375 0.2078125
2 0.478125 0.56328125 0.1265625 0.23125
3 0.61328125 0.175 0.1484375 0.14375
4 0.76640625 0.65390625 0.0875 0.08125
2 0.39375 0.59140625 0.121875 0.2125
2 0.41796875 0.71171875 0.109375 0.096875
2 0.43671875 0.7609375 0.09375 0.0671875
2 0.45234375 0.80390625 0.09375 0.0671875
2 0.503125 0.68359375 0.1 0.1
2 0.51328125 0.72421875 0.09375 0.075
2 0.525 0.7703125 0.0875 0.075
0 0.5078125 0.25390625 0.1328125 0.190625
0 0.49453125 0.37109375 0.0625 0.0921875
0 0.5046875 0.42578125 0.05 0.065625
4 0.8328125 0.6296875 0.0625 0.06875