1 0.221875 0.66796875 0.10390625 0.11015625
1 0.22109375 0.759375 0.10703125 0.109375
1 0.2265625 0.8546875 0.10703125 0.11328125
3 0.7703125 0.43359375 0.115625 0.09296875
3 0.6609375 0.71875 0.09765625 0.08515625
3 0.6609375 0.79609375 0.09921875 0.0859375
4 0.7390625 0.51875 0.05625 0.07890625
4 0.7984375 0.51875 0.05859375 0.07109375
4 0.23203125 0.44140625 0.084375 0.0890625
4 0.17890625 0.453125 0.01484375 0.06640625
4 0.22890625 0.58046875 0.08984375 0.0765625
4 0.1765625 0.58046875 0.015625 0.06953125
2 0.2296875 0.51328125 0.08828125 0.065625
2 0.178125 0.5171875 0.01640625 0.05625
2 0.4828125 0.64296875 0.05234375 0.05078125
2 0.534375 0.63984375 0.05 0.04609375
2 0.48203125 0.69140625 0.05078125 0.0453125
2 0.53359375 0.6890625 0.05078125 0.04375
2 0.53359375 0.7359375 0.05234375 0.04375
2 0.4828125 0.7359375 0.05234375 0.046875
2 0.53359375 0.77890625 0.05 0.04375
2 0.4828125 0.78125 0.05234375 0.04609375
2 0.5328125 0.82578125 0.04921875 0.0453125
2 0.4828125 0.82734375 0.05078125 0.046875
0 0.7703125 0.5859375 0.12109375 0.05703125
0 0.76953125 0.640625 0.11796875 0.05390625
0 0.7703125 0.69609375 0.11875 0.05859375
0 0.76796875 0.74921875 0.11953125 0.0453125
0 0.7671875 0.803125 0.11640625 0.05390625
0 0.76171875 0.85234375 0.11875 0.0453125