3 0.3 0.70546875 0.14140625 0.12578125
3 0.30234375 0.5796875 0.1421875 0.1265625
2 0.396875 0.57109375 0.08046875 0.08828125
3 0.53203125 0.67890625 0.121875 0.1609375
2 0.453125 0.67578125 0.05 0.05390625
2 0.3984375 0.6828125 0.07421875 0.0703125
2 0.4546875 0.63046875 0.05234375 0.0625
2 0.5234375 0.78125 0.1125 0.15078125
2 0.44453125 0.559375 0.07421875 0.08203125
1 0.49140625 0.515625 0.0765625 0.0734375
0 0.1765625 0.58515625 0.11328125 0.0578125
0 0.18203125 0.378125 0.1265625 0.07109375
0 0.1796875 0.43125 0.1265625 0.05703125
0 0.17890625 0.48203125 0.1265625 0.05703125
0 0.17734375 0.5328125 0.1203125 0.06328125
0 0.17734375 0.6375 0.1125 0.06484375
3 0.19453125 0.22578125 0.1328125 0.10625
4 0.15390625 0.30546875 0.0546875 0.07734375
4 0.21171875 0.3140625 0.0734375 0.08203125
4 0.5234375 0.340625 0.0390625 0.04765625
2 0.5203125 0.3765625 0.0375 0.0390625
4 0.48203125 0.40859375 0.04140625 0.04921875
1 0.4953125 0.4609375 0.071875 0.06015625
2 0.4828125 0.36796875 0.03984375 0.04453125
4 0.4875 0.33046875 0.0375 0.0484375
1 0.48828125 0.5671875 0.06953125 0.06171875
2 0.40078125 0.62734375 0.06640625 0.0640625
4 0.51796875 0.4140625 0.0359375 0.0515625