3 0.3734375 0.8515625 0.171875 0.1265625
3 0.36328125 0.73203125 0.175 0.1546875
2 0.47421875 0.690625 0.08125 0.0890625
3 0.6171875 0.7671875 0.125 0.1625
2 0.4796875 0.81171875 0.0734375 0.0765625
2 0.48046875 0.7625 0.075 0.071875
2 0.540625 0.73984375 0.053125 0.0734375
2 0.53984375 0.7921875 0.05 0.0703125
2 0.53203125 0.67734375 0.071875 0.08125
1 0.57890625 0.6046875 0.071875 0.0671875
0 0.23203125 0.765625 0.1140625 0.059375
0 0.23046875 0.54609375 0.128125 0.0734375
0 0.23203125 0.59921875 0.128125 0.059375
0 0.23203125 0.64921875 0.128125 0.059375
0 0.2359375 0.703125 0.121875 0.065625
0 0.23828125 0.81640625 0.1140625 0.0671875
3 0.23125 0.38671875 0.134375 0.1078125
4 0.19140625 0.48046875 0.05625 0.078125
4 0.25546875 0.46875 0.075 0.0828125
1 0.61796875 0.86953125 0.115625 0.15625
4 0.5859375 0.43046875 0.0578125 0.046875
2 0.58671875 0.46953125 0.0546875 0.0390625
4 0.58515625 0.50546875 0.0578125 0.0484375
1 0.58046875 0.55703125 0.0703125 0.0546875
2 0.553125 0.47265625 0.0171875 0.0375
4 0.5515625 0.4359375 0.01875 0.0421875
1 0.58203125 0.66328125 0.0703125 0.0625
2 0.4921875 0.62421875 0.0265625 0.034375
2 0.51875 0.621875 0.0296875 0.034375