3 0.69453125 0.59765625 0.1328125 0.103125
3 0.57109375 0.678125 0.178125 0.2171875
3 0.54140625 0.78515625 0.1484375 0.1875
3 0.52265625 0.93203125 0.1390625 0.1359375
3 0.52734375 0.86640625 0.14375 0.1734375
0 0.69921875 0.778125 0.203125 0.2046875
1 0.78203125 0.66875 0.153125 0.16875
1 0.4328125 0.84765625 0.0859375 0.14375
0 0.6859375 0.871875 0.1953125 0.16875
0 0.66953125 0.92578125 0.1796875 0.1484375
0 0.66015625 0.9546875 0.1765625 0.090625
1 0.65 0.64609375 0.13125 0.13125
1 0.4796875 0.59765625 0.1390625 0.159375
1 0.4515625 0.6921875 0.0953125 0.1453125
1 0.4453125 0.7640625 0.0890625 0.1484375