3 0.28125 0.6625 0.1140625 0.13515625
3 0.4265625 0.43203125 0.1453125 0.08984375
3 0.29140625 0.76171875 0.1171875 0.1140625
3 0.27890625 0.5375 0.146875 0.18359375
3 0.29765625 0.84453125 0.10703125 0.10390625
0 0.4140625 0.74765625 0.140625 0.0640625
0 0.40859375 0.69140625 0.15 0.06875
0 0.40625 0.63359375 0.15859375 0.07421875
1 0.57265625 0.54453125 0.1828125 0.18984375
1 0.56328125 0.6796875 0.1640625 0.14375
1 0.5578125 0.77734375 0.15703125 0.125
1 0.5546875 0.8640625 0.1421875 0.1046875
0 0.4109375 0.79921875 0.1359375 0.07734375
0 0.4125 0.840625 0.134375 0.07265625
0 0.4046875 0.54140625 0.15390625 0.1390625
1 0.30625 0.4390625 0.13125 0.1125