3 0.4921875 0.28203125 0.1375 0.10625
4 0.6625 0.42265625 0.071875 0.13125
0 0.4125 0.36484375 0.1359375 0.15
1 0.553125 0.5109375 0.16875 0.178125
0 0.41484375 0.4390625 0.13125 0.1203125
2 0.40390625 0.68359375 0.1375 0.2125
1 0.57265625 0.6765625 0.10625 0.165625
2 0.46171875 0.6125 0.1265625 0.1828125
2 0.409375 0.76640625 0.1265625 0.1125
2 0.421875 0.86875 0.121875 0.125
2 0.4140625 0.81953125 0.1234375 0.1046875
2 0.49453125 0.69921875 0.0625 0.103125
2 0.4953125 0.75078125 0.059375 0.103125
2 0.496875 0.79921875 0.059375 0.103125
1 0.54765625 0.38203125 0.165625 0.215625
1 0.5703125 0.5921875 0.109375 0.178125
0 0.4140625 0.4875 0.115625 0.121875
0 0.42265625 0.52421875 0.1234375 0.096875
4 0.67578125 0.4953125 0.040625 0.084375
4 0.67265625 0.55390625 0.034375 0.1
4 0.6359375 0.584375 0.034375 0.090625
4 0.6375 0.51796875 0.0375 0.08125
4 0.6390625 0.4390625 0.0453125 0.0953125