1 0.48828125 0.57734375 0.1625 0.1265625
1 0.4828125 0.66640625 0.159375 0.1140625
4 0.58984375 0.59921875 0.084375 0.153125
4 0.64296875 0.7203125 0.0765625 0.0765625
1 0.503125 0.45078125 0.1703125 0.19375
2 0.35859375 0.60390625 0.078125 0.065625
4 0.57890625 0.70234375 0.084375 0.071875
1 0.4671875 0.74609375 0.1421875 0.096875
4 0.56875 0.759375 0.0828125 0.078125
2 0.2921875 0.546875 0.08125 0.1515625
2 0.2890625 0.69921875 0.06875 0.05625
0 0.34140625 0.36015625 0.140625 0.1046875
2 0.353125 0.7515625 0.0703125 0.05
2 0.35546875 0.70546875 0.0734375 0.05625
2 0.2890625 0.65078125 0.0734375 0.0609375
2 0.290625 0.74140625 0.06875 0.05625
2 0.35703125 0.65625 0.075 0.0625
4 0.6609375 0.61328125 0.09375 0.1546875
2 0.36640625 0.55625 0.0875 0.1515625
0 0.33671875 0.44140625 0.13125 0.0734375
4 0.625 0.76484375 0.0640625 0.0875
3 0.49765625 0.35859375 0.1421875 0.15