4 0.446875 0.56484375 0.06640625 0.08203125
4 0.44453125 0.62421875 0.06640625 0.05
1 0.3859375 0.45 0.0828125 0.11796875
1 0.378125 0.51796875 0.08203125 0.12734375
1 0.37890625 0.60078125 0.06875 0.08125
1 0.371875 0.6625 0.06484375 0.08125
4 0.43828125 0.6671875 0.05859375 0.05234375
4 0.3125 0.5578125 0.06640625 0.07890625
4 0.31015625 0.60859375 0.06640625 0.05546875
4 0.3078125 0.6484375 0.0671875 0.05703125
4 0.30625 0.68671875 0.0703125 0.053125
0 0.3046875 0.41015625 0.0640625 0.0828125
0 0.30078125 0.453125 0.0640625 0.07890625
3 0.37109375 0.39921875 0.06796875 0.0859375