4 0.7828125 0.446875 0.1640625 0.2234375
3 0.4 0.64453125 0.203125 0.159375
2 0.6796875 0.09921875 0.140625 0.1578125
2 0.86796875 0.70703125 0.121875 0.146875
3 0.40390625 0.49609375 0.2078125 0.1984375
4 0.66875 0.23046875 0.1515625 0.1796875
2 0.771875 0.60078125 0.14375 0.1515625
4 0.5484375 0.24921875 0.1453125 0.1625
0 0.3953125 0.7734375 0.1921875 0.1484375
4 0.89765625 0.4359375 0.1453125 0.1984375
3 0.40625 0.3453125 0.209375 0.2203125
0 0.59921875 0.40234375 0.26875 0.240625
0 0.59453125 0.56640625 0.2625 0.23125
2 0.74453125 0.81328125 0.1296875 0.125
2 0.88203125 0.60703125 0.121875 0.1328125
0 0.58984375 0.72265625 0.24375 0.1953125
2 0.7546875 0.7125 0.1375 0.1328125
2 0.853125 0.80546875 0.121875 0.134375
2 0.55 0.1203125 0.1375 0.1703125