3 0.51875 0.55078125 0.08828125 0.07109375
0 0.44140625 0.5265625 0.0734375 0.05
3 0.52109375 0.4234375 0.090625 0.06875
3 0.52265625 0.35390625 0.096875 0.078125
0 0.44296875 0.48828125 0.075 0.04765625
3 0.51953125 0.4875 0.08984375 0.06640625
4 0.59140625 0.55234375 0.06640625 0.06015625
0 0.44140625 0.3609375 0.075 0.04296875
1 0.3703125 0.41484375 0.0734375 0.07421875
2 0.28515625 0.5375 0.06328125 0.05078125
0 0.44296875 0.44375 0.07421875 0.0421875
1 0.371875 0.34296875 0.0765625 0.075
4 0.59140625 0.50859375 0.065625 0.05546875
1 0.3703125 0.48203125 0.07734375 0.090625
0 0.4421875 0.40078125 0.075 0.0421875
0 0.4390625 0.5609375 0.07734375 0.05625
4 0.59453125 0.45390625 0.06640625 0.05859375
1 0.37265625 0.55703125 0.071875 0.08671875
2 0.2859375 0.44375 0.0609375 0.05703125
2 0.28515625 0.49140625 0.06171875 0.04609375
2 0.28515625 0.57578125 0.06484375 0.0578125