4 0.60390625 0.51328125 0.15 0.2546875
3 0.65390625 0.1625 0.171875 0.2171875
3 0.63203125 0.2625 0.134375 0.2
4 0.69609375 0.58671875 0.075 0.1046875
4 0.6078125 0.57890625 0.15 0.1140625
4 0.6015625 0.6875 0.1296875 0.18125
4 0.6734375 0.459375 0.1453125 0.2328125
4 0.690625 0.6453125 0.0671875 0.11875
1 0.778125 0.2671875 0.1921875 0.24375
1 0.76875 0.3890625 0.18125 0.184375
1 0.778125 0.490625 0.1484375 0.16875
1 0.76328125 0.57890625 0.1484375 0.171875
2 0.890625 0.34609375 0.071875 0.1484375
2 0.89921875 0.42421875 0.046875 0.0671875
2 0.8625 0.359375 0.06875 0.146875
2 0.8578125 0.44296875 0.0609375 0.0796875
2 0.84921875 0.484375 0.0640625 0.0828125
2 0.83984375 0.5265625 0.059375 0.0765625
2 0.87734375 0.5109375 0.0484375 0.075
2 0.8875 0.46484375 0.0453125 0.065625
3 0.61640625 0.321875 0.0984375 0.1390625