4 0.39609375 0.51171875 0.1546875 0.2578125
3 0.35234375 0.16015625 0.175 0.21875
3 0.371875 0.26015625 0.1375 0.2015625
4 0.30234375 0.58359375 0.0765625 0.1046875
4 0.390625 0.5765625 0.153125 0.1171875
4 0.3953125 0.68515625 0.1328125 0.1828125
4 0.32734375 0.45625 0.1484375 0.2359375
4 0.30703125 0.6421875 0.0703125 0.1203125
1 0.22578125 0.2625 0.1953125 0.246875
1 0.23359375 0.384375 0.184375 0.1875
1 0.221875 0.4859375 0.1515625 0.171875
1 0.2359375 0.57421875 0.1515625 0.1734375
2 0.11171875 0.3390625 0.0734375 0.15
2 0.10234375 0.4171875 0.046875 0.06875
2 0.13984375 0.353125 0.0703125 0.1484375
2 0.14375 0.43671875 0.0625 0.08125
2 0.1515625 0.478125 0.0640625 0.084375
2 0.159375 0.52109375 0.0609375 0.0765625
2 0.121875 0.50390625 0.05 0.075
2 0.11328125 0.4578125 0.0453125 0.065625
3 0.38671875 0.31953125 0.1 0.140625