3 0.765625 0.35 0.065625 0.084375
3 0.76015625 0.41953125 0.0671875 0.071875
3 0.625 0.7328125 0.1984375 0.19375
3 0.65703125 0.6046875 0.0921875 0.1046875
0 0.75546875 0.471875 0.065625 0.05625
0 0.75078125 0.515625 0.0640625 0.05
0 0.74609375 0.56171875 0.0671875 0.05
0 0.74140625 0.59140625 0.0625 0.028125
1 0.60859375 0.86171875 0.2015625 0.2078125
2 0.76171875 0.7953125 0.103125 0.0953125
2 0.77890625 0.65625 0.1046875 0.090625
2 0.76953125 0.73359375 0.10625 0.0765625
2 0.71484375 0.63828125 0.0421875 0.0796875