3 0.4875 0.2390625 0.140625 0.1375
3 0.4296875 0.496875 0.0546875 0.0765625
3 0.43203125 0.33671875 0.05 0.096875
3 0.42890625 0.425 0.0515625 0.0859375
1 0.57265625 0.4578125 0.1625 0.271875
3 0.6171875 0.3078125 0.134375 0.1484375
0 0.6890625 0.47109375 0.15 0.21875
0 0.68984375 0.5796875 0.121875 0.11875
0 0.675 0.63359375 0.10625 0.096875
0 0.665625 0.6796875 0.109375 0.10625
0 0.653125 0.7265625 0.103125 0.1015625
0 0.64140625 0.7734375 0.0984375 0.1015625
1 0.553125 0.57421875 0.1515625 0.259375
1 0.5375 0.65703125 0.159375 0.240625
1 0.52421875 0.7359375 0.1375 0.246875
0 0.51875 0.31171875 0.13125 0.15625
1 0.5734375 0.21953125 0.1 0.11875