3 0.503125 0.2390625 0.1453125 0.1421875
3 0.5703125 0.49453125 0.0578125 0.078125
3 0.5625 0.334375 0.053125 0.0984375
3 0.56875 0.42265625 0.0546875 0.0875
1 0.42578125 0.46015625 0.1734375 0.278125
3 0.3765625 0.31171875 0.140625 0.153125
0 0.31015625 0.47734375 0.1578125 0.2234375
0 0.31328125 0.5859375 0.1265625 0.1234375
0 0.3296875 0.63984375 0.109375 0.1
0 0.340625 0.68515625 0.1125 0.109375
0 0.3546875 0.73203125 0.10625 0.1046875
0 0.36796875 0.778125 0.1015625 0.1046875
1 0.44921875 0.57578125 0.1609375 0.2640625
1 0.46796875 0.65859375 0.1671875 0.2453125
1 0.484375 0.73671875 0.1453125 0.2515625
0 0.475 0.3125 0.1359375 0.1609375
1 0.4171875 0.221875 0.1046875 0.121875