4 0.65546875 0.6796875 0.0703125 0.1
4 0.71328125 0.7328125 0.0640625 0.06875
2 0.90859375 0.6796875 0.0546875 0.0609375
4 0.69765625 0.67421875 0.06875 0.084375
4 0.7234375 0.775 0.0609375 0.075
2 0.9171875 0.7234375 0.053125 0.0609375
2 0.86953125 0.73984375 0.059375 0.0578125
4 0.6671875 0.75078125 0.059375 0.0640625
2 0.903125 0.6390625 0.05625 0.065625
4 0.68125 0.8 0.05625 0.065625
1 0.7484375 0.53046875 0.1203125 0.140625
0 0.85078125 0.4671875 0.0953125 0.0984375
2 0.85546875 0.6546875 0.065625 0.075
2 0.8625 0.7 0.0609375 0.059375
2 0.8921875 0.5734375 0.059375 0.1
1 0.78125 0.678125 0.115625 0.1140625
1 0.76640625 0.61640625 0.115625 0.1171875
1 0.7953125 0.7484375 0.1046875 0.1078125
0 0.8578125 0.5140625 0.09375 0.084375
2 0.846875 0.59453125 0.0625 0.1015625