2 0.365625 0.48515625 0.06015625 0.05390625
1 0.43046875 0.54609375 0.06015625 0.075
4 0.49140625 0.51875 0.06875 0.059375
2 0.36640625 0.5234375 0.06171875 0.04765625
4 0.48828125 0.56640625 0.06953125 0.05859375
4 0.496875 0.459375 0.0671875 0.07890625
0 0.4984375 0.3296875 0.0625 0.06875
3 0.43984375 0.2859375 0.06328125 0.03671875
1 0.43125 0.4875 0.06328125 0.07734375
3 0.5625 0.31953125 0.0625 0.06484375
0 0.49765625 0.378125 0.05703125 0.04609375
1 0.43515625 0.4203125 0.065625 0.0796875
0 0.5671875 0.37890625 0.0640625 0.09296875
0 0.5625 0.4328125 0.06328125 0.0765625
0 0.5609375 0.47109375 0.0625 0.0671875
0 0.5578125 0.509375 0.0609375 0.0640625
0 0.55390625 0.5453125 0.0625 0.0609375
0 0.55 0.5765625 0.06171875 0.0609375
1 0.4359375 0.34453125 0.0625 0.1109375
2 0.3671875 0.55078125 0.0578125 0.05078125
2 0.36953125 0.43125 0.06171875 0.0703125
2 0.3765625 0.390625 0.05625 0.03671875
4 0.49453125 0.4078125 0.05625 0.03984375
1 0.553125 0.2859375 0.05234375 0.06640625