3 0.51953125 0.7390625 0.075 0.09375
4 0.4515625 0.478125 0.0953125 0.109375
3 0.51875 0.81484375 0.0671875 0.090625
0 0.4453125 0.62109375 0.0859375 0.075
0 0.4421875 0.67421875 0.0875 0.078125
0 0.44140625 0.7265625 0.0859375 0.0671875
0 0.43984375 0.775 0.0875 0.078125
0 0.4375 0.8265625 0.090625 0.0703125
0 0.43671875 0.8765625 0.0921875 0.06875
1 0.2796875 0.69765625 0.0578125 0.059375
1 0.28046875 0.64609375 0.0609375 0.05625
1 0.28359375 0.60234375 0.0625 0.0640625
4 0.278125 0.56015625 0.0484375 0.05
4 0.28125 0.490625 0.046875 0.0515625
2 0.28046875 0.525 0.0484375 0.0421875
2 0.309375 0.53203125 0.0140625 0.0328125
4 0.3078125 0.5640625 0.015625 0.0421875
4 0.31171875 0.49921875 0.015625 0.0421875
2 0.12109375 0.62890625 0.0359375 0.0390625
2 0.1203125 0.65390625 0.0359375 0.0390625
4 0.1703125 0.63828125 0.0375 0.0453125
4 0.1703125 0.67265625 0.0359375 0.04375
4 0.15859375 0.63046875 0.034375 0.0375
4 0.14765625 0.66171875 0.015625 0.0359375
3 0.44765625 0.5578125 0.0921875 0.0984375