3 0.35546875 0.7484375 0.2171875 0.203125
0 0.1625 0.796875 0.2125 0.1359375
3 0.3625 0.5828125 0.234375 0.325
1 0.50078125 0.75078125 0.1375 0.1484375
3 0.33984375 0.91171875 0.1875 0.1625
0 0.15703125 0.6703125 0.2375 0.2625
0 0.1671875 0.86484375 0.2015625 0.128125
1 0.5234375 0.6640625 0.1453125 0.1546875
3 0.4140625 0.3921875 0.159375 0.140625
3 0.35078125 0.8390625 0.2015625 0.184375
0 0.17421875 0.95234375 0.1703125 0.0703125
0 0.17109375 0.915625 0.1921875 0.1125
1 0.48359375 0.8234375 0.1234375 0.15
1 0.15 0.4734375 0.1921875 0.2125
0 0.3046875 0.4796875 0.1890625 0.1859375
1 0.521875 0.5203125 0.1921875 0.2265625