0 0.33671875 0.40390625 0.17890625 0.1109375
0 0.34140625 0.48828125 0.18359375 0.10625
0 0.3421875 0.57265625 0.17734375 0.103125
0 0.3515625 0.65390625 0.19140625 0.09453125
0 0.35234375 0.73046875 0.18046875 0.08671875
0 0.35859375 0.803125 0.171875 0.08125
2 0.50859375 0.54453125 0.10390625 0.11484375
2 0.596875 0.53359375 0.1125 0.1109375
2 0.5109375 0.63203125 0.1 0.0890625
2 0.60625 0.6234375 0.090625 0.0890625
2 0.5140625 0.72109375 0.09765625 0.09609375
2 0.6078125 0.7015625 0.08515625 0.090625
2 0.5171875 0.7953125 0.09609375 0.090625
2 0.6078125 0.775 0.08359375 0.08671875