2 0.3703125 0.46171875 0.06875 0.0640625
1 0.4234375 0.53359375 0.071875 0.084375
4 0.48828125 0.5171875 0.078125 0.0703125
2 0.3640625 0.5 0.06875 0.0578125
4 0.4765625 0.56328125 0.078125 0.0703125
4 0.50390625 0.459375 0.0796875 0.0890625
0 0.528125 0.33203125 0.0734375 0.078125
3 0.478125 0.27890625 0.06875 0.046875
1 0.434375 0.47578125 0.075 0.0875
3 0.59296875 0.3328125 0.0734375 0.075
0 0.51875 0.3796875 0.0640625 0.0546875
1 0.45 0.41015625 0.078125 0.090625
0 0.5875 0.3921875 0.0796875 0.103125
0 0.5734375 0.44453125 0.075 0.0859375
0 0.56484375 0.48203125 0.0734375 0.0765625
0 0.55546875 0.51953125 0.071875 0.0734375
0 0.5453125 0.55390625 0.071875 0.0703125
0 0.5359375 0.584375 0.071875 0.0703125
1 0.4640625 0.3359375 0.08125 0.1203125
2 0.36015625 0.5265625 0.065625 0.059375
2 0.38359375 0.409375 0.0734375 0.0796875
2 0.39765625 0.37109375 0.0625 0.0453125
4 0.5109375 0.40859375 0.0625 0.0484375
1 0.58984375 0.2984375 0.0625 0.075