2 0.45703125 0.58515625 0.0703125 0.09296875
3 0.56953125 0.5609375 0.14375 0.1171875
3 0.71953125 0.1921875 0.16015625 0.1296875
4 0.68125 0.30546875 0.08046875 0.0984375
2 0.4640625 0.71875 0.075 0.06640625
3 0.57109375 0.65859375 0.1375 0.1
2 0.3921875 0.66875 0.06875 0.06875
2 0.3953125 0.728125 0.06640625 0.06171875
2 0.38984375 0.59453125 0.07578125 0.090625
2 0.4625 0.66328125 0.071875 0.06484375
4 0.76640625 0.303125 0.0828125 0.103125
0 0.72734375 0.73828125 0.1390625 0.07890625
0 0.72890625 0.6671875 0.13828125 0.08203125
0 0.7296875 0.60234375 0.14375 0.07890625
0 0.7296875 0.52734375 0.1484375 0.07578125
0 0.73046875 0.45625 0.1515625 0.07890625
0 0.72734375 0.38359375 0.159375 0.08515625
3 0.3484375 0.6078125 0.03203125 0.0984375
1 0.03828125 0.86171875 0.0765625 0.16953125
1 0.01953125 0.73125 0.03828125 0.146875
1 0.35234375 0.68984375 0.02890625 0.0953125