0 0.3375 0.68671875 0.075 0.06484375
2 0.190625 0.6921875 0.059375 0.0515625
1 0.2703125 0.65234375 0.06796875 0.07890625
3 0.41953125 0.65859375 0.090625 0.0671875
2 0.19140625 0.5953125 0.0609375 0.065625
2 0.190625 0.6453125 0.06015625 0.05859375
4 0.48984375 0.72578125 0.0671875 0.05703125
3 0.415625 0.71953125 0.0875 0.0671875
3 0.42109375 0.59609375 0.0890625 0.07109375
0 0.33671875 0.72578125 0.075 0.06015625
3 0.41953125 0.5328125 0.096875 0.078125
4 0.490625 0.67734375 0.06796875 0.053125
4 0.48828125 0.62734375 0.06875 0.065625
2 0.190625 0.72890625 0.0625 0.05078125
0 0.3375 0.64453125 0.0765625 0.06875
0 0.3390625 0.6046875 0.07890625 0.0640625
1 0.27265625 0.7203125 0.065625 0.078125
0 0.340625 0.57109375 0.07265625 0.0453125
0 0.3390625 0.5296875 0.0703125 0.046875
1 0.2703125 0.5796875 0.065625 0.08046875
1 0.2734375 0.5078125 0.071875 0.0828125