4 0.39609375 0.71328125 0.06875 0.1
4 0.35390625 0.7796875 0.0640625 0.06875
2 0.1515625 0.7796875 0.0546875 0.059375
4 0.35390625 0.71953125 0.06875 0.0828125
4 0.35546875 0.8234375 0.059375 0.075
2 0.1546875 0.82421875 0.053125 0.059375
2 0.2046875 0.82734375 0.059375 0.0578125
4 0.40390625 0.7859375 0.059375 0.0625
2 0.146875 0.73828125 0.05625 0.0640625
4 0.403125 0.83671875 0.0546875 0.0640625
1 0.26796875 0.59375 0.11875 0.1390625
0 0.153125 0.559375 0.09375 0.096875
2 0.196875 0.74140625 0.0640625 0.0734375
2 0.2015625 0.78671875 0.0609375 0.0578125
2 0.13984375 0.67265625 0.0578125 0.1
1 0.27421875 0.7453125 0.1140625 0.1125
1 0.27265625 0.68125 0.1140625 0.115625
1 0.27890625 0.815625 0.1046875 0.10625
0 0.1578125 0.60625 0.0921875 0.0828125
2 0.1890625 0.68125 0.0609375 0.1015625