2 0.6546875 0.62109375 0.1484375 0.11015625
3 0.6578125 0.3625 0.12578125 0.14140625
3 0.66953125 0.47109375 0.121875 0.11640625
2 0.65859375 0.67890625 0.15390625 0.125
2 0.6734375 0.5546875 0.12265625 0.10078125
2 0.67890625 0.740625 0.115625 0.1328125
4 0.378125 0.43203125 0.0609375 0.05859375
4 0.38515625 0.51484375 0.0625 0.06171875
4 0.41328125 0.421875 0.01953125 0.046875
4 0.41875 0.49921875 0.01953125 0.05
2 0.38125 0.47265625 0.0609375 0.04453125
2 0.415625 0.4609375 0.02109375 0.0390625
1 0.39453125 0.55546875 0.0734375 0.07265625
1 0.3984375 0.6109375 0.07265625 0.071875
1 0.40390625 0.66328125 0.07265625 0.0796875
2 0.20390625 0.675 0.04375 0.03984375
2 0.20703125 0.70390625 0.04375 0.0421875
4 0.26328125 0.65625 0.046875 0.05234375
4 0.2671875 0.69453125 0.046875 0.0578125
4 0.2453125 0.6515625 0.040625 0.04921875
4 0.2390625 0.6953125 0.0203125 0.0390625