2 0.365625 0.4828125 0.0609375 0.0546875
1 0.4296875 0.54453125 0.0609375 0.0765625
4 0.49140625 0.51875 0.0703125 0.0609375
2 0.36640625 0.52109375 0.0625 0.0484375
4 0.4875 0.56640625 0.0703125 0.059375
4 0.49765625 0.459375 0.06875 0.0796875
0 0.5015625 0.3296875 0.0640625 0.0703125
3 0.44375 0.28515625 0.0640625 0.0375
1 0.43125 0.4859375 0.0640625 0.078125
3 0.565625 0.3203125 0.0640625 0.065625
0 0.5 0.378125 0.0578125 0.046875
1 0.43671875 0.41953125 0.0671875 0.08125
0 0.56953125 0.38046875 0.065625 0.09375
0 0.56328125 0.43359375 0.0640625 0.078125
0 0.56171875 0.471875 0.0640625 0.06875
0 0.5578125 0.51015625 0.0625 0.065625
0 0.553125 0.54609375 0.0640625 0.0625
0 0.5484375 0.57734375 0.0625 0.0625
1 0.43828125 0.34375 0.0640625 0.1125
2 0.36640625 0.5484375 0.059375 0.0515625
2 0.37109375 0.42890625 0.0625 0.071875
2 0.378125 0.38828125 0.05625 0.0375
4 0.49609375 0.4078125 0.05625 0.040625
1 0.55703125 0.28671875 0.053125 0.0671875