2 0.3609375 0.6390625 0.1609375 0.128125
3 0.3265625 0.3828125 0.1421875 0.15625
3 0.328125 0.4921875 0.134375 0.1296875
2 0.3640625 0.696875 0.16875 0.1421875
2 0.334375 0.57578125 0.134375 0.115625
2 0.3515625 0.7609375 0.13125 0.1453125
4 0.6125 0.41796875 0.0671875 0.065625
4 0.615625 0.50078125 0.0703125 0.06875
4 0.5765625 0.41171875 0.025 0.0484375
4 0.58046875 0.4890625 0.025 0.0515625
2 0.61484375 0.45859375 0.065625 0.0515625
2 0.57890625 0.45078125 0.025 0.040625
1 0.61171875 0.5421875 0.08125 0.08125
1 0.6140625 0.59765625 0.08125 0.0796875
1 0.615625 0.65 0.08125 0.0875
2 0.81484375 0.6375 0.0484375 0.0453125
2 0.815625 0.66640625 0.0484375 0.046875
4 0.75390625 0.6265625 0.053125 0.0578125
4 0.7546875 0.66484375 0.053125 0.0625
4 0.77109375 0.61953125 0.046875 0.053125
4 0.7828125 0.66171875 0.025 0.040625