1 0.51171875 0.57734375 0.1625 0.1265625
1 0.5171875 0.66640625 0.159375 0.1140625
4 0.41015625 0.59921875 0.084375 0.153125
4 0.35703125 0.7203125 0.0765625 0.0765625
1 0.496875 0.45078125 0.1703125 0.19375
2 0.64140625 0.60390625 0.078125 0.065625
4 0.42109375 0.70234375 0.084375 0.071875
1 0.5328125 0.74609375 0.1421875 0.096875
4 0.43125 0.759375 0.0828125 0.078125
2 0.7078125 0.546875 0.08125 0.1515625
2 0.7109375 0.69921875 0.06875 0.05625
0 0.65859375 0.36015625 0.140625 0.1046875
2 0.646875 0.7515625 0.0703125 0.05
2 0.64453125 0.70546875 0.0734375 0.05625
2 0.7109375 0.65078125 0.0734375 0.0609375
2 0.709375 0.74140625 0.06875 0.05625
2 0.64296875 0.65625 0.075 0.0625
4 0.3390625 0.61328125 0.09375 0.1546875
2 0.63359375 0.55625 0.0875 0.1515625
0 0.66328125 0.44140625 0.13125 0.0734375
4 0.375 0.76484375 0.0640625 0.0875
3 0.50234375 0.35859375 0.1421875 0.15