3 0.47265625 0.546875 0.1 0.0859375
0 0.553125 0.53671875 0.08125 0.0625
3 0.4921875 0.42109375 0.1015625 0.0828125
3 0.503125 0.35234375 0.109375 0.09375
0 0.5578125 0.4984375 0.0828125 0.059375
3 0.4828125 0.484375 0.1 0.08125
4 0.40078125 0.5359375 0.0765625 0.0703125
0 0.58203125 0.3734375 0.08125 0.0546875
1 0.6421875 0.43828125 0.0859375 0.0859375
2 0.7046875 0.57421875 0.071875 0.0609375
0 0.565625 0.4546875 0.0796875 0.0546875
1 0.653125 0.36796875 0.0890625 0.0875
4 0.40859375 0.49296875 0.075 0.065625
1 0.63046875 0.5046875 0.0921875 0.103125
0 0.57421875 0.4125 0.08125 0.0546875
0 0.54921875 0.5703125 0.0859375 0.06875
4 0.41484375 0.43828125 0.075 0.06875
1 0.615625 0.578125 0.0859375 0.0984375
2 0.7203125 0.48203125 0.0703125 0.0671875
2 0.71328125 0.52890625 0.06875 0.05625
2 0.6984375 0.61171875 0.0734375 0.06875