4 0.7546875 0.66875 0.0859375 0.0828125
2 0.834375 0.5984375 0.05625 0.065625
4 0.7640625 0.59921875 0.0828125 0.090625
2 0.88359375 0.609375 0.05625 0.065625
2 0.8703125 0.7140625 0.053125 0.059375
4 0.74453125 0.73203125 0.084375 0.08125
2 0.81171875 0.75234375 0.05625 0.0546875
3 0.79296875 0.4828125 0.0734375 0.0796875
2 0.8625 0.76484375 0.0515625 0.0578125
2 0.875 0.66484375 0.053125 0.0578125
0 0.85703125 0.50234375 0.065625 0.05625
2 0.82734375 0.6546875 0.05625 0.0609375
2 0.82109375 0.703125 0.053125 0.0546875
1 0.7140625 0.47109375 0.1015625 0.0796875
1 0.70703125 0.5375 0.103125 0.0796875
1 0.690625 0.60234375 0.084375 0.08125
1 0.6828125 0.67421875 0.0796875 0.075
0 0.85546875 0.5515625 0.0640625 0.0515625
3 0.78984375 0.54765625 0.06875 0.0640625