0 0.66875 0.68125 0.0765625 0.0671875
2 0.815625 0.68125 0.0609375 0.053125
1 0.73515625 0.64453125 0.0703125 0.08125
3 0.5859375 0.65546875 0.0921875 0.0703125
2 0.81171875 0.584375 0.0625 0.0671875
2 0.8140625 0.634375 0.0625 0.0609375
4 0.51796875 0.725 0.06875 0.059375
3 0.5921875 0.71640625 0.0890625 0.0703125
3 0.58203125 0.59296875 0.0921875 0.0734375
0 0.67109375 0.7203125 0.0765625 0.0625
3 0.58125 0.5296875 0.1 0.08125
4 0.515625 0.6765625 0.0703125 0.0546875
4 0.51640625 0.6265625 0.0703125 0.06875
2 0.8171875 0.71796875 0.0640625 0.053125
0 0.6671875 0.6390625 0.0796875 0.071875
0 0.66484375 0.59921875 0.08125 0.0671875
1 0.73515625 0.7125 0.06875 0.0796875
0 0.66171875 0.565625 0.0734375 0.0484375
0 0.66171875 0.52421875 0.071875 0.05
1 0.73203125 0.571875 0.06875 0.0828125
1 0.7265625 0.5 0.075 0.0859375