2 0.5453125 0.81640625 0.046875 0.0515625
4 0.58203125 0.71796875 0.03515625 0.05234375
2 0.54453125 0.6828125 0.0484375 0.0515625
0 0.334375 0.60859375 0.06484375 0.0453125
4 0.5828125 0.765625 0.0359375 0.0515625
3 0.409375 0.78984375 0.06796875 0.07109375
2 0.54609375 0.77265625 0.04765625 0.05234375
2 0.48984375 0.68828125 0.06875 0.059375
2 0.49296875 0.81953125 0.05859375 0.0546875
2 0.490625 0.73203125 0.06015625 0.06015625
3 0.40078125 0.6625 0.06796875 0.06640625
2 0.4921875 0.77734375 0.0640625 0.059375
0 0.3375 0.6921875 0.0609375 0.04296875
0 0.340625 0.7328125 0.0640625 0.03671875
2 0.54375 0.72890625 0.0484375 0.05078125
3 0.40390625 0.72734375 0.06484375 0.06796875
0 0.3359375 0.65 0.06171875 0.040625
0 0.3390625 0.76953125 0.06328125 0.04921875
0 0.34140625 0.80546875 0.06328125 0.05
3 0.40078125 0.59375 0.06484375 0.06953125
1 0.48359375 0.5890625 0.09765625 0.0640625
1 0.484375 0.6546875 0.096875 0.0734375
4 0.565625 0.6640625 0.06328125 0.0546875