1 0.21875 0.66328125 0.10625 0.1125
1 0.21640625 0.7546875 0.109375 0.1109375
1 0.2203125 0.85 0.109375 0.115625
3 0.77109375 0.43828125 0.1171875 0.0953125
3 0.65703125 0.721875 0.0984375 0.0875
3 0.65546875 0.79921875 0.1 0.0875
4 0.7390625 0.52265625 0.0578125 0.0796875
4 0.7984375 0.52421875 0.059375 0.071875
4 0.2328125 0.43671875 0.0859375 0.090625
4 0.1796875 0.44765625 0.015625 0.0671875
4 0.22734375 0.57578125 0.090625 0.078125
4 0.175 0.575 0.0171875 0.0703125
2 0.2296875 0.50859375 0.0890625 0.0671875
2 0.178125 0.51171875 0.0171875 0.05625
2 0.48046875 0.64296875 0.053125 0.0515625
2 0.53203125 0.640625 0.0515625 0.046875
2 0.47890625 0.69140625 0.0515625 0.046875
2 0.53046875 0.68984375 0.0515625 0.0453125
2 0.5296875 0.73671875 0.053125 0.0453125
2 0.47890625 0.7359375 0.053125 0.0484375
2 0.52890625 0.7796875 0.05 0.0453125
2 0.478125 0.78125 0.053125 0.046875
2 0.52734375 0.8265625 0.05 0.046875
2 0.47734375 0.82734375 0.0515625 0.0484375
0 0.76875 0.590625 0.121875 0.059375
0 0.7671875 0.6453125 0.11875 0.05625
0 0.7671875 0.70078125 0.1203125 0.0609375
0 0.76328125 0.75390625 0.1203125 0.046875
0 0.76171875 0.8078125 0.1171875 0.05625
0 0.75546875 0.85703125 0.11875 0.046875