3 0.6265625 0.51015625 0.0734375 0.0765625
3 0.5796875 0.61328125 0.0625 0.071875
2 0.6328125 0.565625 0.071875 0.059375
2 0.63515625 0.6125 0.0703125 0.05625
2 0.48125 0.38671875 0.078125 0.0609375
3 0.571875 0.54453125 0.06875 0.0875
2 0.51484375 0.63984375 0.0984375 0.10625
4 0.484375 0.43984375 0.0796875 0.0671875
1 0.49765625 0.503125 0.0875 0.090625
1 0.50546875 0.571875 0.0875 0.084375
2 0.64140625 0.65625 0.0671875 0.0578125
4 0.52578125 0.4328125 0.015625 0.05625
2 0.52109375 0.3828125 0.0125 0.04375