3 0.36328125 0.66484375 0.1734375 0.2390625
2 0.38671875 0.83984375 0.159375 0.16875
2 0.57421875 0.546875 0.1890625 0.165625
4 0.6921875 0.13203125 0.128125 0.121875
2 0.57421875 0.6703125 0.159375 0.1265625
2 0.5859375 0.76875 0.1625 0.1265625
0 0.709375 0.284375 0.121875 0.0796875
0 0.71640625 0.34296875 0.11875 0.075
0 0.7203125 0.39453125 0.121875 0.0671875
0 0.725 0.44921875 0.121875 0.0703125
0 0.73125 0.50859375 0.11875 0.0671875
0 0.7359375 0.5703125 0.1265625 0.0890625
3 0.559375 0.46328125 0.16875 0.103125
4 0.690625 0.21796875 0.1 0.084375
4 0.7484375 0.225 0.03125 0.0859375