0 0.71875 0.5171875 0.12109375 0.0859375
3 0.30625 0.565625 0.14296875 0.24765625
0 0.72265625 0.4484375 0.12109375 0.0921875
3 0.5546875 0.45078125 0.16796875 0.1078125
2 0.5328125 0.6796875 0.1828125 0.16171875
0 0.71875 0.56875 0.1234375 0.0859375
4 0.72890625 0.275 0.1 0.1109375
2 0.525 0.5671875 0.17109375 0.19453125
1 0.30703125 0.75 0.13359375 0.16640625
2 0.50546875 0.76875 0.15703125 0.15703125
0 0.70390625 0.6203125 0.11953125 0.1015625
0 0.73125 0.39765625 0.12421875 0.103125
0 0.7328125 0.3421875 0.12421875 0.103125
3 0.7484375 0.18984375 0.12265625 0.16640625