4 0.23671875 0.65546875 0.08125 0.0796875
2 0.1609375 0.58125 0.053125 0.0640625
4 0.23125 0.58515625 0.078125 0.0859375
2 0.1109375 0.5890625 0.053125 0.0640625
2 0.11875 0.69453125 0.0515625 0.0578125
4 0.24375 0.71875 0.08125 0.078125
2 0.175 0.73515625 0.0546875 0.053125
3 0.2078125 0.46796875 0.0703125 0.0765625
2 0.1234375 0.7453125 0.0484375 0.0546875
2 0.11640625 0.6453125 0.0515625 0.05625
0 0.14375 0.48359375 0.0625 0.053125
2 0.16484375 0.6375 0.053125 0.0578125
2 0.16875 0.6859375 0.05 0.053125
1 0.2875 0.46015625 0.096875 0.075
1 0.29140625 0.5265625 0.1 0.075
1 0.30390625 0.5921875 0.0796875 0.0765625
1 0.30859375 0.6640625 0.0765625 0.0703125
0 0.14296875 0.5328125 0.0625 0.0484375
3 0.20859375 0.5328125 0.065625 0.0609375