3 0.546875 0.55625 0.1578125 0.140625
2 0.4359375 0.584375 0.0875 0.10625
4 0.66796875 0.2921875 0.0953125 0.1140625
3 0.70078125 0.17734375 0.1765625 0.15625
3 0.55078125 0.66015625 0.1515625 0.13125
2 0.44609375 0.66875 0.0859375 0.078125
2 0.36953125 0.67421875 0.0859375 0.0828125
2 0.453125 0.728125 0.0875 0.0765625
2 0.37890625 0.740625 0.08125 0.071875
2 0.3625 0.5953125 0.0796875 0.1078125
4 0.75234375 0.29140625 0.084375 0.1140625
0 0.734375 0.7359375 0.1625 0.090625
0 0.73359375 0.66640625 0.153125 0.09375
0 0.73203125 0.59765625 0.1546875 0.09375
0 0.73046875 0.5234375 0.1609375 0.0984375
0 0.72421875 0.4484375 0.1640625 0.096875
0 0.7171875 0.37421875 0.1640625 0.10625
3 0.3453125 0.60234375 0.1234375 0.1328125