2 0.4140625 0.65 0.10859375 0.0921875
2 0.48203125 0.628125 0.05234375 0.07734375
2 0.415625 0.70859375 0.10390625 0.08515625
2 0.48359375 0.68359375 0.053125 0.078125
2 0.40625 0.57734375 0.10078125 0.1
4 0.30703125 0.265625 0.0796875 0.075
3 0.45 0.5125 0.11640625 0.0640625
2 0.30625 0.33125 0.07421875 0.05703125
3 0.33125 0.3859375 0.12421875 0.0734375
2 0.3671875 0.32890625 0.053125 0.05
4 0.3671875 0.26875 0.04375 0.07109375
1 0.32890625 0.46171875 0.1203125 0.09609375
1 0.3296875 0.5453125 0.12109375 0.09921875
1 0.31640625 0.62109375 0.08984375 0.0984375
2 0.45703125 0.55859375 0.09609375 0.08125