3 0.625 0.5234375 0.0671875 0.06953125
3 0.5671875 0.62109375 0.05625 0.065625
2 0.625 0.57890625 0.06640625 0.053125
2 0.62265625 0.62578125 0.065625 0.05
2 0.49296875 0.38515625 0.0734375 0.05390625
3 0.5671875 0.5515625 0.0609375 0.08203125
2 0.5 0.640625 0.0890625 0.096875
4 0.490625 0.43828125 0.07421875 0.06015625
1 0.49765625 0.503125 0.0796875 0.08203125
1 0.49765625 0.571875 0.08046875 0.0765625
2 0.62421875 0.6703125 0.0625 0.05234375
4 0.5328125 0.4359375 0.01015625 0.05546875
2 0.5328125 0.3859375 0.00859375 0.04375