2 0.33671875 0.44140625 0.1203125 0.1203125
2 0.32578125 0.5453125 0.1109375 0.103125
2 0.43984375 0.44921875 0.115625 0.121875
2 0.43125 0.55390625 0.1140625 0.10625
2 0.3234375 0.63828125 0.1046875 0.1
2 0.42421875 0.64765625 0.1125 0.1015625
2 0.32109375 0.728125 0.103125 0.0859375
2 0.41953125 0.7375 0.109375 0.096875
0 0.6296875 0.27890625 0.2140625 0.1296875
0 0.6234375 0.37734375 0.215625 0.11875
0 0.61640625 0.471875 0.2125 0.1140625
0 0.60703125 0.56875 0.2125 0.1046875
0 0.596875 0.6578125 0.20625 0.1078125
0 0.58671875 0.746875 0.203125 0.1