1 0.59140625 0.4328125 0.1890625 0.196875
3 0.44921875 0.575 0.1640625 0.121875
3 0.45546875 0.65390625 0.14375 0.1046875
2 0.54921875 0.6765625 0.1109375 0.1953125
3 0.4453125 0.45 0.1828125 0.1921875
2 0.5515625 0.7859375 0.084375 0.078125
3 0.46015625 0.73671875 0.109375 0.109375
2 0.55546875 0.82890625 0.08125 0.0859375
2 0.62734375 0.68203125 0.109375 0.2078125
3 0.5046875 0.28359375 0.13125 0.090625
2 0.64296875 0.83515625 0.096875 0.10625
1 0.59921875 0.55546875 0.1671875 0.10625
1 0.40390625 0.3125 0.1296875 0.1234375
2 0.6390625 0.778125 0.0984375 0.1078125
2 0.56171875 0.87734375 0.0765625 0.078125
2 0.63671875 0.88828125 0.084375 0.071875
0 0.62890625 0.30859375 0.1234375 0.1125