4 0.559375 0.55859375 0.075 0.0890625
4 0.56796875 0.61796875 0.071875 0.05625
1 0.60859375 0.43828125 0.0953125 0.1265625
1 0.6234375 0.50546875 0.0953125 0.1359375
1 0.63125 0.5875 0.0765625 0.0875
1 0.64453125 0.6484375 0.0734375 0.0875
4 0.57890625 0.66015625 0.0640625 0.0578125
4 0.6921875 0.53828125 0.075 0.0859375
4 0.7 0.58828125 0.071875 0.0625
4 0.70703125 0.62734375 0.0734375 0.0640625
4 0.7125 0.665625 0.075 0.0609375
0 0.68515625 0.38984375 0.071875 0.0890625
0 0.69296875 0.4328125 0.071875 0.0859375
3 0.61796875 0.3859375 0.0765625 0.0921875