4 0.5859375 0.50859375 0.059375 0.0625
4 0.57734375 0.43515625 0.0640625 0.0953125
2 0.753125 0.53515625 0.0609375 0.053125
4 0.5359375 0.5140625 0.053125 0.0609375
4 0.53203125 0.440625 0.0640625 0.096875
2 0.80625 0.5390625 0.0515625 0.0515625
4 0.54296875 0.56796875 0.053125 0.059375
0 0.77265625 0.30625 0.096875 0.06875
2 0.7515625 0.490625 0.0578125 0.0546875
2 0.7515625 0.57890625 0.0609375 0.0515625
1 0.65625 0.32109375 0.1203125 0.1109375
4 0.5875 0.5640625 0.0546875 0.0625
2 0.8046875 0.4921875 0.0546875 0.05
2 0.803125 0.57890625 0.053125 0.05
2 0.74921875 0.42734375 0.0609375 0.0828125
1 0.66484375 0.4875 0.1140625 0.0859375
2 0.80234375 0.42578125 0.0546875 0.0859375
1 0.6703125 0.55625 0.103125 0.0828125
1 0.6625 0.41171875 0.1078125 0.0859375
0 0.775 0.35625 0.0921875 0.0484375