3 0.33125 0.678125 0.0953125 0.0984375
2 0.5671875 0.56953125 0.1640625 0.1546875
4 0.57265625 0.465625 0.1234375 0.1109375
4 0.5625 0.309375 0.1296875 0.121875
3 0.46015625 0.67265625 0.1015625 0.1328125
2 0.575 0.67421875 0.165625 0.16875
3 0.32265625 0.6 0.09375 0.1
1 0.57578125 0.7734375 0.165625 0.18125
1 0.4671875 0.753125 0.1015625 0.1359375
4 0.50078125 0.46953125 0.046875 0.09375
2 0.56796875 0.3890625 0.1265625 0.0875
2 0.49453125 0.3953125 0.0453125 0.075
4 0.48828125 0.31796875 0.0484375 0.1015625