3 0.4921875 0.28203125 0.13828125 0.10546875
4 0.6625 0.42265625 0.07265625 0.13203125
0 0.4125 0.36484375 0.1359375 0.15078125
1 0.553125 0.5109375 0.16796875 0.17734375
0 0.41484375 0.4390625 0.13046875 0.1203125
2 0.40390625 0.68359375 0.13671875 0.21328125
1 0.57265625 0.6765625 0.10546875 0.165625
2 0.46171875 0.6125 0.1265625 0.1828125
2 0.409375 0.76640625 0.1265625 0.11328125
2 0.421875 0.86875 0.12109375 0.12421875
2 0.4140625 0.81953125 0.1234375 0.1046875
2 0.49453125 0.69921875 0.06328125 0.10234375
2 0.4953125 0.75078125 0.05859375 0.10390625
2 0.496875 0.79921875 0.05859375 0.10390625
1 0.54765625 0.38203125 0.16640625 0.215625
1 0.5703125 0.5921875 0.10859375 0.17890625
0 0.4140625 0.4875 0.115625 0.12109375
0 0.42265625 0.52421875 0.1234375 0.09765625
4 0.67578125 0.4953125 0.04140625 0.08515625
4 0.67265625 0.55390625 0.03515625 0.1
4 0.6359375 0.584375 0.03515625 0.090625
4 0.6375 0.51796875 0.03671875 0.08203125
4 0.6390625 0.4390625 0.0453125 0.0953125