4 0.234375 0.65078125 0.08046875 0.078125
2 0.159375 0.575 0.05234375 0.0625
4 0.2296875 0.58046875 0.0765625 0.08515625
2 0.109375 0.58203125 0.05234375 0.0625
2 0.115625 0.6875 0.05 0.05625
4 0.23984375 0.7140625 0.0796875 0.0765625
2 0.17109375 0.7296875 0.053125 0.0515625
3 0.20859375 0.4625 0.06875 0.075
2 0.11953125 0.7390625 0.04765625 0.05390625
2 0.1140625 0.63828125 0.05 0.0546875
0 0.14375 0.47734375 0.06171875 0.05234375
2 0.1625 0.63125 0.05234375 0.05703125
2 0.165625 0.68046875 0.04921875 0.0515625
1 0.28828125 0.45625 0.09609375 0.07265625
1 0.290625 0.52265625 0.0984375 0.07265625
1 0.30234375 0.5890625 0.07890625 0.07578125
1 0.30546875 0.6609375 0.07578125 0.06953125
0 0.1421875 0.5265625 0.0609375 0.046875
3 0.2078125 0.52734375 0.06484375 0.059375