2 0.628125 0.309375 0.084375 0.0859375
2 0.53203125 0.31953125 0.10390625 0.08828125
2 0.634375 0.396875 0.08125 0.08671875
2 0.53828125 0.4109375 0.10234375 0.0890625
2 0.63203125 0.478125 0.08125 0.0859375
2 0.63203125 0.55859375 0.075 0.06796875
2 0.546875 0.5734375 0.08984375 0.0890625
2 0.54140625 0.4890625 0.1 0.07421875
0 0.38515625 0.359375 0.190625 0.10546875
0 0.38828125 0.446875 0.17890625 0.0890625
0 0.39296875 0.53359375 0.17890625 0.115625
0 0.39921875 0.61328125 0.18515625 0.08046875