1 0.59453125 0.4375 0.1796875 0.1875
3 0.4453125 0.571875 0.159375 0.1140625
3 0.44765625 0.6515625 0.1375 0.096875
2 0.53984375 0.67890625 0.1015625 0.190625
3 0.44765625 0.446875 0.1734375 0.1828125
2 0.53671875 0.78828125 0.08125 0.0734375
3 0.44765625 0.734375 0.1046875 0.1046875
2 0.53828125 0.83125 0.0765625 0.0828125
2 0.61796875 0.68828125 0.0984375 0.203125
3 0.515625 0.284375 0.128125 0.084375
2 0.625 0.8421875 0.0921875 0.103125
1 0.59609375 0.5609375 0.1625 0.0984375
1 0.4140625 0.3078125 0.1234375 0.1171875
2 0.62421875 0.78515625 0.09375 0.103125
2 0.5421875 0.8796875 0.071875 0.075
2 0.61640625 0.89453125 0.08125 0.06875
0 0.6390625 0.315625 0.11875 0.10625