3 0.7546875 0.33203125 0.06015625 0.08046875
3 0.75390625 0.4015625 0.06328125 0.06796875
3 0.640625 0.7234375 0.18671875 0.18125
3 0.6640625 0.59375 0.08515625 0.09921875
0 0.753125 0.45390625 0.06171875 0.0515625
0 0.7515625 0.4984375 0.06171875 0.0453125
0 0.75 0.54453125 0.06484375 0.04609375
0 0.746875 0.57421875 0.06171875 0.02421875
1 0.63359375 0.853125 0.1890625 0.1953125
2 0.78203125 0.7765625 0.09765625 0.0890625
2 0.7890625 0.63671875 0.0984375 0.084375
2 0.78515625 0.7140625 0.10234375 0.0703125
2 0.72421875 0.62265625 0.03671875 0.0765625