2 0.63046875 0.52421875 0.20078125 0.15546875
2 0.62890625 0.36015625 0.21171875 0.26484375
2 0.634375 0.628125 0.17109375 0.125
2 0.6328125 0.709375 0.1578125 0.1265625
4 0.83046875 0.60859375 0.07734375 0.08046875
4 0.83984375 0.48515625 0.096875 0.1984375
0 0.02890625 0.93203125 0.04375 0.1359375
4 0.7578125 0.60859375 0.08359375 0.08515625
4 0.76875 0.49765625 0.08984375 0.19921875
2 0.471875 0.5609375 0.1046875 0.22109375
3 0.646875 0.18828125 0.1359375 0.1296875
4 0.7484375 0.68125 0.0796875 0.0734375
2 0.38515625 0.5796875 0.1015625 0.20234375
2 0.39609375 0.70234375 0.10078125 0.08671875
2 0.409375 0.753125 0.08828125 0.05859375
2 0.42109375 0.79765625 0.0875 0.05859375
2 0.48359375 0.6828125 0.09140625 0.09140625
2 0.48984375 0.72421875 0.08671875 0.06640625
2 0.496875 0.77109375 0.08125 0.06640625
0 0.53359375 0.25625 0.1140625 0.1796875
0 0.5078125 0.37109375 0.05390625 0.0875
0 0.5125 0.4265625 0.04453125 0.06171875
4 0.8171875 0.6640625 0.05703125 0.0625