0 0.71640625 0.5359375 0.128125 0.096875
3 0.3015625 0.5484375 0.1640625 0.259375
0 0.7265625 0.46796875 0.128125 0.103125
3 0.55859375 0.45546875 0.1765625 0.121875
2 0.5171875 0.68203125 0.196875 0.1765625
0 0.71171875 0.5875 0.1296875 0.096875
4 0.74765625 0.29609375 0.109375 0.11875
2 0.51875 0.56875 0.1875 0.209375
1 0.2859375 0.73203125 0.146875 0.178125
2 0.48203125 0.76796875 0.1703125 0.1703125
0 0.69296875 0.6375 0.128125 0.1109375
0 0.7390625 0.41796875 0.1328125 0.1140625
0 0.7453125 0.36328125 0.1328125 0.1140625
3 0.77421875 0.2125 0.1359375 0.1765625