4 0.571875 0.64609375 0.109375 0.1328125
4 0.5671875 0.4609375 0.1125 0.12421875
3 0.3796875 0.64921875 0.14609375 0.13125
4 0.56953125 0.5546875 0.109375 0.11953125
4 0.4890625 0.6515625 0.0609375 0.0921875
1 0.23671875 0.578125 0.1453125 0.13671875
4 0.4859375 0.5609375 0.06015625 0.08828125
3 0.3765625 0.54765625 0.153125 0.13671875
3 0.52578125 0.359375 0.17890625 0.15625
4 0.48203125 0.471875 0.06328125 0.09140625
1 0.36875 0.44296875 0.15 0.1390625
1 0.2453125 0.68125 0.15078125 0.1421875
4 0.19296875 0.48515625 0.071875 0.090625
3 0.36171875 0.33671875 0.1546875 0.1359375
4 0.26015625 0.47265625 0.0765625 0.10234375
1 0.52109375 0.25078125 0.16640625 0.16015625