3 0.3796875 0.85390625 0.1703125 0.12421875
3 0.3671875 0.734375 0.171875 0.1515625
2 0.47734375 0.69140625 0.08046875 0.08828125
3 0.621875 0.76484375 0.121875 0.1609375
2 0.48515625 0.81171875 0.07265625 0.075
2 0.48515625 0.7625 0.07421875 0.0703125
2 0.54453125 0.7390625 0.05234375 0.071875
2 0.5453125 0.79140625 0.04921875 0.06875
2 0.53515625 0.6765625 0.0703125 0.08046875
1 0.58046875 0.603125 0.07109375 0.065625
0 0.23671875 0.7703125 0.11328125 0.0578125
0 0.23125 0.55078125 0.1265625 0.07109375
0 0.23359375 0.60390625 0.1265625 0.05703125
0 0.234375 0.65390625 0.1265625 0.05703125
0 0.23984375 0.7078125 0.1203125 0.06328125
0 0.24375 0.82109375 0.1125 0.06484375
3 0.2296875 0.39140625 0.1328125 0.10625
4 0.19140625 0.4859375 0.0546875 0.07734375
4 0.2546875 0.47265625 0.0734375 0.08203125
1 0.62421875 0.8671875 0.1125 0.1546875
4 0.584375 0.42890625 0.05703125 0.04609375
2 0.5859375 0.46796875 0.0546875 0.03828125
4 0.58515625 0.50390625 0.05703125 0.04765625
1 0.58125 0.55546875 0.06953125 0.05390625
2 0.55234375 0.471875 0.0171875 0.03671875
4 0.55078125 0.43515625 0.01796875 0.0421875
1 0.58515625 0.66171875 0.06953125 0.06171875
2 0.49453125 0.62421875 0.0265625 0.034375
2 0.52109375 0.621875 0.02890625 0.034375