4 0.46953125 0.70546875 0.0921875 0.078125
0 0.35078125 0.5359375 0.0703125 0.0578125
2 0.3453125 0.7984375 0.0609375 0.05625
2 0.33203125 0.69765625 0.0640625 0.0578125
4 0.46484375 0.63359375 0.096875 0.0890625
2 0.340625 0.74765625 0.0640625 0.0578125
2 0.38203125 0.634375 0.0640625 0.065625
2 0.40078125 0.78984375 0.0625 0.053125
2 0.3890625 0.6890625 0.0640625 0.0625
2 0.32578125 0.6390625 0.0625 0.065625
4 0.4765625 0.76640625 0.09375 0.0828125
2 0.39609375 0.74140625 0.0625 0.0578125
3 0.42265625 0.5234375 0.0859375 0.0859375
0 0.35625 0.58046875 0.0734375 0.05625
1 0.51015625 0.5109375 0.1125 0.0859375
1 0.5171875 0.57890625 0.1109375 0.0859375
1 0.5390625 0.64609375 0.08125 0.075
1 0.54765625 0.71796875 0.08125 0.0875
3 0.42890625 0.5875 0.084375 0.0765625