4 0.5546875 0.70078125 0.0875 0.0703125
0 0.65234375 0.51796875 0.0671875 0.053125
2 0.68984375 0.77734375 0.05625 0.0515625
2 0.690625 0.67578125 0.059375 0.053125
4 0.5515625 0.628125 0.090625 0.08125
2 0.68828125 0.7265625 0.0609375 0.053125
2 0.63359375 0.61875 0.059375 0.0609375
2 0.63359375 0.77578125 0.059375 0.0484375
2 0.63359375 0.67421875 0.059375 0.0578125
2 0.68984375 0.6171875 0.0578125 0.0609375
4 0.55546875 0.76171875 0.0875 0.075
2 0.6328125 0.7265625 0.059375 0.053125
3 0.5796875 0.51328125 0.0796875 0.078125
0 0.65234375 0.5625 0.0703125 0.05
1 0.49140625 0.51171875 0.10625 0.0765625
1 0.49296875 0.58046875 0.1046875 0.078125
1 0.47890625 0.64921875 0.075 0.06875
1 0.4796875 0.721875 0.0734375 0.08125
3 0.58125 0.578125 0.078125 0.0703125