3 0.50546875 0.73984375 0.08125 0.0984375
4 0.54609375 0.4734375 0.1015625 0.1140625
3 0.5140625 0.81484375 0.0734375 0.0953125
0 0.5671875 0.61484375 0.090625 0.08125
0 0.57578125 0.6671875 0.0921875 0.084375
0 0.58203125 0.71953125 0.0890625 0.0734375
0 0.58828125 0.7671875 0.0921875 0.084375
0 0.59609375 0.81875 0.0953125 0.0765625
0 0.60234375 0.86796875 0.0953125 0.0734375
1 0.73984375 0.6734375 0.0625 0.0640625
1 0.73359375 0.62265625 0.0640625 0.0609375
1 0.72578125 0.57890625 0.0671875 0.0671875
4 0.7265625 0.53671875 0.0515625 0.053125
4 0.71640625 0.46796875 0.05 0.053125
2 0.72109375 0.5015625 0.0515625 0.0453125
2 0.69296875 0.5125 0.0171875 0.034375
4 0.69765625 0.54375 0.01875 0.0421875
4 0.6875 0.4796875 0.01875 0.0421875
2 0.890625 0.5890625 0.0390625 0.0421875
2 0.89375 0.61328125 0.0390625 0.040625
4 0.8421875 0.603125 0.040625 0.046875
4 0.84609375 0.6375 0.0390625 0.046875
4 0.853125 0.59375 0.0375 0.040625
4 0.86796875 0.62421875 0.0171875 0.0375
3 0.5578125 0.55234375 0.0984375 0.1046875