2 0.5515625 0.58046875 0.0796875 0.1
3 0.4375 0.56796875 0.1546875 0.13125
3 0.24921875 0.2171875 0.1734375 0.1453125
4 0.29921875 0.32578125 0.090625 0.10625
2 0.55859375 0.7140625 0.08125 0.0734375
3 0.44609375 0.66484375 0.146875 0.1140625
2 0.625 0.65625 0.075 0.075
2 0.628125 0.715625 0.071875 0.06875
2 0.61953125 0.5828125 0.084375 0.0984375
2 0.5546875 0.65859375 0.078125 0.071875
4 0.21484375 0.33203125 0.09375 0.1109375
0 0.2984375 0.7609375 0.146875 0.09375
0 0.28984375 0.68984375 0.146875 0.0953125
0 0.28203125 0.62578125 0.1515625 0.09375
0 0.27421875 0.5515625 0.15625 0.090625
0 0.26640625 0.48046875 0.159375 0.09375
0 0.26171875 0.4078125 0.1671875 0.1015625
3 0.66171875 0.59140625 0.0421875 0.1015625
1 0.975 0.81171875 0.05 0.1765625
1 0.9875 0.6796875 0.025 0.15
1 0.66640625 0.6734375 0.0390625 0.0984375