3 0.68671875 0.659375 0.08671875 0.090625
2 0.440625 0.57578125 0.15 0.1390625
4 0.42421875 0.4734375 0.1140625 0.09921875
4 0.41796875 0.3171875 0.11875 0.109375
3 0.5578125 0.6671875 0.08828125 0.12421875
2 0.44375 0.68125 0.15078125 0.15390625
3 0.68671875 0.58125 0.084375 0.0921875
1 0.453125 0.7796875 0.14921875 0.1671875
1 0.559375 0.7484375 0.0890625 0.12734375
4 0.49609375 0.46953125 0.0375 0.090625
2 0.42109375 0.396875 0.11875 0.07578125
2 0.49453125 0.3953125 0.0375 0.07109375
4 0.49296875 0.31796875 0.0390625 0.0984375