3 0.46328125 0.54921875 0.0953125 0.0828125
2 0.22421875 0.56796875 0.053125 0.0515625
3 0.459375 0.615625 0.09375 0.08125
3 0.4546875 0.68046875 0.09140625 0.071875
1 0.30859375 0.52421875 0.0796875 0.0921875
2 0.21953125 0.6546875 0.05078125 0.04921875
2 0.17734375 0.5625 0.04609375 0.05
3 0.4640625 0.484375 0.10390625 0.0921875
2 0.2203125 0.61484375 0.046875 0.0484375
1 0.315625 0.44375 0.0765625 0.0921875
0 0.3765625 0.64375 0.0796875 0.065625
0 0.38046875 0.56015625 0.07890625 0.05703125
2 0.17890625 0.51328125 0.04609375 0.05546875
2 0.22578125 0.5265625 0.05078125 0.0484375
0 0.3796875 0.5953125 0.07890625 0.075
2 0.17421875 0.646875 0.04453125 0.05078125
4 0.5359375 0.64453125 0.07265625 0.06484375
2 0.17578125 0.6046875 0.0453125 0.0484375
4 0.5328125 0.69609375 0.06953125 0.059375
1 0.30078125 0.66953125 0.075 0.0875
0 0.3734375 0.67890625 0.078125 0.0671875
4 0.5390625 0.5890625 0.071875 0.065625
1 0.303125 0.59375 0.08203125 0.0890625
0 0.3859375 0.4765625 0.075 0.053125
0 0.384375 0.51875 0.07578125 0.06796875