3 0.71328125 0.6703125 0.11875 0.1390625
3 0.57578125 0.434375 0.1484375 0.0953125
3 0.69921875 0.76875 0.121875 0.11875
3 0.71953125 0.5453125 0.153125 0.1890625
3 0.68984375 0.8515625 0.1109375 0.1078125
0 0.57734375 0.75078125 0.1421875 0.06875
0 0.584375 0.69453125 0.1515625 0.0734375
0 0.5890625 0.63671875 0.1609375 0.0796875
1 0.42578125 0.5421875 0.1890625 0.196875
1 0.43046875 0.67734375 0.16875 0.15
1 0.4328125 0.775 0.1609375 0.1296875
1 0.4328125 0.86171875 0.1453125 0.109375
0 0.57890625 0.80234375 0.1390625 0.0828125
0 0.57578125 0.84375 0.1375 0.0765625
0 0.59375 0.54453125 0.159375 0.14375
1 0.69609375 0.44609375 0.134375 0.1171875