3 0.490625 0.553125 0.1 0.0859375
0 0.5625 0.515625 0.08125 0.0625
3 0.465625 0.428125 0.1015625 0.0828125
3 0.45234375 0.36015625 0.109375 0.09375
0 0.55390625 0.47890625 0.0828125 0.059375
3 0.47890625 0.49140625 0.1 0.08125
4 0.41875 0.5671875 0.0765625 0.0703125
0 0.53359375 0.353125 0.08125 0.0546875
1 0.61328125 0.39375 0.0859375 0.0859375
2 0.71796875 0.5 0.071875 0.0609375
0 0.54609375 0.434375 0.0796875 0.0546875
1 0.59921875 0.3234375 0.0890625 0.0875
4 0.41171875 0.52421875 0.075 0.065625
1 0.62421875 0.46015625 0.0921875 0.103125
0 0.53984375 0.3921875 0.08125 0.0546875
0 0.5703125 0.54921875 0.0859375 0.06875
4 0.39921875 0.47109375 0.075 0.06875
1 0.63515625 0.534375 0.0859375 0.0984375
2 0.70078125 0.4078125 0.0703125 0.0671875
2 0.71015625 0.45390625 0.06875 0.05625
2 0.725 0.5375 0.0734375 0.06875