2 0.60390625 0.63828125 0.11875 0.1046875
2 0.53359375 0.625 0.0609375 0.0828125
2 0.609375 0.696875 0.1140625 0.096875
2 0.53828125 0.68046875 0.0625 0.084375
2 0.60234375 0.565625 0.1125 0.1109375
4 0.66328125 0.24375 0.0875 0.084375
3 0.55078125 0.50625 0.1234375 0.078125
2 0.671875 0.30859375 0.08125 0.065625
3 0.65390625 0.36640625 0.1328125 0.0875
2 0.6109375 0.3140625 0.059375 0.05625
4 0.60390625 0.25390625 0.0515625 0.0765625
1 0.66484375 0.44140625 0.13125 0.109375
1 0.67421875 0.52421875 0.1328125 0.1125
1 0.696875 0.59765625 0.1015625 0.109375
2 0.55 0.553125 0.1046875 0.0921875