2 0.328125 0.47421875 0.125 0.1265625
2 0.33828125 0.57734375 0.115625 0.109375
2 0.43125 0.46171875 0.121875 0.1265625
2 0.44296875 0.56640625 0.11875 0.1109375
2 0.353125 0.66953125 0.109375 0.1046875
2 0.453125 0.659375 0.115625 0.10625
2 0.36796875 0.7578125 0.1078125 0.090625
2 0.465625 0.7484375 0.1140625 0.1015625
0 0.58515625 0.2578125 0.21875 0.1390625
0 0.59765625 0.35546875 0.2203125 0.1296875
0 0.60859375 0.45078125 0.215625 0.1234375
0 0.61796875 0.546875 0.215625 0.115625
0 0.625 0.63671875 0.209375 0.11875
0 0.63203125 0.72578125 0.20625 0.109375