1 0.69296875 0.2734375 0.16953125 0.1296875
1 0.69453125 0.40390625 0.16484375 0.13359375
1 0.6953125 0.5328125 0.16171875 0.125
1 0.69375 0.6515625 0.16171875 0.11796875
2 0.46796875 0.684375 0.08984375 0.06953125
2 0.3875 0.68515625 0.07265625 0.06640625
2 0.465625 0.61328125 0.09296875 0.06953125
2 0.38203125 0.61875 0.08046875 0.06328125
2 0.46484375 0.5390625 0.08984375 0.08125
2 0.378125 0.54453125 0.0765625 0.078125
2 0.37578125 0.4640625 0.08203125 0.08828125
2 0.46015625 0.45625 0.08984375 0.0953125