3 0.34140625 0.64453125 0.165625 0.234375
2 0.340625 0.82109375 0.1546875 0.1640625
2 0.56640625 0.55703125 0.1828125 0.1609375
4 0.74140625 0.1625 0.125 0.11875
2 0.55 0.67890625 0.15625 0.121875
2 0.54765625 0.778125 0.159375 0.121875
0 0.7375 0.315625 0.1203125 0.075
0 0.7359375 0.375 0.1171875 0.0703125
0 0.7328125 0.42578125 0.1203125 0.0625
0 0.73046875 0.48046875 0.1203125 0.065625
0 0.728125 0.540625 0.1171875 0.0625
0 0.72421875 0.60234375 0.1234375 0.084375
3 0.5640625 0.471875 0.165625 0.0984375
4 0.728125 0.24765625 0.0984375 0.08125
4 0.78359375 0.2625 0.028125 0.0859375