2 0.65703125 0.61875 0.15 0.1125
3 0.65546875 0.36015625 0.128125 0.14375
3 0.66875 0.46796875 0.1234375 0.11875
2 0.66171875 0.67578125 0.15625 0.128125
2 0.67421875 0.5515625 0.125 0.103125
2 0.6828125 0.7375 0.1171875 0.134375
4 0.37734375 0.434375 0.0625 0.059375
4 0.38515625 0.5171875 0.0640625 0.0625
4 0.41171875 0.4234375 0.0203125 0.046875
4 0.41875 0.50078125 0.0203125 0.05
2 0.38046875 0.475 0.0609375 0.0453125
2 0.41484375 0.4625 0.021875 0.0390625
1 0.3953125 0.55703125 0.075 0.0734375
1 0.4 0.6125 0.0734375 0.0734375
1 0.40703125 0.66484375 0.0734375 0.08125
2 0.20703125 0.68046875 0.04375 0.040625
2 0.2109375 0.709375 0.04375 0.0421875
4 0.26640625 0.66015625 0.0484375 0.053125
4 0.2703125 0.6984375 0.0484375 0.059375
4 0.24765625 0.65625 0.0421875 0.05
4 0.2421875 0.7 0.0203125 0.0390625