0 0.35390625 0.3796875 0.19375 0.1375
0 0.3453125 0.46328125 0.1984375 0.134375
0 0.3328125 0.546875 0.190625 0.1296875
0 0.3296875 0.62890625 0.203125 0.1234375
0 0.31796875 0.7046875 0.1921875 0.1140625
0 0.31328125 0.77734375 0.1828125 0.1078125
2 0.5015625 0.5453125 0.1203125 0.1296875
2 0.590625 0.5484375 0.128125 0.1265625
2 0.48984375 0.63203125 0.1125 0.103125
2 0.5859375 0.63828125 0.103125 0.1015625
2 0.4796875 0.7203125 0.1109375 0.1109375
2 0.575 0.715625 0.0984375 0.103125
2 0.47109375 0.79453125 0.109375 0.1046875
2 0.56328125 0.78828125 0.096875 0.0984375