3.0 0.46577614545822144 0.6277022361755371 0.10049664974212646 0.49540627002716064
3.0 0.567534327507019 0.6865562200546265 0.10529518127441406 0.5057086944580078
4.0 0.6524339914321899 0.7570714354515076 0.1038089394569397 0.354894757270813
3.0 0.7458813786506653 0.6700531244277954 0.11948740482330322 0.5099625587463379
3.0 0.8293768167495728 0.6429979801177979 0.11609530448913574 0.47640907764434814
1.0 0.9032539129257202 0.6133172512054443 0.12374991178512573 0.4674100875854492
1.0 0.3889642357826233 0.4982839524745941 0.09805524349212646 0.4691721796989441
1.0 0.3012768626213074 0.4795028567314148 0.11035609245300293 0.47129830718040466
1.0 0.1919059157371521 0.4568616449832916 0.11335277557373047 0.45102983713150024
1.0 0.09570151567459106 0.4456395208835602 0.12217116355895996 0.44569844007492065
