3.0 0.8767684698104858 0.30930671095848083 0.08116155862808228 0.27027398347854614
3.0 0.8581534028053284 0.6854379773139954 0.13924050331115723 0.4849916398525238
3.0 0.7494415044784546 0.7027055025100708 0.13328367471694946 0.501508355140686
4.0 0.6530156135559082 0.7950490713119507 0.11317944526672363 0.367872953414917
3.0 0.5636634826660156 0.6576598286628723 0.10573345422744751 0.5045114755630493
3.0 0.46835440397262573 0.6501522064208984 0.09977662563323975 0.501508355140686
1.0 0.36634403467178345 0.5855867862701416 0.10275506973266602 0.4924992322921753
1.0 0.2691735029220581 0.57582688331604 0.11392402648925781 0.4879946708679199
1.0 0.17795979976654053 0.5503010153770447 0.11764705181121826 0.4819885492324829
1.0 0.10201042890548706 0.5375380516052246 0.11317944526672363 0.48048707842826843
