3.0 0.8771407604217529 0.31005746126174927 0.07743853330612183 0.265769362449646
3.0 0.8577810525894165 0.6824349164962769 0.1429634690284729 0.48499158024787903
3.0 0.753164529800415 0.7064592838287354 0.1243484616279602 0.5090160369873047
3.0 0.5647803544998169 0.6621643900871277 0.10647797584533691 0.5135205984115601
3.0 0.46835440397262573 0.6531552672386169 0.1012657880783081 0.501508355140686
4.0 0.6526433229446411 0.7965506315231323 0.11541318893432617 0.367872953414917
1.0 0.3659716844558716 0.58408522605896 0.10052120685577393 0.495502233505249
1.0 0.2665674090385437 0.5397903323173523 0.10722267627716064 0.41592156887054443
1.0 0.17647498846054077 0.5570136308670044 0.11317074298858643 0.48640477657318115
1.0 0.10154527425765991 0.5400637984275818 0.11479032039642334 0.4867008924484253
