1.0 0.08760643750429153 0.633547306060791 0.12810465693473816 0.4956318438053131
3.0 0.16491097211837769 0.66500324010849 0.12147857248783112 0.5057488083839417
3.0 0.2524053156375885 0.6999629139900208 0.13518109917640686 0.5284653902053833
3.0 0.4364018440246582 0.7118077874183655 0.10911678522825241 0.5339322686195374
4.0 0.3482690453529358 0.7869774699211121 0.10867499560117722 0.3763038218021393
3.0 0.5411009788513184 0.6486653089523315 0.1039922907948494 0.5273720622062683
1.0 0.6210669875144958 0.505704939365387 0.1015625 0.48910385370254517
1.0 0.712094247341156 0.4893262982368469 0.11547999829053879 0.49379774928092957
1.0 0.825804591178894 0.46318843960762024 0.11780480295419693 0.47118204832077026
1.0 0.9270097017288208 0.45366281270980835 0.125837042927742 0.4720103442668915
