3.0 0.09033837914466858 0.12402511388063431 0.11129966378211975 0.24805022776126862
3.0 0.0878797397017479 0.5154207944869995 0.1757594794034958 0.6028558611869812
3.0 0.19691136479377747 0.573525071144104 0.18757601082324982 0.6196083426475525
4.0 0.29473114013671875 0.7130001187324524 0.15445587038993835 0.4599456787109375
3.0 0.4039323627948761 0.5877059698104858 0.15768149495124817 0.613307535648346
3.0 0.5088409781455994 0.6127929091453552 0.1509137898683548 0.6077754497528076
1.0 0.6258310079574585 0.575107216835022 0.15342284739017487 0.5985421538352966
1.0 0.7329639196395874 0.5982802510261536 0.16526859998703003 0.5973438620567322
1.0 0.8348912596702576 0.6013506650924683 0.16884230077266693 0.5918018221855164
1.0 0.9185700416564941 0.6136012077331543 0.16285987198352814 0.5885099768638611
