3.0 0.47364985942840576 0.6350826621055603 0.12934494018554688 0.5162025690078735
3.0 0.578181803226471 0.6688019037246704 0.13472378253936768 0.527595043182373
4.0 0.6666741371154785 0.7181907892227173 0.12424349784851074 0.3775174617767334
3.0 0.7542460560798645 0.609116792678833 0.14906668663024902 0.5352637767791748
3.0 0.8355187177658081 0.5619860291481018 0.14369577169418335 0.5011309385299683
1.0 0.907086193561554 0.5145840644836426 0.15075743198394775 0.4940558671951294
1.0 0.3896695375442505 0.525255560874939 0.12535488605499268 0.4895665645599365
1.0 0.3014987111091614 0.5279013514518738 0.13769328594207764 0.4946638345718384
1.0 0.19157159328460693 0.5319797992706299 0.13945794105529785 0.4752703905105591
1.0 0.0953969955444336 0.5441974401473999 0.14789390563964844 0.4721188545227051
