1.0 0.8984230160713196 0.5424840450286865 0.11224484443664551 0.4826236963272095
1.0 0.8237476944923401 0.5593197345733643 0.11688315868377686 0.4863649606704712
1.0 0.7314471006393433 0.5780261158943176 0.11224484443664551 0.493847519159317
1.0 0.6345083713531494 0.5845733284950256 0.10018551349639893 0.4994594156742096
3.0 0.5343227982521057 0.6556574106216431 0.09647497534751892 0.5106832981109619
3.0 0.4378478527069092 0.6622046828269958 0.10760664939880371 0.5088125467300415
4.0 0.34415584802627563 0.794084370136261 0.11131727695465088 0.3722562789916992
3.0 0.2476808875799179 0.7080352306365967 0.12801483273506165 0.5181658267974854
3.0 0.1396103948354721 0.6874582171440125 0.13821890950202942 0.49197688698768616
3.0 0.12430426478385925 0.31520193815231323 0.08163264393806458 0.2824658155441284
