3.0 0.5342238545417786 0.6277022361755371 0.10049664974212646 0.49540627002716064
3.0 0.43246567249298096 0.6865562200546265 0.10529518127441406 0.5057086944580078
4.0 0.34756597876548767 0.7570714354515076 0.1038089394569397 0.354894757270813
3.0 0.2541186213493347 0.6700531244277954 0.119487464427948 0.5099625587463379
3.0 0.17062319815158844 0.6429979801177979 0.11609527468681335 0.47640907764434814
1.0 0.096746064722538 0.6133172512054443 0.12374989688396454 0.4674100875854492
1.0 0.6110357642173767 0.4982839524745941 0.09805524349212646 0.4691721796989441
1.0 0.6987231373786926 0.4795028567314148 0.11035609245300293 0.47129830718040466
1.0 0.8080940842628479 0.4568616449832916 0.11335277557373047 0.45102983713150024
1.0 0.9042984843254089 0.4456395208835602 0.12217116355895996 0.44569844007492065
