1.0 0.10190391540527344 0.44648557901382446 0.1399521827697754 0.5061477422714233
1.0 0.17505323886871338 0.4811374843120575 0.14477849006652832 0.5109764933586121
1.0 0.2655918598175049 0.5218800902366638 0.14061522483825684 0.5172916650772095
1.0 0.3614537715911865 0.5516641139984131 0.128973126411438 0.5199670791625977
3.0 0.456727534532547 0.6463054418563843 0.12595194578170776 0.5302199125289917
3.0 0.5521290302276611 0.6759781241416931 0.13689392805099487 0.5310362577438354
4.0 0.6373645067214966 0.8156254887580872 0.13251233100891113 0.3687490224838257
3.0 0.7382351756095886 0.7472729086875916 0.1577092409133911 0.5054541826248169
3.0 0.8467518091201782 0.7559240460395813 0.16629379987716675 0.4881519079208374
3.0 0.8839364647865295 0.40675467252731323 0.09773552417755127 0.3000620901584625
