3.0 0.5458351373672485 0.6034221649169922 0.10303254425525665 0.552256166934967
3.0 0.4415091872215271 0.6690298914909363 0.10795216262340546 0.5637408494949341
4.0 0.3544671833515167 0.7476370334625244 0.10642841458320618 0.3956203758716583
3.0 0.25866180658340454 0.6506330370903015 0.12250256538391113 0.5684828162193298
3.0 0.17305947840213776 0.6204731464385986 0.11902478337287903 0.5310789942741394
1.0 0.09731815755367279 0.587386429309845 0.12687255442142487 0.5210472941398621
1.0 0.6245852708816528 0.45915260910987854 0.10052953660488129 0.5230116248130798
1.0 0.7144852876663208 0.43821632862091064 0.1131407767534256 0.5253817439079285
1.0 0.826616108417511 0.4129769206047058 0.11621307581663132 0.5027873516082764
1.0 0.9252480864524841 0.40046700835227966 0.12525399029254913 0.49684417247772217
