1.0 0.08067207783460617 0.6108698844909668 0.12762124836444855 0.4946657121181488
3.0 0.15768489241600037 0.6422644257545471 0.12102016061544418 0.5047629475593567
3.0 0.2448490709066391 0.6771559715270996 0.13467098772525787 0.5274352431297302
3.0 0.42815127968788147 0.6889777779579163 0.10870502144098282 0.5328914523124695
4.0 0.34035104513168335 0.7640008926391602 0.10826490074396133 0.37557026743888855
3.0 0.5324552655220032 0.6259583830833435 0.10359986871480942 0.5263440608978271
1.0 0.6121196150779724 0.4832766652107239 0.10117924958467484 0.4881504476070404
1.0 0.702803373336792 0.46692994236946106 0.11504422873258591 0.4928351938724518
1.0 0.8160845637321472 0.44084301590919495 0.11736025661230087 0.4702635705471039
1.0 0.9169077277183533 0.431335985660553 0.12536218762397766 0.47109025716781616
