3.0 0.46605199575424194 0.6342084407806396 0.10529589653015137 0.5400822162628174
3.0 0.5726696848869324 0.6983699202537537 0.11032354831695557 0.5513137578964233
4.0 0.6616238355636597 0.7752442359924316 0.10876637697219849 0.3868992328643799
3.0 0.7595337629318237 0.6803785562515259 0.12519359588623047 0.5559511184692383
3.0 0.8470165729522705 0.6508835554122925 0.12163949012756348 0.519371747970581
1.0 0.9244217872619629 0.6185262203216553 0.12965959310531616 0.50956130027771
1.0 0.3855718970298767 0.49311918020248413 0.1027379035949707 0.5114823579788208
1.0 0.29369693994522095 0.4726444482803345 0.11562621593475342 0.5138001441955566
1.0 0.17910295724868774 0.44796139001846313 0.1187659502029419 0.4917038679122925
1.0 0.07830429077148438 0.43572723865509033 0.1280055046081543 0.4858916997909546
