3.0 0.9426429271697998 0.20013487339019775 0.08930212259292603 0.315513014793396
3.0 0.9221607446670532 0.6392237544059753 0.153206467628479 0.5661705732345581
3.0 0.8025450110435486 0.6593815088272095 0.14665210247039795 0.5854518413543701
4.0 0.696447491645813 0.7671817541122437 0.12453150749206543 0.4294482469558716
3.0 0.5981332063674927 0.6067960262298584 0.11633861064910889 0.5889575481414795
3.0 0.4932645559310913 0.598031759262085 0.10978436470031738 0.5854518413543701
1.0 0.38102245330810547 0.5226592421531677 0.11306154727935791 0.574934720993042
1.0 0.27410566806793213 0.5112656950950623 0.1253507137298584 0.5696761608123779
1.0 0.1737431287765503 0.48146724700927734 0.12944722175598145 0.5626647472381592
1.0 0.09017598628997803 0.4665680527687073 0.12453150749206543 0.560912013053894
