3.0 0.5339480042457581 0.6342084407806396 0.10529591888189316 0.5400821566581726
3.0 0.4273303151130676 0.6983699202537537 0.11032360792160034 0.5513136982917786
4.0 0.3383761942386627 0.7752442359924316 0.10876638442277908 0.38689929246902466
3.0 0.24046622216701508 0.6803785562515259 0.12519364058971405 0.5559511184692383
3.0 0.1529834270477295 0.6508835554122925 0.12163946032524109 0.5193718075752258
1.0 0.0755782499909401 0.6185262203216553 0.12965963780879974 0.50956130027771
1.0 0.6144281029701233 0.49311918020248413 0.1027379184961319 0.511482298374176
1.0 0.706303060054779 0.4726444184780121 0.11562620103359222 0.5138001441955566
1.0 0.8208970427513123 0.44796139001846313 0.11876599490642548 0.4917038679122925
1.0 0.9216957092285156 0.43572723865509033 0.1280055046081543 0.4858916997909546
