1.0 0.8980960845947266 0.44648557901382446 0.13995222747325897 0.5061478018760681
1.0 0.8249467611312866 0.4811374843120575 0.14477849006652832 0.5109764933586121
1.0 0.7344081401824951 0.5218800902366638 0.14061516523361206 0.5172917246818542
1.0 0.6385462284088135 0.5516641139984131 0.12897314131259918 0.5199671387672424
3.0 0.5432724356651306 0.6463054418563843 0.12595196068286896 0.5302199125289917
3.0 0.44787099957466125 0.6759781241416931 0.13689389824867249 0.5310361981391907
4.0 0.3626354932785034 0.8156254887580872 0.13251234591007233 0.3687490224838257
3.0 0.261764794588089 0.7472729086875916 0.1577092558145523 0.5054542422294617
3.0 0.15324822068214417 0.7559240460395813 0.16629384458065033 0.488151878118515
3.0 0.11606354266405106 0.40675467252731323 0.09773550927639008 0.3000621199607849
