3.0 0.8853281736373901 0.40081796050071716 0.09649348258972168 0.28778666257858276
3.0 0.844709575176239 0.7561968564987183 0.16679799556732178 0.4876062870025635
3.0 0.7357497215270996 0.7480181455612183 0.1618552803993225 0.5039637088775635
4.0 0.6345708966255188 0.8167014718055725 0.13402879238128662 0.366597056388855
3.0 0.5539354085922241 0.6717808842658997 0.1346765160560608 0.5262491703033447
3.0 0.45974165201187134 0.6415181159973145 0.12858498096466064 0.5218417644500732
1.0 0.36225181818008423 0.5529970526695251 0.1310122013092041 0.5136090517044067
1.0 0.26634228229522705 0.520052433013916 0.14183712005615234 0.5118091106414795
1.0 0.17727530002593994 0.47287875413894653 0.14518046379089355 0.5067363977432251
1.0 0.10261374711990356 0.4420306980609894 0.1406559944152832 0.5041764378547668
