3.0 0.11467183381319046 0.40081796050071716 0.09649349749088287 0.28778669238090515
3.0 0.155290424823761 0.7561968564987183 0.16679801046848297 0.48760631680488586
3.0 0.264250248670578 0.7480181455612183 0.1618552803993225 0.5039637088775635
4.0 0.3654291033744812 0.8167014718055725 0.13402874767780304 0.36659708619117737
3.0 0.44606462121009827 0.6717808842658997 0.1346764713525772 0.5262491703033447
3.0 0.5402583479881287 0.6415181159973145 0.12858499586582184 0.5218417644500732
1.0 0.6377481818199158 0.5529970526695251 0.1310122162103653 0.5136091113090515
1.0 0.733657717704773 0.520052433013916 0.14183716475963593 0.5118091702461243
1.0 0.8227246999740601 0.47287875413894653 0.14518041908740997 0.5067364573478699
1.0 0.8973862528800964 0.4420306980609894 0.1406560242176056 0.5041764378547668
