1.0 0.9193279147148132 0.6108698844909668 0.12762129306793213 0.4946657419204712
3.0 0.8423150777816772 0.6422644257545471 0.12102013826370239 0.5047630071640015
3.0 0.7551509141921997 0.6771559715270996 0.13467097282409668 0.527435302734375
3.0 0.5718487501144409 0.6889777779579163 0.10870504379272461 0.5328913927078247
4.0 0.6596489548683167 0.7640008926391602 0.10826492309570312 0.37557029724121094
3.0 0.4675447344779968 0.6259583830833435 0.1035999059677124 0.5263440608978271
1.0 0.3878803849220276 0.4832766652107239 0.10117924213409424 0.4881504774093628
1.0 0.297196626663208 0.46692994236946106 0.1150442361831665 0.49283522367477417
1.0 0.18391543626785278 0.44084301590919495 0.11736023426055908 0.4702635407447815
1.0 0.08309227228164673 0.431335985660553 0.12536215782165527 0.4710902273654938
