1.0 0.9123935699462891 0.633547306060791 0.12810468673706055 0.4956318140029907
3.0 0.8350890278816223 0.66500324010849 0.12147855758666992 0.5057488679885864
3.0 0.7475947141647339 0.6999629139900208 0.13518112897872925 0.5284653902053833
3.0 0.5635981559753418 0.7118077874183655 0.10911679267883301 0.5339323282241821
4.0 0.6517309546470642 0.7869774699211121 0.10867500305175781 0.3763037919998169
3.0 0.45889899134635925 0.6486653089523315 0.1039922833442688 0.5273721218109131
1.0 0.37893301248550415 0.505704939365387 0.1015625 0.48910388350486755
1.0 0.287905752658844 0.4893262982368469 0.11547994613647461 0.49379777908325195
1.0 0.17419540882110596 0.46318843960762024 0.11780476570129395 0.47118204832077026
1.0 0.0729902982711792 0.45366281270980835 0.12583708763122559 0.47201037406921387
