3.0 0.05735710263252258 0.20013487339019775 0.08930215239524841 0.3155129849910736
3.0 0.07783924788236618 0.6392237544059753 0.1532064527273178 0.5661705136299133
3.0 0.1974550038576126 0.6593815088272095 0.14665214717388153 0.5854518413543701
4.0 0.303552508354187 0.7671817541122437 0.12453144788742065 0.4294482469558716
3.0 0.4018667936325073 0.6067960262298584 0.11633861809968948 0.5889575481414795
3.0 0.5067354440689087 0.598031759262085 0.1097843125462532 0.5854518413543701
1.0 0.6189775466918945 0.5226592421531677 0.11306149512529373 0.574934720993042
1.0 0.7258943319320679 0.5112656950950623 0.1253507137298584 0.5696761608123779
1.0 0.8262568712234497 0.48146727681159973 0.12944716215133667 0.5626647472381592
1.0 0.909824013710022 0.4665680527687073 0.12453144788742065 0.5609119534492493
