3.0 0.1142226979136467 0.4036446213722229 0.09284302592277527 0.2827383875846863
3.0 0.15582332015037537 0.7551818490028381 0.17106233537197113 0.48963630199432373
3.0 0.2611125409603119 0.7494952082633972 0.15402865409851074 0.5010095834732056
3.0 0.44544506072998047 0.6768032908439636 0.13656076788902283 0.5357609987258911
3.0 0.5406184196472168 0.6442906260490417 0.13066492974758148 0.5225633382797241
4.0 0.36630797386169434 0.817494809627533 0.1366751790046692 0.3650103211402893
1.0 0.638094425201416 0.5507039427757263 0.1295647770166397 0.5164194703102112
1.0 0.7341031432151794 0.48243770003318787 0.13143321871757507 0.43906369805336
1.0 0.8245665431022644 0.4775122106075287 0.1415741890668869 0.5104811191558838
1.0 0.8979249000549316 0.4423718750476837 0.143199622631073 0.5111709237098694
