1.0 0.8980511426925659 0.5548567175865173 0.11591865867376328 0.4860534965991974
1.0 0.8232560753822327 0.5693705081939697 0.12058500945568085 0.4899384379386902
1.0 0.7308235168457031 0.5852071642875671 0.11600440740585327 0.4972760081291199
1.0 0.6338462829589844 0.5887420177459717 0.1039893850684166 0.5025125741958618
3.0 0.5331295728683472 0.6567052602767944 0.1003650352358818 0.5136198401451111
3.0 0.43661603331565857 0.6602545380592346 0.11148109287023544 0.5120952129364014
4.0 0.3419276177883148 0.7892078757286072 0.11414802074432373 0.3756703734397888
3.0 0.24612149596214294 0.7001718282699585 0.13195830583572388 0.5220813155174255
3.0 0.13822102546691895 0.6762397885322571 0.14196111261844635 0.49621251225471497
3.0 0.12576067447662354 0.30355221033096313 0.0837809294462204 0.2849683463573456
