3.0 0.8857773542404175 0.4036446213722229 0.09284299612045288 0.2827383577823639
3.0 0.8441766500473022 0.7551818490028381 0.17106229066848755 0.48963630199432373
3.0 0.7388874292373657 0.7494952082633972 0.15402865409851074 0.5010095834732056
3.0 0.5545549392700195 0.6768032908439636 0.13656079769134521 0.5357609987258911
3.0 0.4593815803527832 0.6442906260490417 0.13066494464874268 0.5225633382797241
4.0 0.6336920261383057 0.817494809627533 0.13667511940002441 0.3650103807449341
1.0 0.361905574798584 0.5507039427757263 0.12956476211547852 0.516419529914856
1.0 0.26589685678482056 0.48243770003318787 0.13143324851989746 0.4390637278556824
1.0 0.1754334568977356 0.4775122404098511 0.14157414436340332 0.5104811191558838
1.0 0.10207509994506836 0.4423718750476837 0.14319968223571777 0.5111709237098694
