3.0 0.5263501405715942 0.6350826621055603 0.12934494018554688 0.5162025690078735
3.0 0.42181819677352905 0.6688019037246704 0.1347237080335617 0.5275951027870178
4.0 0.3333258628845215 0.7181907892227173 0.12424357235431671 0.3775174617767334
3.0 0.2457539439201355 0.609116792678833 0.1490667164325714 0.5352638363838196
3.0 0.16448132693767548 0.5619860291481018 0.14369581639766693 0.5011308789253235
1.0 0.09291379898786545 0.5145840644836426 0.15075746178627014 0.494055837392807
1.0 0.6103304624557495 0.525255560874939 0.12535493075847626 0.48956653475761414
1.0 0.6985012888908386 0.5279013514518738 0.13769324123859406 0.494663804769516
1.0 0.8084284067153931 0.5319797992706299 0.13945794105529785 0.4752703607082367
1.0 0.9046030044555664 0.5441974401473999 0.14789386093616486 0.4721188545227051
