3.0 0.4563790559768677 0.6303781270980835 0.10332226753234863 0.5094537734985352
3.0 0.560998260974884 0.6909009218215942 0.10825574398040771 0.5200483798980713
4.0 0.6482850313186646 0.7634156346321106 0.10672760009765625 0.36495792865753174
3.0 0.7443597316741943 0.6739298701286316 0.12284702062606812 0.5244227647781372
3.0 0.8302028179168701 0.64610755443573 0.11935943365097046 0.4899178743362427
1.0 0.9061570167541504 0.615585207939148 0.12722927331924438 0.4806636571884155
1.0 0.3774074912071228 0.49729010462760925 0.10081219673156738 0.4824756979942322
1.0 0.2872546315193176 0.4779765009880066 0.11345887184143066 0.48466217517852783
1.0 0.17480862140655518 0.4546932578086853 0.1165398359298706 0.46381890773773193
1.0 0.07589930295944214 0.44315293431282043 0.12560617923736572 0.45833641290664673
