3.0 0.5436209440231323 0.6303781270980835 0.10332223773002625 0.5094537138938904
3.0 0.43900173902511597 0.6909009218215942 0.10825568437576294 0.5200483202934265
4.0 0.35171496868133545 0.7634156346321106 0.10672765225172043 0.36495792865753174
3.0 0.2556402385234833 0.6739298701286316 0.12284699827432632 0.5244227051734924
3.0 0.16979722678661346 0.64610755443573 0.11935943365097046 0.4899178445339203
1.0 0.09384295344352722 0.615585207939148 0.12722927331924438 0.4806636869907379
1.0 0.6225925087928772 0.49729010462760925 0.10081218928098679 0.48247572779655457
1.0 0.7127453684806824 0.4779765009880066 0.11345888674259186 0.48466214537620544
1.0 0.8251913785934448 0.4546932578086853 0.11653982847929001 0.4638189375400543
1.0 0.9241006970405579 0.44315293431282043 0.12560614943504333 0.45833641290664673
