3.0 0.11085925251245499 0.35772034525871277 0.10414612293243408 0.30914658308029175
3.0 0.1526525318622589 0.7376844882965088 0.18583564460277557 0.5246310830116272
3.0 0.2747398316860199 0.7333797812461853 0.17435596883296967 0.5332404971122742
4.0 0.3867787718772888 0.8089264035224915 0.1462603360414505 0.3821471631526947
3.0 0.4790567457675934 0.6591663956642151 0.14487048983573914 0.5566588640213013
3.0 0.49023351073265076 0.9257639646530151 0.003998205065727234 0.0060543459840118885
3.0 0.587037205696106 0.6279078722000122 0.14311176538467407 0.5580642819404602
1.0 0.7010708451271057 0.5354145765304565 0.1462446004152298 0.5481613874435425
1.0 0.8110023140907288 0.505561351776123 0.15766216814517975 0.5556862354278564
1.0 0.900417149066925 0.46902212500572205 0.15439912676811218 0.5462696552276611
