3.0 0.9096616506576538 0.12402511388063431 0.11129969358444214 0.24805022776126862
3.0 0.9121202230453491 0.5154207944869995 0.17575949430465698 0.602855920791626
3.0 0.8030886650085449 0.573525071144104 0.18757599592208862 0.6196084022521973
4.0 0.7052688598632812 0.7130001187324524 0.15445590019226074 0.4599456787109375
3.0 0.5960676670074463 0.5877059698104858 0.15768152475357056 0.6133074760437012
3.0 0.49115902185440063 0.6127929091453552 0.15091383457183838 0.6077754497528076
1.0 0.3741689920425415 0.575107216835022 0.15342283248901367 0.5985422134399414
1.0 0.2670360803604126 0.5982802510261536 0.1652686595916748 0.5973438024520874
1.0 0.16510874032974243 0.6013506650924683 0.16884231567382812 0.5918018817901611
1.0 0.08142995834350586 0.6136012077331543 0.16285991668701172 0.5885100364685059
