1.0 0.9029057025909424 0.6128239631652832 0.12331682443618774 0.46647703647613525
3.0 0.8284904360771179 0.642429530620575 0.11693835258483887 0.4759988784790039
3.0 0.744266152381897 0.6753327250480652 0.13012874126434326 0.4973791837692261
3.0 0.5671464204788208 0.6864808797836304 0.105038583278656 0.5025244951248169
4.0 0.6519852876663208 0.7572287917137146 0.1046133041381836 0.3541682958602905
3.0 0.4663604497909546 0.6270526647567749 0.1001056432723999 0.49635016918182373
1.0 0.38938307762145996 0.49250170588493347 0.09776663780212402 0.46033304929733276
1.0 0.30175793170928955 0.47708651423454285 0.11116397380828857 0.46475082635879517
1.0 0.19229751825332642 0.45248615741729736 0.11340188980102539 0.4434654712677002
1.0 0.09487491846084595 0.4435208737850189 0.12113392353057861 0.44424504041671753
