3.0 0.12360387295484543 0.3101067841053009 0.07892777025699615 0.2748771905899048
3.0 0.14170879125595093 0.6843248605728149 0.14088010787963867 0.4896390438079834
3.0 0.24985498189926147 0.7027072310447693 0.13010691106319427 0.4996657371520996
4.0 0.3451562225818634 0.7962900996208191 0.11187535524368286 0.3659759759902954
3.0 0.4346565008163452 0.6592580080032349 0.1035882830619812 0.5030080080032349
3.0 0.43175601959228516 0.9099264740943909 0.0033148527145385742 0.0050133466720581055
3.0 0.531615138053894 0.6500668525695801 0.10193085670471191 0.5046792030334473
1.0 0.6368608474731445 0.5848930478096008 0.10524570941925049 0.4946523904800415
1.0 0.7354769110679626 0.5773729681968689 0.11519014835357666 0.4996657371520996
1.0 0.8162757754325867 0.5598261952400208 0.11270403861999512 0.49131011962890625
