1.0 0.10194885730743408 0.5548567175865173 0.11591863632202148 0.486053466796875
1.0 0.17674392461776733 0.5693705081939697 0.12058496475219727 0.4899384677410126
1.0 0.2691764831542969 0.5852071642875671 0.11600446701049805 0.4972759783267975
1.0 0.3661537170410156 0.5887420177459717 0.1039893627166748 0.5025125741958618
3.0 0.46687042713165283 0.6567052602767944 0.1003650426864624 0.5136198997497559
3.0 0.5633839964866638 0.6602545380592346 0.11148107051849365 0.5120952129364014
4.0 0.6580724120140076 0.7892078757286072 0.11414802074432373 0.37567031383514404
3.0 0.7538784742355347 0.7001718282699585 0.13195830583572388 0.5220813751220703
3.0 0.861778974533081 0.6762397885322571 0.14196109771728516 0.4962124824523926
3.0 0.8742393255233765 0.30355221033096313 0.08378094434738159 0.28496837615966797
