3.0 0.8891407251358032 0.35772034525871277 0.1041460633277893 0.30914658308029175
3.0 0.8473474979400635 0.7376844882965088 0.18583565950393677 0.5246310234069824
3.0 0.7252601385116577 0.7333797812461853 0.17435598373413086 0.5332404375076294
4.0 0.6132212281227112 0.8089264035224915 0.14626038074493408 0.3821471929550171
3.0 0.520943284034729 0.6591663956642151 0.14487046003341675 0.5566588640213013
3.0 0.5097664594650269 0.9257639646530151 0.003998219966888428 0.006054401397705078
3.0 0.41296279430389404 0.6279078722000122 0.1431117057800293 0.5580642223358154
1.0 0.2989291548728943 0.5354145765304565 0.14624464511871338 0.5481613874435425
1.0 0.18899768590927124 0.505561351776123 0.15766215324401855 0.5556862354278564
1.0 0.09958285093307495 0.46902215480804443 0.15439915657043457 0.5462696552276611
