1.0 0.8897737264633179 0.6718348264694214 0.14946603775024414 0.512871503829956
1.0 0.8147311210632324 0.6641003489494324 0.15434330701828003 0.5180758833885193
1.0 0.722145140171051 0.6524650454521179 0.15036599338054657 0.5239476561546326
1.0 0.6259570717811584 0.627318263053894 0.13891533017158508 0.5255536437034607
3.0 0.5213900804519653 0.6648004651069641 0.13615357875823975 0.5354199409484863
3.0 0.4256596565246582 0.6398048996925354 0.14698877930641174 0.5372034311294556
4.0 0.3226260244846344 0.7394000291824341 0.13970108330249786 0.40365394949913025
3.0 0.23432022333145142 0.6230265498161316 0.1678783893585205 0.5530878901481628
3.0 0.12932173907756805 0.5674828290939331 0.17584829032421112 0.5305707454681396
3.0 0.14406563341617584 0.19513428211212158 0.10320740193128586 0.30536603927612305
