3.0 0.4668971300125122 0.6187770962715149 0.14100861549377441 0.6445856094360352
3.0 0.5787525773048401 0.6577218770980835 0.14680898189544678 0.6588869094848633
4.0 0.6735721230506897 0.7166363000869751 0.13470244407653809 0.47229301929473877
3.0 0.7664400339126587 0.5783278346061707 0.16213339567184448 0.6688333749771118
3.0 0.8529582619667053 0.5173068046569824 0.15619826316833496 0.6263062953948975
1.0 0.9236358404159546 0.4562293291091919 0.1527283787727356 0.6177351474761963
1.0 0.37652742862701416 0.4845004081726074 0.13659143447875977 0.6114051342010498
1.0 0.28236931562423706 0.4903477430343628 0.1497645378112793 0.6181001663208008
1.0 0.16498231887817383 0.4986085891723633 0.15152192115783691 0.594080924987793
1.0 0.07128870487213135 0.5165985226631165 0.1425774097442627 0.590412974357605
