3.0 0.876396119594574 0.3101067841053009 0.07892775535583496 0.2748771905899048
3.0 0.8582912087440491 0.6843248605728149 0.14088010787963867 0.4896390438079834
3.0 0.7501450181007385 0.7027072310447693 0.13010692596435547 0.4996657371520996
4.0 0.654843807220459 0.7962900996208191 0.11187535524368286 0.3659759759902954
3.0 0.5653434991836548 0.6592580080032349 0.10358834266662598 0.5030080080032349
3.0 0.5682439804077148 0.9099264740943909 0.0033148527145385742 0.0050133466720581055
3.0 0.46838486194610596 0.6500668525695801 0.10193085670471191 0.5046792030334473
1.0 0.36313915252685547 0.5848930478096008 0.10524570941925049 0.4946523904800415
1.0 0.26452308893203735 0.5773729681968689 0.11519014835357666 0.4996657371520996
1.0 0.18372422456741333 0.5598261952400208 0.11270403861999512 0.49131011962890625
