3.0 0.12374679744243622 0.3089584410190582 0.07913395017385483 0.2751177251338959
3.0 0.14157089591026306 0.6832313537597656 0.14124736189842224 0.49006837606430054
3.0 0.24970316886901855 0.7019436955451965 0.13048170506954193 0.5000621676445007
4.0 0.3449340760707855 0.7958172559738159 0.11214985698461533 0.36631694436073303
3.0 0.4345370829105377 0.6590584516525269 0.10396561771631241 0.5033235549926758
3.0 0.43144848942756653 0.9097177386283875 0.0033186108339577913 0.0050234561786055565
3.0 0.5315024852752686 0.6501631736755371 0.102309450507164 0.5049896240234375
1.0 0.6367970108985901 0.5853105783462524 0.10561677068471909 0.49497297406196594
1.0 0.7354185581207275 0.5780914425849915 0.11556496471166611 0.5000166893005371
1.0 0.8162305355072021 0.5607912540435791 0.11307258903980255 0.4916534721851349
