3.0 0.45416486263275146 0.6034221649169922 0.10303258895874023 0.5522561073303223
3.0 0.5584908127784729 0.6690298914909363 0.10795223712921143 0.5637408494949341
4.0 0.6455328464508057 0.7476370334625244 0.10642844438552856 0.39562034606933594
3.0 0.7413381934165955 0.6506330370903015 0.12250256538391113 0.5684827566146851
3.0 0.8269405364990234 0.6204731464385986 0.11902475357055664 0.5310790538787842
1.0 0.902681827545166 0.587386429309845 0.12687253952026367 0.5210472345352173
1.0 0.37541472911834717 0.45915260910987854 0.10052955150604248 0.5230116248130798
1.0 0.2855147123336792 0.43821632862091064 0.11314082145690918 0.5253818035125732
1.0 0.173383891582489 0.4129769206047058 0.11621308326721191 0.5027873516082764
1.0 0.07475191354751587 0.4004669785499573 0.12525403499603271 0.4968441426753998
