1.0 0.11022627353668213 0.6718348264694214 0.14946603775024414 0.512871503829956
1.0 0.18526887893676758 0.6641003489494324 0.1543433666229248 0.5180758237838745
1.0 0.277854859828949 0.6524650454521179 0.150365948677063 0.5239475965499878
1.0 0.37404292821884155 0.627318263053894 0.1389153003692627 0.5255537033081055
3.0 0.47860991954803467 0.6648004651069641 0.13615357875823975 0.5354199409484863
3.0 0.5743403434753418 0.6398048996925354 0.14698874950408936 0.5372034311294556
4.0 0.677374005317688 0.7394000291824341 0.13970106840133667 0.40365397930145264
3.0 0.7656797766685486 0.6230265498161316 0.1678783893585205 0.5530878305435181
3.0 0.8706783056259155 0.5674828290939331 0.17584830522537231 0.5305707454681396
3.0 0.8559343814849854 0.19513428211212158 0.10320740938186646 0.30536603927612305
