1.0 0.10157698392868042 0.5424840450286865 0.11224484443664551 0.4826236963272095
1.0 0.1762523055076599 0.5593197345733643 0.11688315868377686 0.4863649606704712
1.0 0.26855289936065674 0.5780261158943176 0.11224484443664551 0.49384748935699463
1.0 0.3654916286468506 0.5845733284950256 0.10018551349639893 0.4994593858718872
3.0 0.4656772017478943 0.6556574106216431 0.09647500514984131 0.5106832981109619
3.0 0.5621521472930908 0.6622046828269958 0.10760664939880371 0.5088125467300415
4.0 0.6558441519737244 0.794084370136261 0.11131727695465088 0.3722562789916992
3.0 0.7523190975189209 0.7080352306365967 0.12801480293273926 0.5181658267974854
3.0 0.8603895902633667 0.6874582171440125 0.13821887969970703 0.49197685718536377
3.0 0.8756957054138184 0.31520193815231323 0.08163267374038696 0.2824658155441284
