1.0 0.09709425270557404 0.6128239631652832 0.12331678718328476 0.46647703647613525
3.0 0.17150956392288208 0.642429530620575 0.11693835258483887 0.4759988784790039
3.0 0.255733847618103 0.6753327250480652 0.13012875616550446 0.4973791837692261
3.0 0.4328535497188568 0.6864808797836304 0.105038583278656 0.5025244951248169
4.0 0.3480146825313568 0.7572287917137146 0.1046133041381836 0.3541682958602905
3.0 0.5336395502090454 0.6270526647567749 0.10010561347007751 0.49635016918182373
1.0 0.61061692237854 0.49250170588493347 0.09776663780212402 0.46033304929733276
1.0 0.6982420682907104 0.47708651423454285 0.11116397380828857 0.46475082635879517
1.0 0.8077024817466736 0.45248615741729736 0.11340188980102539 0.4434654712677002
1.0 0.905125081539154 0.4435208737850189 0.12113392353057861 0.44424504041671753
