3.0 0.12323156744241714 0.30930671095848083 0.08116157352924347 0.27027398347854614
3.0 0.14184661209583282 0.6854379773139954 0.13924050331115723 0.4849916398525238
3.0 0.250558465719223 0.7027055025100708 0.13328367471694946 0.501508355140686
4.0 0.3469843566417694 0.7950490713119507 0.11317944526672363 0.367872953414917
3.0 0.43633654713630676 0.6576598286628723 0.10573345422744751 0.5045114755630493
3.0 0.5316455960273743 0.6501522064208984 0.09977662563323975 0.501508355140686
1.0 0.6336559653282166 0.5855867862701416 0.10275506973266602 0.4924992322921753
1.0 0.7308264970779419 0.57582688331604 0.11392402648925781 0.4879946708679199
1.0 0.8220402002334595 0.5503010153770447 0.11764705181121826 0.4819885492324829
1.0 0.8979895710945129 0.5375380516052246 0.11317944526672363 0.48048707842826843
