3.0 0.12285926938056946 0.31005746126174927 0.07743856310844421 0.265769362449646
3.0 0.1422189176082611 0.6824349164962769 0.14296352863311768 0.48499158024787903
3.0 0.24683544039726257 0.7064592838287354 0.1243484616279602 0.5090160369873047
3.0 0.4352196455001831 0.6621643900871277 0.10647803544998169 0.5135205984115601
3.0 0.5316455960273743 0.6531552672386169 0.1012658178806305 0.501508355140686
4.0 0.3473566770553589 0.7965506315231323 0.11541324853897095 0.367872953414917
1.0 0.6340283155441284 0.58408522605896 0.10052120685577393 0.495502233505249
1.0 0.7334325909614563 0.5397903323173523 0.10722267627716064 0.41592156887054443
1.0 0.8235250115394592 0.5570136308670044 0.11317074298858643 0.48640477657318115
1.0 0.8984547257423401 0.5400637984275818 0.11479032039642334 0.4867008924484253
