3.0 0.5331028699874878 0.6187770962715149 0.1410086750984192 0.6445856094360352
3.0 0.4212474226951599 0.6577218770980835 0.14680905640125275 0.6588869094848633
4.0 0.3264278769493103 0.7166363000869751 0.13470245897769928 0.47229304909706116
3.0 0.2335600107908249 0.5783278346061707 0.16213342547416687 0.6688334345817566
3.0 0.14704172313213348 0.5173068046569824 0.15619826316833496 0.6263062357902527
1.0 0.0763641819357872 0.4562293291091919 0.1527283638715744 0.6177352070808411
1.0 0.6234725713729858 0.4845004081726074 0.13659143447875977 0.6114051342010498
1.0 0.7176306843757629 0.4903477430343628 0.14976449310779572 0.618100106716156
1.0 0.8350176811218262 0.4986085891723633 0.15152192115783691 0.5940809845924377
1.0 0.9287112951278687 0.5165985226631165 0.14257745444774628 0.5904129147529602
