3.0 0.8762532472610474 0.3089584410190582 0.07913392782211304 0.2751176953315735
3.0 0.8584290742874146 0.6832313537597656 0.14124733209609985 0.4900684058666229
3.0 0.7502968311309814 0.7019436955451965 0.13048171997070312 0.500062108039856
4.0 0.6550659537315369 0.7958172559738159 0.11214983463287354 0.36631691455841064
3.0 0.5654628872871399 0.6590584516525269 0.1039656400680542 0.5033235549926758
3.0 0.5685515403747559 0.9097177386283875 0.003318607807159424 0.005023479461669922
3.0 0.46849751472473145 0.6501631736755371 0.1023094654083252 0.5049896240234375
1.0 0.3632029891014099 0.5853105783462524 0.10561680793762207 0.49497294425964355
1.0 0.26458144187927246 0.5780914425849915 0.11556494235992432 0.5000166893005371
1.0 0.18376946449279785 0.5607912540435791 0.11307263374328613 0.4916534423828125
