0 0.3078125 0.59921875 0.1734375 0.128125
0 0.30859375 0.69296875 0.17265625 0.1140625
0 0.31484375 0.76640625 0.16796875 0.0953125
0 0.31953125 0.8375 0.16796875 0.09765625
0 0.634375 0.490625 0.07265625 0.071875
0 0.62890625 0.5453125 0.065625 0.05859375
0 0.628125 0.5859375 0.0671875 0.05078125
0 0.62109375 0.63203125 0.0640625 0.078125
0 0.70234375 0.5203125 0.08359375 0.08984375
0 0.66875 0.56640625 0.04921875 0.07421875
0 0.671875 0.61796875 0.0421875 0.08203125
0 0.66640625 0.66640625 0.0390625 0.0890625
2 0.80078125 0.48828125 0.07890625 0.04296875
2 0.90703125 0.58359375 0.12578125 0.1078125
2 0.9203125 0.67734375 0.07734375 0.07421875
2 0.90625 0.73203125 0.07890625 0.0765625
2 0.89375 0.80234375 0.084375 0.0953125
2 0.80703125 0.5296875 0.0859375 0.05234375