2 0.75 0.35625 0.21640625 0.1140625
2 0.7421875 0.45859375 0.2171875 0.11328125
2 0.74609375 0.54453125 0.21796875 0.11796875
2 0.7296875 0.63515625 0.2015625 0.12109375
3 0.24296875 0.33515625 0.10546875 0.09921875
3 0.246875 0.42421875 0.10859375 0.08984375
3 0.25078125 0.51015625 0.0953125 0.0796875
3 0.25625 0.58671875 0.0921875 0.08671875
3 0.26171875 0.6609375 0.0953125 0.08359375
3 0.353125 0.65546875 0.09609375 0.07578125
3 0.35 0.57421875 0.096875 0.0921875
3 0.34609375 0.5 0.0953125 0.09296875
3 0.34609375 0.42265625 0.09140625 0.0921875
3 0.3390625 0.3390625 0.0953125 0.0953125
1 0.48515625 0.36484375 0.08984375 0.07890625
1 0.5734375 0.36796875 0.08984375 0.0796875
1 0.57109375 0.43203125 0.09140625 0.0640625
1 0.56953125 0.4890625 0.0890625 0.06796875
1 0.5671875 0.54921875 0.0890625 0.0609375
1 0.56484375 0.6046875 0.08671875 0.0625
1 0.5640625 0.66171875 0.084375 0.05703125
1 0.48046875 0.43203125 0.08828125 0.0640625
1 0.48125 0.49140625 0.0890625 0.05859375
1 0.4828125 0.54921875 0.0859375 0.05546875
1 0.48125 0.603125 0.0859375 0.0609375
1 0.4828125 0.6578125 0.08671875 0.053125