2 0.684375 0.35859375 0.1796875 0.0984375
2 0.68046875 0.440625 0.1765625 0.09765625
2 0.675 0.5046875 0.13125 0.08671875
2 0.66796875 0.57421875 0.11953125 0.0875
3 0.11640625 0.88671875 0.2328125 0.21953125
3 0.2359375 0.9265625 0.03359375 0.146875
3 0.28203125 0.40703125 0.17578125 0.15859375
3 0.2953125 0.53359375 0.153125 0.128125
3 0.328125 0.76796875 0.134375 0.12265625
3 0.31796875 0.6890625 0.1453125 0.128125
3 0.30859375 0.60546875 0.146875 0.09140625
3 0.415625 0.54765625 0.10859375 0.15859375
3 0.42734375 0.6453125 0.10625 0.1078125
3 0.43046875 0.7125 0.09375 0.10625
1 0.515625 0.3953125 0.13125 0.1
1 0.5109375 0.45625 0.121875 0.0875
1 0.51015625 0.50625 0.11875 0.096875
1 0.51484375 0.55859375 0.10078125 0.08984375
1 0.5140625 0.6 0.09921875 0.0890625
1 0.51484375 0.64296875 0.1 0.0921875
1 0.596875 0.48125 0.0578125 0.0921875
1 0.59140625 0.53984375 0.05390625 0.06875
1 0.58515625 0.584375 0.0515625 0.06171875
1 0.58671875 0.625 0.05625 0.06328125