2 0.68125 0.490625 0.2078125 0.1390625
2 0.67578125 0.603125 0.19140625 0.109375
2 0.6640625 0.68125 0.17421875 0.1125
2 0.659375 0.75546875 0.171875 0.10625
3 0.2328125 0.471875 0.115625 0.0953125
3 0.315625 0.4703125 0.11875 0.10078125
3 0.23203125 0.5578125 0.084375 0.0671875
3 0.32421875 0.55 0.11640625 0.08046875
3 0.24296875 0.625 0.090625 0.0609375
3 0.3328125 0.59921875 0.1078125 0.10859375
3 0.340625 0.65625 0.096875 0.1
3 0.25 0.6828125 0.07734375 0.06328125
3 0.346875 0.70234375 0.09765625 0.11953125
3 0.2609375 0.72890625 0.07109375 0.05546875
1 0.43046875 0.490625 0.09296875 0.0875
1 0.503125 0.49609375 0.08125 0.09140625
1 0.42734375 0.5625 0.08046875 0.05078125
1 0.50390625 0.56171875 0.08046875 0.0609375
1 0.503125 0.61015625 0.07578125 0.05546875
1 0.50546875 0.659375 0.0734375 0.04765625
1 0.50390625 0.703125 0.07109375 0.05234375
1 0.50546875 0.7453125 0.071875 0.05234375
1 0.4359375 0.73984375 0.06953125 0.05078125
1 0.4328125 0.696875 0.07421875 0.05
1 0.4296875 0.61171875 0.0796875 0.046875
1 0.43203125 0.6546875 0.07265625 0.05