2 0.78046875 0.53359375 0.31015625 0.2734375
2 0.7640625 0.69296875 0.28671875 0.196875
2 0.74296875 0.796875 0.2703125 0.2
2 0.72734375 0.90078125 0.253125 0.1953125
3 0.1546875 0.409375 0.1640625 0.14765625
3 0.2578125 0.421875 0.159375 0.15703125
3 0.15 0.521875 0.103125 0.0890625
3 0.271875 0.5109375 0.15546875 0.1578125
3 0.16171875 0.60859375 0.10234375 0.0796875
3 0.2828125 0.59296875 0.15 0.14453125
3 0.17265625 0.68203125 0.10546875 0.09453125
3 0.184375 0.75703125 0.1 0.09140625
3 0.29296875 0.7390625 0.12421875 0.1546875
3 0.2875 0.6703125 0.13203125 0.1390625
1 0.4140625 0.47578125 0.1359375 0.15234375
1 0.5234375 0.49140625 0.13984375 0.16328125
1 0.40234375 0.57578125 0.11171875 0.09296875
1 0.521875 0.57578125 0.1390625 0.146875
1 0.521875 0.6375 0.1328125 0.1359375
1 0.521875 0.69921875 0.12890625 0.128125
1 0.51953125 0.753125 0.12265625 0.13984375
1 0.51875 0.8046875 0.1171875 0.1390625
1 0.41015625 0.809375 0.09453125 0.08125
1 0.40625 0.7515625 0.09765625 0.08359375
1 0.4046875 0.7 0.1 0.07109375
1 0.403125 0.6359375 0.11015625 0.0875