2 0.68125 0.490625 0.20781249999999996 0.13906250000000003
2 0.67578125 0.603125 0.19140625 0.109375
2 0.6640625 0.68125 0.17421874999999998 0.11250000000000004
2 0.659375 0.75546875 0.171875 0.10624999999999996
3 0.2328125 0.471875 0.11562500000000003 0.09531250000000002
3 0.315625 0.4703125 0.11875000000000002 0.10078125000000004
3 0.23203124999999997 0.5578125 0.08437499999999998 0.06718749999999996
3 0.32421875 0.55 0.11640624999999999 0.08046874999999998
3 0.24296875 0.625 0.09062499999999998 0.06093749999999998
3 0.3328125 0.59921875 0.10781249999999998 0.10859375000000004
3 0.34062499999999996 0.65625 0.09687499999999999 0.09999999999999998
3 0.25 0.6828125 0.07734375000000002 0.06328124999999996
3 0.346875 0.70234375 0.09765625 0.11953124999999998
3 0.2609375 0.72890625 0.07109374999999998 0.055468749999999956
1 0.43046874999999996 0.490625 0.09296874999999999 0.08749999999999997
1 0.503125 0.49609375 0.08125000000000004 0.09140624999999997
1 0.42734375 0.5625 0.08046875000000003 0.05078125
1 0.50390625 0.56171875 0.08046875000000003 0.06093749999999998
1 0.503125 0.61015625 0.07578124999999997 0.055468749999999956
1 0.50546875 0.659375 0.07343750000000004 0.047656249999999956
1 0.50390625 0.703125 0.07109374999999996 0.05234375000000002
1 0.50546875 0.7453125 0.07187499999999997 0.05234375000000002
1 0.4359375 0.73984375 0.06953124999999999 0.05078125
1 0.4328125 0.696875 0.07421875 0.050000000000000044
1 0.4296875 0.61171875 0.07968749999999997 0.046875
1 0.43203125 0.6546875 0.07265625000000003 0.050000000000000044
