2 0.8015625 0.35234375 0.22578125 0.13984375
2 0.79375 0.45703125 0.22578125 0.1421875
2 0.81171875 0.55859375 0.2078125 0.14453125
2 0.80390625 0.65390625 0.18046875 0.1453125
3 0.31015625 0.41640625 0.2265625 0.20234375
3 0.31171875 0.553125 0.2234375 0.2078125
3 0.4796875 0.60546875 0.121875 0.21796875
3 0.48515625 0.73984375 0.11796875 0.15078125
3 0.4796875 0.8375 0.09765625 0.1703125
3 0.33671875 0.87578125 0.190625 0.18125
3 0.33046875 0.78671875 0.20234375 0.20859375
3 0.321875 0.67578125 0.2109375 0.21328125
1 0.58515625 0.3953125 0.17578125 0.12578125
1 0.58203125 0.47890625 0.16640625 0.115625
1 0.57890625 0.55234375 0.16640625 0.1265625
1 0.59453125 0.6328125 0.13828125 0.10078125
1 0.58984375 0.6984375 0.1296875 0.1078125
1 0.5875 0.76015625 0.128125 0.10703125
1 0.69609375 0.521875 0.0734375 0.11640625
1 0.6890625 0.6 0.07265625 0.09765625
1 0.68515625 0.66875 0.0703125 0.0890625
1 0.6828125 0.72578125 0.071875 0.08671875