2 0.715625 0.34296875 0.20546875 0.1140625
2 0.709375 0.44140625 0.20859375 0.10546875
2 0.7046875 0.5390625 0.190625 0.10234375
2 0.69921875 0.61953125 0.1921875 0.1140625
3 0.20859375 0.315625 0.109375 0.10234375
3 0.3109375 0.31796875 0.103125 0.09453125
3 0.3140625 0.40390625 0.10234375 0.0859375
3 0.215625 0.403125 0.10078125 0.0953125
3 0.31640625 0.4875 0.10078125 0.0859375
3 0.21640625 0.4859375 0.09765625 0.1
3 0.22421875 0.571875 0.10078125 0.09296875
3 0.3203125 0.5703125 0.10078125 0.0875
3 0.321875 0.64453125 0.0953125 0.09296875
3 0.22734375 0.64921875 0.09453125 0.09140625
1 0.45390625 0.3484375 0.0890625 0.0703125
1 0.54453125 0.353125 0.09296875 0.06875
1 0.54375 0.4140625 0.0875 0.06328125
1 0.4546875 0.4125 0.0921875 0.065625
1 0.45625 0.47421875 0.0890625 0.06640625
1 0.54140625 0.475 0.08671875 0.06796875
1 0.45546875 0.53203125 0.0875 0.065625
1 0.54140625 0.53203125 0.08515625 0.0640625
1 0.4546875 0.5890625 0.08671875 0.0625
1 0.53828125 0.58984375 0.08984375 0.06015625
1 0.53828125 0.6453125 0.08671875 0.0578125
1 0.4546875 0.6453125 0.084375 0.05859375