2 0.24999999999999994 0.35625000000000007 0.21640625000000002 0.11406250000000001
2 0.25781250000000006 0.45859375 0.21718749999999998 0.11328125
2 0.25390625000000006 0.54453125 0.21796874999999993 0.11796874999999996
2 0.2703125 0.63515625 0.20156249999999998 0.12109375
3 0.75703125 0.33515625 0.10546875 0.09921875000000002
3 0.7531249999999999 0.42421875 0.10859375000000004 0.08984375
3 0.74921875 0.51015625 0.09531250000000002 0.07968749999999997
3 0.7437499999999999 0.58671875 0.09218749999999998 0.08671874999999996
3 0.73828125 0.6609375 0.09531249999999991 0.08359375000000002
3 0.6468749999999999 0.65546875 0.09609374999999998 0.07578125000000002
3 0.65 0.57421875 0.09687500000000004 0.09218749999999998
3 0.6539062500000001 0.5 0.09531250000000002 0.09296875000000004
3 0.6539062500000001 0.42265625 0.09140625000000002 0.09218749999999998
3 0.6609375 0.3390625 0.09531250000000002 0.09531250000000002
1 0.51484375 0.36484375 0.08984375 0.07890625000000001
1 0.42656249999999996 0.36796875 0.08984375 0.07968750000000002
1 0.42890625 0.43203125 0.09140625000000002 0.06406249999999997
1 0.43046874999999996 0.4890625 0.08906250000000004 0.06796875000000002
1 0.43281250000000004 0.5492187499999999 0.08906250000000004 0.06093749999999998
1 0.43515625 0.6046875 0.08671874999999996 0.0625
1 0.43593750000000003 0.6617187499999999 0.08437499999999998 0.05703124999999998
1 0.51953125 0.43203125 0.08828125000000009 0.06406249999999997
1 0.51875 0.49140625000000004 0.08906249999999993 0.058593750000000056
1 0.5171875 0.54921875 0.0859375 0.055468749999999956
1 0.51875 0.6031249999999999 0.0859375 0.06093749999999998
1 0.5171875 0.6578124999999999 0.08671874999999996 0.05312499999999998
