0 0.7234375 0.80859375 0.05703125 0.08671875
0 0.7828125 0.8109375 0.0515625 0.0953125
0 0.8796875 0.78671875 0.03515625 0.08984375
0 0.8828125 0.703125 0.034375 0.07890625
0 0.8 0.703125 0.046875 0.08515625
0 0.81875 0.01328125 0.0421875 0.0265625
0 0.86640625 0.0234375 0.03984375 0.046875
0 0.89609375 0.0328125 0.03359375 0.065625
0 0.25234375 0.64453125 0.06953125 0.10078125
0 0.1921875 0.6484375 0.05859375 0.0984375
0 0.325 0.64921875 0.06953125 0.0953125
0 0.65703125 0.79609375 0.075 0.1
0 0.396875 0.65859375 0.07890625 0.10078125
0 0.47265625 0.66953125 0.07734375 0.10078125
0 0.55 0.68046875 0.08046875 0.1015625
0 0.83203125 0.79921875 0.0546875 0.09140625
0 0.621875 0.6890625 0.07109375 0.1
0 0.1359375 0.64609375 0.05703125 0.0984375
0 0.7484375 0.7015625 0.06171875 0.09375
0 0.9140625 0.6984375 0.0359375 0.08359375
0 0.68671875 0.69765625 0.0609375 0.096875
0 0.84296875 0.7015625 0.04375 0.08828125
0 0.9140625 0.7765625 0.04609375 0.084375