0 0.8578125 0.98046875 0.025 0.0390625
0 0.88203125 0.978125 0.021875 0.04375
0 0.903125 0.978125 0.0171875 0.04375
0 0.92109375 0.97265625 0.01796875 0.05390625
0 0.93828125 0.9671875 0.0140625 0.065625
0 0.96796875 0.9578125 0.0109375 0.07421875
0 0.95390625 0.96328125 0.0171875 0.0734375
0 0.98203125 0.95078125 0.01640625 0.08203125
0 0.55546875 0.83671875 0.07734375 0.09453125
0 0.47890625 0.83671875 0.07578125 0.09453125
0 0.38671875 0.83359375 0.07578125 0.09140625
0 0.2359375 0.85234375 0.0609375 0.09140625
0 0.0921875 0.8359375 0.03828125 0.0890625
0 0.01796875 0.71171875 0.01640625 0.08359375
0 0.03828125 0.721875 0.02734375 0.0875
0 0.25078125 0.00859375 0.0578125 0.0171875
0 0.13125 0.84453125 0.04765625 0.0859375
0 0.0671875 0.72890625 0.03515625 0.084375
0 0.14375 0.74296875 0.04453125 0.08828125
0 0.70078125 0.83125 0.07421875 0.096875
0 0.78046875 0.828125 0.06875 0.09609375
0 0.30234375 0.7484375 0.06953125 0.09296875
0 0.91015625 0.81640625 0.04765625 0.09296875
0 0.37734375 0.74296875 0.06484375 0.0953125
0 0.609375 0.73046875 0.07890625 0.1
0 0.93203125 0.71640625 0.04296875 0.09296875
0 0.19296875 0.74453125 0.04296875 0.08828125
0 0.18125 0.84921875 0.05546875 0.08984375
0 0.309375 0.84140625 0.06953125 0.09453125
0 0.9734375 0.80703125 0.03125 0.0890625
0 0.8796875 0.71953125 0.05078125 0.0953125
0 0.1015625 0.73828125 0.03671875 0.0859375
0 0.5234375 0.73359375 0.08046875 0.096875
0 0.85078125 0.8234375 0.05390625 0.09296875
0 0.6875 0.73203125 0.07421875 0.1015625
0 0.6265625 0.8390625 0.07265625 0.09453125
0 0.44765625 0.73828125 0.07421875 0.0953125
0 0.76640625 0.728125 0.06640625 0.1015625
0 0.24453125 0.74921875 0.0515625 0.08984375
0 0.975 0.715625 0.03125 0.08984375
0 0.8328125 0.721875 0.04765625 0.09375