0 0.0375 0.565625 0.04140625 0.09453125
0 0.07265625 0.56484375 0.04296875 0.0984375
0 0.0234375 0.36796875 0.028125 0.0875
0 0.09921875 0.05859375 0.0484375 0.0625
0 0.11875 0.95078125 0.025 0.08828125
0 0.1421875 0.95 0.03046875 0.0890625
0 0.22265625 0.9453125 0.03359375 0.08671875
0 0.8046875 0.91640625 0.0328125 0.096875
0 0.77734375 0.93203125 0.03515625 0.09375
0 0.7828125 0.840625 0.0328125 0.10078125
0 0.809375 0.825 0.034375 0.103125
0 0.75234375 0.8390625 0.02734375 0.08515625
0 0.7203125 0.83828125 0.03359375 0.08828125
0 0.06484375 0.06640625 0.04296875 0.06640625
0 0.2515625 0.34609375 0.0703125 0.09453125
0 0.3546875 0.04765625 0.06953125 0.065625
0 0.490625 0.0484375 0.071875 0.06875
0 0.29296875 0.046875 0.06484375 0.065625
0 0.18828125 0.34765625 0.059375 0.090625
0 0.17421875 0.4453125 0.0640625 0.0984375
0 0.55703125 0.04609375 0.0734375 0.06875
0 0.621875 0.04453125 0.0703125 0.06640625
0 0.090625 0.3546875 0.0484375 0.08828125
0 0.42265625 0.0484375 0.07265625 0.06953125
0 0.3203125 0.34765625 0.07578125 0.09609375
0 0.56328125 0.946875 0.03984375 0.08671875
0 0.0375 0.459375 0.040625 0.0890625
0 0.62421875 0.34375 0.08515625 0.1
0 0.62421875 0.44375 0.08671875 0.10390625
0 0.54609375 0.44609375 0.0859375 0.103125
0 0.303125 0.4421875 0.0765625 0.10078125
0 0.23515625 0.05078125 0.06171875 0.071875
0 0.540625 0.84609375 0.0375 0.09140625
0 0.68359375 0.04609375 0.06796875 0.06875
0 0.7 0.346875 0.07578125 0.1
0 0.05234375 0.3609375 0.0421875 0.08671875
0 0.46953125 0.34921875 0.084375 0.0984375
0 0.11796875 0.4484375 0.05390625 0.09453125
0 0.63125 0.54609375 0.084375 0.1078125
0 0.62421875 0.94375 0.03671875 0.0875
0 0.54921875 0.3453125 0.08046875 0.0984375
0 0.5765625 0.84375 0.03671875 0.08984375
0 0.73828125 0.04375 0.06484375 0.071875
0 0.69765625 0.4421875 0.078125 0.1
0 0.6140625 0.84375 0.0375 0.090625
0 0.171875 0.55625 0.06484375 0.1046875
0 0.18359375 0.0546875 0.05390625 0.078125
0 0.39296875 0.34921875 0.0796875 0.0984375
0 0.2375 0.4421875 0.06328125 0.096875
0 0.0671875 0.8421875 0.021875 0.0921875
0 0.46328125 0.44609375 0.08515625 0.10234375
0 0.76875 0.44375 0.07265625 0.1
0 0.14140625 0.06171875 0.046875 0.08203125
0 0.384375 0.44375 0.08125 0.103125
0 0.184375 0.85078125 0.0296875 0.08984375
0 0.11796875 0.5609375 0.05546875 0.1015625
0 0.4984375 0.8453125 0.0390625 0.09609375
0 0.13203125 0.35078125 0.053125 0.090625
0 0.328125 0.9453125 0.03671875 0.08359375
0 0.10078125 0.95078125 0.028125 0.08671875
0 0.42734375 0.85078125 0.0375 0.09296875
0 0.55 0.5484375 0.08515625 0.10234375
0 0.2359375 0.55546875 0.06640625 0.10546875
0 0.07265625 0.453125 0.04453125 0.0921875
0 0.52734375 0.94453125 0.0375 0.0859375
0 0.1296875 0.85078125 0.02578125 0.090625
0 0.05234375 0.8421875 0.02109375 0.090625
0 0.71015625 0.940625 0.0359375 0.0890625
0 0.4640625 0.54765625 0.084375 0.10703125
0 0.46015625 0.84921875 0.03828125 0.09296875
0 0.24140625 0.85078125 0.03203125 0.09296875
0 0.25859375 0.94609375 0.0328125 0.08359375
0 0.6625 0.94296875 0.0359375 0.08671875
0 0.384375 0.85 0.0375 0.09375
0 0.03203125 0.84609375 0.0203125 0.0921875
0 0.4625 0.95 0.0359375 0.08359375
0 0.6859375 0.84609375 0.034375 0.090625
0 0.7109375 0.5390625 0.0765625 0.1078125
0 0.34609375 0.8515625 0.03828125 0.0921875
0 0.28984375 0.94609375 0.03359375 0.0828125
0 0.21328125 0.85078125 0.0296875 0.09296875
0 0.30859375 0.54921875 0.07734375 0.10390625
0 0.0859375 0.84296875 0.0234375 0.090625
0 0.65234375 0.84140625 0.03515625 0.0921875
0 0.16640625 0.94765625 0.02734375 0.08515625
0 0.05546875 0.9515625 0.02265625 0.08828125
0 0.38125 0.546875 0.078125 0.10234375
0 0.0734375 0.9515625 0.0234375 0.08671875
0 0.2765625 0.85078125 0.034375 0.0921875
0 0.0328125 0.9515625 0.021875 0.0890625
0 0.4296875 0.94296875 0.0359375 0.084375
0 0.315625 0.8546875 0.03046875 0.090625
0 0.36875 0.9453125 0.0328125 0.08359375
0 0.16328125 0.85078125 0.02734375 0.08984375
0 0.11015625 0.85078125 0.0234375 0.09375
0 0.034375 0.075 0.03984375 0.06640625
0 0.73828125 0.93671875 0.03046875 0.0890625
0 0.1421875 0.85078125 0.01953125 0.08984375
0 0.1921875 0.94765625 0.02890625 0.084375