0 0.8109375 0.92265625 0.025 0.0859375
0 0.78359375 0.92734375 0.02890625 0.08671875
0 0.75390625 0.9328125 0.03046875 0.0796875
0 0.7234375 0.934375 0.03203125 0.08515625
0 0.690625 0.93359375 0.03515625 0.0859375
0 0.6578125 0.93671875 0.03515625 0.084375
0 0.584375 0.93671875 0.0359375 0.08671875
0 0.54609375 0.934375 0.03671875 0.08515625
0 0.50703125 0.9359375 0.03828125 0.08984375
0 0.46875 0.9390625 0.0390625 0.0859375
0 0.428125 0.9390625 0.03515625 0.0890625
0 0.353125 0.93984375 0.03359375 0.0859375
0 0.3171875 0.9453125 0.034375 0.08515625
0 0.25 0.9515625 0.03125 0.0875
0 0.21796875 0.9515625 0.03203125 0.08828125
0 0.1875 0.9546875 0.028125 0.084375
0 0.1640625 0.9546875 0.028125 0.08671875
0 0.11484375 0.95703125 0.02421875 0.08515625
0 0.0953125 0.94453125 0.02265625 0.08515625
0 0.0734375 0.940625 0.0203125 0.0875
0 0.0546875 0.9390625 0.01796875 0.0890625
0 0.03828125 0.93671875 0.015625 0.08671875
0 0.021875 0.934375 0.01875 0.08515625
0 0.0203125 0.82890625 0.01640625 0.09140625
0 0.1109375 0.8484375 0.021875 0.08984375
0 0.134375 0.84765625 0.0265625 0.090625
0 0.07109375 0.8484375 0.01875 0.09140625
0 0.0515625 0.8375 0.01796875 0.08984375
0 0.03515625 0.8328125 0.015625 0.0875
0 0.284375 0.846875 0.03203125 0.0890625
0 0.5453125 0.828125 0.03984375 0.090625
0 0.81484375 0.8046875 0.025 0.08984375
0 0.7859375 0.80703125 0.0296875 0.08671875
0 0.721875 0.80078125 0.040625 0.0875
0 0.09140625 0.44765625 0.0453125 0.09140625
0 0.11484375 0.26015625 0.05078125 0.08828125
0 0.2171875 0.26015625 0.0640625 0.08984375
0 0.06484375 0.35234375 0.04453125 0.0875
0 0.3203125 0.840625 0.0359375 0.0921875
0 0.03984375 0.2609375 0.04453125 0.0828125
0 0.16171875 0.26015625 0.05859375 0.090625
0 0.45703125 0.24765625 0.0796875 0.0953125
0 0.15625 0.34921875 0.0546875 0.08984375
0 0.28046875 0.259375 0.0703125 0.09453125
0 0.71875 0.44140625 0.0765625 0.103125
0 0.64609375 0.4421875 0.07890625 0.10234375
0 0.325 0.44453125 0.0765625 0.09765625
0 0.340625 0.6609375 0.07421875 0.1078125
0 0.44375 0.8328125 0.040625 0.09453125
0 0.7234375 0.34609375 0.071875 0.09609375
0 0.27734375 0.34375 0.07109375 0.09296875
0 0.7875 0.34453125 0.06796875 0.10078125
0 0.075 0.26015625 0.04375 0.08515625
0 0.03046875 0.35625 0.03671875 0.08359375
0 0.05078125 0.446875 0.03984375 0.0890625
0 0.57734375 0.34140625 0.07734375 0.09375
0 0.65390625 0.34375 0.075 0.09375
0 0.34453125 0.340625 0.075 0.09453125
0 0.14609375 0.55 0.05859375 0.1015625
0 0.13828125 0.44765625 0.05390625 0.09375
0 0.0421875 0.646875 0.04375 0.1
0 0.55078125 0.246875 0.0796875 0.09765625
0 0.52890625 0.5625 0.0875 0.1046875
0 0.2421875 0.65859375 0.07109375 0.10546875
0 0.63125 0.5515625 0.0859375 0.10859375
0 0.5046875 0.33984375 0.08125 0.09375
0 0.31640625 0.55546875 0.07578125 0.10625
0 0.38984375 0.9421875 0.03515625 0.0875
0 0.25234375 0.446875 0.06953125 0.09609375
0 0.40703125 0.44765625 0.0796875 0.09921875
0 0.6296875 0.2546875 0.07890625 0.09921875
0 0.55234375 0.66484375 0.08828125 0.10546875
0 0.3578125 0.253125 0.07734375 0.09296875
0 0.771875 0.26171875 0.06875 0.09375
0 0.58203125 0.82578125 0.04296875 0.09375
0 0.72890625 0.54375 0.08203125 0.10703125
0 0.10703125 0.3515625 0.0515625 0.0890625
0 0.190625 0.4453125 0.059375 0.09765625
0 0.4203125 0.559375 0.08828125 0.109375
0 0.4234375 0.340625 0.07890625 0.09453125
0 0.56640625 0.44609375 0.08203125 0.103125
0 0.3578125 0.840625 0.040625 0.09296875
0 0.21796875 0.5515625 0.06953125 0.10234375
0 0.21171875 0.3484375 0.0640625 0.0921875
0 0.71015625 0.2609375 0.071875 0.09375
0 0.15546875 0.65625 0.0640625 0.10390625
0 0.25234375 0.84453125 0.03203125 0.09140625
0 0.040625 0.834375 0.02109375 0.08671875
0 0.78984375 0.43671875 0.07578125 0.1125
0 0.4859375 0.83046875 0.03984375 0.09296875
0 0.21953125 0.8453125 0.0296875 0.0921875
0 0.6578125 0.65546875 0.08203125 0.109375
0 0.80625 0.53046875 0.075 0.11171875
0 0.44453125 0.66640625 0.0890625 0.1078125
0 0.03671875 0.5421875 0.04140625 0.0953125
0 0.084375 0.54609375 0.04921875 0.09765625
0 0.1875 0.8453125 0.0296875 0.09296875
0 0.39765625 0.8390625 0.0375 0.0953125
0 0.74296875 0.6453125 0.08046875 0.11015625
0 0.0921875 0.84765625 0.02265625 0.090625
0 0.16171875 0.84765625 0.0265625 0.09140625
0 0.63671875 0.80546875 0.04140625 0.09375
0 0.09453125 0.6515625 0.04921875 0.0984375
0 0.81171875 0.63125 0.071875 0.11328125
0 0.28203125 0.946875 0.03125 0.08515625
0 0.6203125 0.93828125 0.0359375 0.0875
0 0.140625 0.9546875 0.02578125 0.08828125
0 0.671875 0.8 0.0390625 0.09453125
0 0.48203125 0.44609375 0.08125 0.1