0 0.77734375 0.4578125 0.075 0.1140625
0 0.69765625 0.44296875 0.08046875 0.1
0 0.77734375 0.95390625 0.0296875 0.08359375
0 0.5015625 0.95 0.03984375 0.08046875
0 0.46484375 0.95234375 0.03984375 0.07734375
0 0.02265625 0.65 0.0265625 0.1
0 0.01875 0.54921875 0.01953125 0.09765625
0 0.02109375 0.4546875 0.02421875 0.09375
0 0.01796875 0.8546875 0.015625 0.0890625
0 0.07109375 0.94765625 0.021875 0.08515625
0 0.125 0.95234375 0.02734375 0.0859375
0 0.53203125 0.0140625 0.0671875 0.01328125
0 0.596875 0.01015625 0.0640625 0.0203125
0 0.65625 0.01015625 0.0609375 0.0203125
0 0.71328125 0.01015625 0.0578125 0.0203125
0 0.81875 0.56640625 0.059375 0.11171875
0 0.78046875 0.27265625 0.0578125 0.11015625
0 0.2140625 0.4453125 0.06796875 0.1015625
0 0.06328125 0.353125 0.04296875 0.08984375
0 0.609375 0.446875 0.08671875 0.10703125
0 0.30078125 0.45078125 0.08125 0.10390625
0 0.4671875 0.8421875 0.04140625 0.09609375
0 0.05078125 0.4515625 0.04140625 0.090625
0 0.14296875 0.44765625 0.05859375 0.09765625
0 0.15703125 0.265625 0.0578125 0.0859375
0 0.15625 0.34921875 0.05625 0.08984375
0 0.1875 0.18125 0.065625 0.0859375
0 0.0921875 0.44765625 0.04765625 0.09375
0 0.27734375 0.34375 0.0734375 0.09375
0 0.3421875 0.25703125 0.075 0.09140625
0 0.65546875 0.34375 0.0765625 0.09765625
0 0.27421875 0.2609375 0.06953125 0.090625
0 0.5078125 0.44921875 0.0875 0.1078125
0 0.603125 0.95078125 0.040625 0.08828125
0 0.50078125 0.340625 0.0859375 0.09921875
0 0.578125 0.34296875 0.0796875 0.0984375
0 0.43125 0.84609375 0.03828125 0.09765625
0 0.03671875 0.27265625 0.04140625 0.08125
0 0.02890625 0.35703125 0.03671875 0.08515625
0 0.37578125 0.1703125 0.078125 0.08671875
0 0.44375 0.559375 0.0859375 0.10625
0 0.40234375 0.45078125 0.08671875 0.10859375
0 0.10625 0.3515625 0.053125 0.0890625
0 0.36953125 0.84921875 0.03828125 0.09296875
0 0.6625 0.95078125 0.0375 0.08828125
0 0.04296875 0.94453125 0.02109375 0.08671875
0 0.30546875 0.1703125 0.071875 0.0890625
0 0.0609375 0.19140625 0.04453125 0.07890625
0 0.346875 0.34140625 0.078125 0.0953125
0 0.7171875 0.259375 0.078125 0.09140625
0 0.4171875 0.253125 0.0796875 0.0921875
0 0.11015625 0.26953125 0.05390625 0.084375
0 0.2421875 0.85078125 0.03359375 0.09375
0 0.684375 0.6796875 0.08046875 0.109375
0 0.425 0.340625 0.08125 0.09609375
0 0.215625 0.55625 0.06640625 0.10390625
0 0.446875 0.1734375 0.07890625 0.0859375
0 0.24375 0.17578125 0.06640625 0.08671875
0 0.5359375 0.8390625 0.0421875 0.0953125
0 0.5171875 0.66875 0.07890625 0.10859375
0 0.56640625 0.25625 0.078125 0.09609375
0 0.278125 0.66640625 0.0703125 0.103125
0 0.7203125 0.3484375 0.0734375 0.0984375
0 0.21171875 0.3484375 0.065625 0.0921875
0 0.35703125 0.665625 0.071875 0.1046875
0 0.64375 0.2578125 0.0765625 0.0984375
0 0.65390625 0.83515625 0.04296875 0.0953125
0 0.0703125 0.27109375 0.0515625 0.08203125
0 0.59453125 0.1734375 0.078125 0.0859375
0 0.30625 0.95234375 0.0359375 0.08671875
0 0.0515625 0.55078125 0.04375 0.09609375
0 0.5703125 0.83828125 0.04296875 0.096875
0 0.28515625 0.5578125 0.07265625 0.10546875
0 0.0671875 0.8421875 0.021875 0.09140625
0 0.1953125 0.85078125 0.03203125 0.0921875
0 0.21328125 0.26015625 0.0640625 0.08359375
0 0.14296875 0.55234375 0.0609375 0.1
0 0.3671875 0.9546875 0.03984375 0.0875
0 0.49140625 0.2546875 0.08125 0.09453125
0 0.51875 0.1703125 0.07890625 0.084375
0 0.04765625 0.8421875 0.02109375 0.0890625
0 0.096875 0.55078125 0.0484375 0.09609375
0 0.7859375 0.36640625 0.065625 0.10546875
0 0.1375 0.66171875 0.04453125 0.1015625
0 0.61328125 0.56484375 0.0828125 0.10859375
0 0.12890625 0.85078125 0.02421875 0.090625
0 0.221875 0.9515625 0.03359375 0.0875
0 0.60390625 0.6765625 0.08125 0.109375
0 0.61640625 0.82890625 0.0421875 0.0953125
0 0.7484375 0.9515625 0.0375 0.0875
0 0.36484375 0.56015625 0.0703125 0.10390625
0 0.66015625 0.17734375 0.07109375 0.08671875
0 0.7609375 0.56953125 0.07109375 0.1046875
0 0.52890625 0.5640625 0.08671875 0.10390625
0 0.68671875 0.8421875 0.0375 0.09453125
0 0.4015625 0.95234375 0.04140625 0.0859375
0 0.27265625 0.953125 0.03515625 0.0859375
0 0.27421875 0.85078125 0.03515625 0.09453125
0 0.1640625 0.8515625 0.02890625 0.08984375
0 0.20703125 0.66328125 0.06640625 0.10390625
0 0.56640625 0.95546875 0.0390625 0.08515625
0 0.4359375 0.66484375 0.0796875 0.10546875
0 0.096875 0.18984375 0.05390625 0.08046875
0 0.0265625 0.94453125 0.01953125 0.08515625
0 0.33203125 0.85078125 0.03671875 0.09375
0 0.13671875 0.18984375 0.0515625 0.0796875
0 0.81484375 0.67734375 0.06875 0.10703125
0 0.0328125 0.84375 0.0203125 0.08984375
0 0.05625 0.65625 0.04296875 0.096875
0 0.0859375 0.8421875 0.0234375 0.090625
0 0.1921875 0.95625 0.03046875 0.0875
0 0.72265625 0.84453125 0.0375 0.09296875
0 0.6984375 0.9515625 0.03515625 0.08984375
0 0.09140625 0.94765625 0.0234375 0.0859375
0 0.7203125 0.18125 0.07421875 0.0875
0 0.759375 0.678125 0.075 0.10625
0 0.15234375 0.9515625 0.028125 0.08984375
0 0.09921875 0.659375 0.046875 0.0984375
0 0.0578125 0.9453125 0.01796875 0.0859375
0 0.68828125 0.56875 0.0765625 0.10625
0 0.0265625 0.1953125 0.03515625 0.078125