0 0.46640625 0.21328125 0.08125 0.08828125
0 0.240625 0.68046875 0.07578125 0.1109375
0 0.1578125 0.68203125 0.0578125 0.10390625
0 0.09140625 0.68203125 0.04453125 0.103125
0 0.01796875 0.86640625 0.015625 0.0875
0 0.0328125 0.86875 0.01796875 0.08828125
0 0.6359375 0.87890625 0.03984375 0.09296875
0 0.671875 0.88828125 0.0328125 0.08359375
0 0.70390625 0.89296875 0.03359375 0.08203125
0 0.7359375 0.88828125 0.028125 0.09296875
0 0.76484375 0.88828125 0.03125 0.09375
0 0.79453125 0.884375 0.028125 0.09375
0 0.746875 0.97421875 0.034375 0.0515625
0 0.715625 0.96796875 0.04296875 0.0640625
0 0.66796875 0.96796875 0.03359375 0.0640625
0 0.63203125 0.96796875 0.03828125 0.0640625
0 0.59375 0.96484375 0.040625 0.06328125
0 0.55625 0.959375 0.0390625 0.06796875
0 0.51640625 0.9578125 0.03671875 0.06875
0 0.42265625 0.959375 0.0390625 0.07265625
0 0.1296875 0.8828125 0.025 0.08828125
0 0.109375 0.8796875 0.02578125 0.0921875
0 0.06171875 0.96171875 0.0203125 0.0765625
0 0.08046875 0.96328125 0.0203125 0.0734375
0 0.10078125 0.96328125 0.0234375 0.0734375
0 0.1234375 0.96484375 0.02578125 0.0703125
0 0.146875 0.965625 0.02734375 0.06796875
0 0.1734375 0.96484375 0.03046875 0.06953125
0 0.01875 0.67890625 0.0171875 0.1015625
0 0.13359375 0.56953125 0.053125 0.1
0 0.5921875 0.14765625 0.07421875 0.06953125
0 0.5046875 0.69609375 0.10234375 0.15390625
0 0.2078125 0.0484375 0.059375 0.08359375
0 0.46640625 0.071875 0.07578125 0.08203125
0 0.31953125 0.065625 0.06953125 0.0796875
0 0.3890625 0.06875 0.071875 0.075
0 0.55703125 0.07578125 0.07578125 0.08125
0 0.2515625 0.13203125 0.06953125 0.07734375
0 0.0375 0.35703125 0.046875 0.08984375
0 0.37734375 0.14296875 0.0734375 0.07890625
0 0.5640625 0.21484375 0.0765625 0.0890625
0 0.07734375 0.47109375 0.04921875 0.09609375
0 0.153125 0.040625 0.05078125 0.07265625
0 0.26015625 0.05859375 0.0640625 0.08359375
0 0.5171875 0.34296875 0.08671875 0.103125
0 0.0921875 0.209375 0.04765625 0.08046875
0 0.41640625 0.34296875 0.08515625 0.103125
0 0.03984375 0.47890625 0.0453125 0.09453125
0 0.64765625 0.22109375 0.07578125 0.08984375
0 0.54921875 0.453125 0.090625 0.10546875
0 0.4328125 0.875 0.04140625 0.0921875
0 0.1015625 0.0421875 0.05234375 0.06953125
0 0.05390625 0.20625 0.04296875 0.0796875
0 0.61875 0.35 0.0859375 0.109375
0 0.64140625 0.08046875 0.06796875 0.075
0 0.23671875 0.4640625 0.071875 0.103125
0 0.4640625 0.45234375 0.0875 0.1046875
0 0.625 0.45859375 0.0859375 0.1046875
0 0.15390625 0.11875 0.053125 0.09375
0 0.23359375 0.3671875 0.07109375 0.10234375
0 0.49296875 0.56953125 0.0875 0.1109375
0 0.3171875 0.3484375 0.08046875 0.10546875
0 0.7109375 0.353125 0.07890625 0.11328125
0 0.65703125 0.153125 0.07265625 0.07734375
0 0.715625 0.2265625 0.071875 0.08671875
0 0.04765625 0.6796875 0.0453125 0.0984375
0 0.07578125 0.359375 0.04765625 0.0921875
0 0.596875 0.875 0.0390625 0.09140625
0 0.19453125 0.12265625 0.05859375 0.084375
0 0.0890625 0.57265625 0.0484375 0.09765625
0 0.17734375 0.465625 0.0625 0.09921875
0 0.3125 0.13984375 0.06640625 0.07578125
0 0.3921875 0.87734375 0.04140625 0.09296875
0 0.32578125 0.678125 0.08359375 0.109375
0 0.55546875 0.871875 0.0390625 0.09453125
0 0.2578125 0.56796875 0.0765625 0.10859375
0 0.51015625 0.87265625 0.03984375 0.09453125
0 0.12109375 0.36015625 0.0546875 0.09375
0 0.44921875 0.1453125 0.0765625 0.0734375
0 0.575 0.56875 0.090625 0.10703125
0 0.1890625 0.56875 0.06640625 0.1046875
0 0.134375 0.21171875 0.059375 0.084375
0 0.3109375 0.4625 0.07734375 0.1015625
0 0.69921875 0.46328125 0.08125 0.10390625
0 0.66015625 0.56953125 0.0875 0.1140625
0 0.34375 0.8765625 0.03984375 0.09296875
0 0.23984375 0.87890625 0.0359375 0.09296875
0 0.38203125 0.9640625 0.03828125 0.071875
0 0.7421875 0.57578125 0.084375 0.1125
0 0.27421875 0.878125 0.0375 0.0921875
0 0.07421875 0.1125 0.04921875 0.07890625
0 0.1125 0.11640625 0.04921875 0.08984375
0 0.33125 0.5703125 0.08359375 0.1046875
0 0.3125 0.87734375 0.03671875 0.09140625
0 0.05078125 0.87265625 0.0234375 0.08671875
0 0.38515625 0.4578125 0.08125 0.1078125
0 0.46953125 0.87421875 0.03984375 0.08984375
0 0.06640625 0.875 0.02265625 0.0890625
0 0.18046875 0.8796875 0.0328125 0.09296875
0 0.71875 0.1609375 0.06875 0.0796875
0 0.51875 0.14765625 0.07421875 0.0734375
0 0.4140625 0.5703125 0.08828125 0.11015625
0 0.41171875 0.68125 0.08828125 0.1109375
0 0.29140625 0.9671875 0.03671875 0.065625
0 0.16875 0.36171875 0.0625 0.096875
0 0.475 0.95390625 0.040625 0.075
0 0.23984375 0.96640625 0.0328125 0.06640625
0 0.1546875 0.88046875 0.02890625 0.09140625
0 0.77421875 0.46015625 0.0796875 0.1203125
0 0.1203125 0.47265625 0.06171875 0.1
0 0.05546875 0.05546875 0.04609375 0.06796875
0 0.32734375 0.965625 0.0390625 0.06875
0 0.0890625 0.87734375 0.025 0.08984375
0 0.21484375 0.8796875 0.0328125 0.090625
0 0.21171875 0.96640625 0.034375 0.06640625
0 0.02578125 0.959375 0.0234375 0.08046875
0 0.046875 0.9609375 0.02109375 0.078125