0 0.01953125 0.8546875 0.0171875 0.08828125
0 0.01484375 0.94453125 0.01015625 0.08203125
0 0.80390625 0.66875 0.06640625 0.10234375
0 0.0796875 0.946875 0.02265625 0.08828125
0 0.1078125 0.85546875 0.025 0.090625
0 0.61171875 0.55859375 0.08515625 0.109375
0 0.7109375 0.55625 0.07890625 0.11328125
0 0.79296875 0.5578125 0.059375 0.11484375
0 0.7171875 0.44375 0.07578125 0.10390625
0 0.78359375 0.45625 0.06171875 0.1109375
0 0.7875 0.365625 0.05859375 0.11015625
0 0.49453125 0.24921875 0.0765625 0.08671875
0 0.41796875 0.25 0.07734375 0.08515625
0 0.3421875 0.2546875 0.07578125 0.08671875
0 0.2734375 0.2578125 0.06875 0.084375
0 0.21015625 0.259375 0.06328125 0.08671875
0 0.01796875 0.26953125 0.01484375 0.08359375
0 0.03515625 0.2703125 0.0390625 0.0796875
0 0.02109375 0.1734375 0.021875 0.07421875
0 0.05 0.1734375 0.0421875 0.0796875
0 0.09609375 0.16796875 0.04765625 0.08046875
0 0.153125 0.159375 0.05703125 0.07578125
0 0.28203125 0.16015625 0.071875 0.08046875
0 0.3484375 0.16796875 0.07890625 0.08359375
0 0.71328125 0.17890625 0.06875 0.0875
0 0.77421875 0.20078125 0.059375 0.09296875
0 0.7515625 0.09453125 0.0640625 0.07265625
0 0.6765625 0.08515625 0.06875 0.06484375
0 0.59296875 0.08046875 0.07109375 0.06484375
0 0.5015625 0.07734375 0.07109375 0.06640625
0 0.41171875 0.07734375 0.07265625 0.065625
0 0.321875 0.0796875 0.0671875 0.06484375
0 0.42421875 0.953125 0.0390625 0.08515625
0 0.48359375 0.95234375 0.0375 0.07734375
0 0.52421875 0.95 0.0390625 0.08046875
0 0.03515625 0.9453125 0.01953125 0.08359375
0 0.12890625 0.85 0.0234375 0.090625
0 0.16171875 0.95 0.0296875 0.08828125
0 0.13671875 0.9484375 0.028125 0.0875
0 0.20625 0.94765625 0.0296875 0.09140625
0 0.24375 0.08046875 0.06875 0.0859375
0 0.09140625 0.44765625 0.04609375 0.09140625
0 0.4671875 0.8484375 0.040625 0.0953125
0 0.64609375 0.16953125 0.075 0.08359375
0 0.64609375 0.4421875 0.0796875 0.103125
0 0.0640625 0.35234375 0.04375 0.0890625
0 0.5078125 0.56640625 0.0890625 0.109375
0 0.325 0.44375 0.07734375 0.0984375
0 0.15625 0.34921875 0.05546875 0.090625
0 0.65546875 0.34375 0.0765625 0.09765625
0 0.27734375 0.34375 0.07265625 0.09296875
0 0.42890625 0.16484375 0.0765625 0.0875
0 0.5703125 0.8484375 0.03984375 0.0921875
0 0.1578125 0.26484375 0.0578125 0.0875
0 0.0296875 0.35625 0.0375 0.084375
0 0.578125 0.34296875 0.07890625 0.09765625
0 0.0515625 0.446875 0.040625 0.08984375
0 0.2171875 0.67265625 0.0671875 0.10703125
0 0.1109375 0.26875 0.05546875 0.08671875
0 0.18984375 0.44453125 0.0625 0.0984375
0 0.0703125 0.27109375 0.05390625 0.084375
0 0.58125 0.67109375 0.08515625 0.1078125
0 0.5015625 0.340625 0.08359375 0.0984375
0 0.36953125 0.8484375 0.0375 0.0921875
0 0.40078125 0.5609375 0.0875 0.10859375
0 0.13828125 0.44765625 0.0546875 0.09453125
0 0.309375 0.6703125 0.08046875 0.11015625
0 0.565625 0.44609375 0.084375 0.1046875
0 0.346875 0.34140625 0.078125 0.09453125
0 0.64921875 0.840625 0.040625 0.09375
0 0.24140625 0.85078125 0.03203125 0.09375
0 0.6234375 0.94921875 0.03828125 0.08671875
0 0.1765625 0.08359375 0.06640625 0.08203125
0 0.425 0.340625 0.0796875 0.0953125
0 0.40625 0.44765625 0.08203125 0.1
0 0.25234375 0.446875 0.0703125 0.096875
0 0.64609375 0.25703125 0.075 0.0984375
0 0.0265625 0.54375 0.03984375 0.0984375
0 0.29765625 0.55546875 0.07734375 0.1078125
0 0.496875 0.66953125 0.07734375 0.10625
0 0.66484375 0.6671875 0.07890625 0.10859375
0 0.43125 0.84765625 0.0375 0.0953125
0 0.209375 0.5515625 0.06875 0.103125
0 0.41796875 0.6671875 0.084375 0.10625
0 0.2890625 0.9515625 0.0359375 0.0875
0 0.72421875 0.35 0.07421875 0.10078125
0 0.5734375 0.16484375 0.07578125 0.084375
0 0.10703125 0.3515625 0.0515625 0.0890625
0 0.0734375 0.5453125 0.0453125 0.09921875
0 0.71171875 0.26171875 0.07109375 0.09453125
0 0.0671875 0.84140625 0.02109375 0.09140625
0 0.53515625 0.8484375 0.03984375 0.09609375
0 0.21171875 0.34765625 0.0640625 0.09140625
0 0.1953125 0.85078125 0.0296875 0.09140625
0 0.1640625 0.8515625 0.02734375 0.08984375
0 0.584375 0.9546875 0.0359375 0.08515625
0 0.13203125 0.5484375 0.0578125 0.10078125
0 0.5046875 0.1609375 0.0765625 0.0859375
0 0.61015625 0.8421875 0.0390625 0.09375
0 0.0484375 0.84140625 0.02109375 0.0890625
0 0.27421875 0.85078125 0.03359375 0.09375
0 0.66796875 0.94453125 0.0375 0.09140625
0 0.48671875 0.44765625 0.0875 0.103125
0 0.33203125 0.85078125 0.03515625 0.09296875
0 0.07265625 0.08828125 0.05625 0.0875
0 0.38203125 0.95625 0.03671875 0.0859375
0 0.03203125 0.09765625 0.04375 0.084375
0 0.140625 0.6703125 0.0609375 0.1015625
0 0.2359375 0.9484375 0.03203125 0.0859375
0 0.03203125 0.84375 0.01953125 0.08984375
0 0.02734375 0.66015625 0.0359375 0.10078125
0 0.68984375 0.83828125 0.0390625 0.0953125
0 0.0859375 0.8421875 0.02265625 0.090625
0 0.10234375 0.94765625 0.02421875 0.08828125
0 0.77734375 0.28203125 0.07109375 0.10234375
0 0.32578125 0.95078125 0.0359375 0.08671875
0 0.74296875 0.66796875 0.075 0.109375
0 0.07734375 0.665625 0.0484375 0.10390625
0 0.72265625 0.84453125 0.0375 0.09140625
0 0.05 0.946875 0.02109375 0.0859375
0 0.70234375 0.9359375 0.03515625 0.09375
0 0.11953125 0.0796875 0.053125 0.06484375
0 0.21328125 0.15625 0.06328125 0.07421875
0 0.56953125 0.25625 0.0765625 0.0953125